1548929702.223327,0
1548929702.236821,2
1548929702.249021,7
1548929702.261395,8
1548929702.274049,24
1548929702.286969,27
1548929702.300589,30
1548929702.314217,39
1548929702.327741,43
1548929702.341429,56
1548929702.354896,66
1548929702.368342,73
1548929702.381709,83
1548929702.395066,99
1548929702.408408,109
1548929702.421670,117
1548929702.435017,136
1548929702.448660,137
1548929702.462454,153
1548929702.476046,160
1548929702.489570,175
1548929702.502935,193
1548929702.516233,199
1548929702.529506,200
1548929702.542795,200
1548929702.556257,200
1548929702.569573,200
1548929702.582819,200
1548929702.596324,200
1548929702.609707,199
1548929702.622978,200
1548929702.636224,200
1548929702.649407,199
1548929702.662719,200
1548929702.675949,200
1548929702.689345,200
1548929702.702692,199
1548929702.715940,200
1548929702.729177,199
1548929702.742568,199
1548929702.755807,200
1548929702.769332,197
1548929702.782631,200
1548929702.795929,199
1548929702.809257,199
1548929702.822742,198
1548929702.836604,200
1548929702.849809,199
1548929702.863294,200
1548929702.876601,199
1548929702.889853,200
1548929702.903130,200
1548929702.916482,199
1548929702.929752,199
1548929702.942967,200
1548929702.956219,200
1548929702.969477,199
1548929702.982773,193
1548929702.995759,200
1548929703.009102,199
1548929703.022341,200
1548929703.035571,199
1548929703.048850,200
1548929703.062013,200
1548929703.075278,193
1548929703.088559,200
1548929703.101887,198
1548929703.115389,191
1548929703.128646,195
1548929703.141858,198
1548929703.155220,194
1548929703.168596,180
1548929703.181563,165
1548929703.195163,165
1548929703.208853,146
1548929703.222354,155
1548929703.234854,170
1548929703.248339,182
1548929703.261564,197
1548929703.274839,198
1548929703.288262,195
1548929703.301479,200
1548929703.314739,198
1548929703.327963,191
1548929703.341220,182
1548929703.354522,188
1548929703.367798,196
1548929703.381041,197
1548929703.394295,200
1548929703.407617,200
1548929703.420932,192
1548929703.434391,200
1548929703.447771,194
1548929703.461052,198
1548929703.474371,200
1548929703.487349,196
1548929703.500796,192
1548929703.514107,197
1548929703.527453,200
1548929703.541095,200
1548929703.554379,200
1548929703.567621,199
1548929703.580876,199
1548929703.594276,195
1548929703.607609,199
1548929703.620621,195
1548929703.634449,200
1548929703.647905,198
1548929703.661447,198
1548929703.674786,200
1548929703.688425,200
1548929703.702001,197
1548929703.715383,197
1548929703.729339,197
1548929703.743065,200
1548929703.756655,199
1548929703.769998,200
1548929703.783383,197
1548929703.796813,199
1548929703.810143,197
1548929703.823496,193
1548929703.836808,194
1548929703.850190,198
1548929703.863515,199
1548929703.876851,200
1548929703.890164,195
1548929703.903630,199
1548929703.917084,200
1548929703.930386,197
1548929703.943693,197
1548929703.957152,197
1548929703.970453,198
1548929703.983755,200
1548929703.997280,200
1548929704.010695,198
1548929704.024026,194
1548929704.037564,197
1548929704.050885,198
1548929704.064925,198
1548929704.078662,199
1548929704.091104,199
1548929704.103386,200
1548929704.115737,200
1548929704.128611,195
1548929704.141908,197
1548929704.155750,200
1548929704.169328,199
1548929704.182620,199
1548929704.194518,198
1548929704.206877,199
1548929704.219564,196
1548929704.232571,199
1548929704.245950,197
1548929704.259507,197
1548929704.272859,199
1548929704.286234,198
1548929704.299813,198
1548929704.313131,196
1548929704.326457,196
1548929704.339716,195
1548929704.352947,198
1548929704.366585,200
1548929704.379848,198
1548929704.393191,197
1548929704.406338,199
1548929704.419955,197
1548929704.433564,197
1548929704.447134,197
1548929704.459261,198
1548929704.471422,195
1548929704.484275,199
1548929704.495835,199
1548929704.508356,198
1548929704.521502,195
1548929704.534453,195
1548929704.547393,196
1548929704.560734,197
1548929704.572314,199
1548929704.585114,194
1548929704.598142,197
1548929704.611312,198
1548929704.624814,200
1548929704.638119,195
1548929704.651702,197
1548929704.663584,200
1548929704.676348,197
1548929704.689609,200
1548929704.702910,191
1548929704.716660,192
1548929704.730360,194
1548929704.744069,195
1548929704.757534,195
1548929704.770860,191
1548929704.784172,188
1548929704.797440,179
1548929704.810809,171
1548929704.824142,162
1548929704.837407,147
1548929704.850702,137
1548929704.863984,146
1548929704.877239,146
1548929704.890505,147
1548929704.903814,152
1548929704.917097,161
1548929704.930380,170
1548929704.943655,178
1548929704.956892,186
1548929704.970179,197
1548929704.983515,199
1548929704.996786,199
1548929705.010056,199
1548929705.023357,199
1548929705.036635,198
1548929705.049883,198
1548929705.063200,198
1548929705.076907,200
1548929705.090657,197
1548929705.104160,195
1548929705.117520,199
1548929705.130952,198
1548929705.144371,198
1548929705.158119,198
1548929705.171322,199
1548929705.185098,199
1548929705.198471,195
1548929705.211881,199
1548929705.225184,199
1548929705.238518,197
1548929705.251944,198
1548929705.265448,196
1548929705.279037,199
1548929705.292430,199
1548929705.305779,200
1548929705.319211,198
1548929705.332500,199
1548929705.345797,200
1548929705.359102,200
1548929705.372320,198
1548929705.385532,193
1548929705.398854,198
1548929705.412554,197
1548929705.425857,199
1548929705.439132,198
1548929705.452501,197
1548929705.465750,200
1548929705.479058,199
1548929705.492312,194
1548929705.505643,196
1548929705.518754,198
1548929705.532037,199
1548929705.545400,199
1548929705.558798,200
1548929705.572081,195
1548929705.585336,198
1548929705.598661,200
1548929705.612266,197
1548929705.625527,195
1548929705.638844,194
1548929705.652347,196
1548929705.665655,196
1548929705.678234,198
1548929705.691361,199
1548929705.704705,196
1548929705.717947,197
1548929705.729962,196
1548929705.743134,199
1548929705.756225,194
1548929705.769516,195
1548929705.782697,194
1548929705.796034,197
1548929705.809341,196
1548929705.823024,199
1548929705.836333,195
1548929705.849573,195
1548929705.863125,194
1548929705.876419,198
1548929705.889660,196
1548929705.902956,196
1548929705.916309,190
1548929705.929580,176
1548929705.942852,148
1548929705.956104,135
1548929705.969866,128
1548929705.983181,116
1548929705.996696,111
1548929706.010154,109
1548929706.023432,110
1548929706.036721,112
1548929706.049984,111
1548929706.063251,111
1548929706.076572,112
1548929706.089846,114
1548929706.103113,116
1548929706.116371,114
1548929706.129594,116
1548929706.142852,117
1548929706.156980,117
1548929706.170318,117
1548929706.183582,117
1548929706.196828,116
1548929706.210068,119
1548929706.223376,120
1548929706.236653,120
1548929706.249946,120
1548929706.263229,118
1548929706.276532,122
1548929706.290031,122
1548929706.303386,124
1548929706.316647,123
1548929706.329936,122
1548929706.343197,121
1548929706.356493,124
1548929706.369735,124
1548929706.383154,124
1548929706.396947,125
1548929706.410607,124
1548929706.424677,126
1548929706.438224,127
1548929706.451631,126
1548929706.464963,128
1548929706.478311,129
1548929706.491689,128
1548929706.505062,128
1548929706.518424,128
1548929706.531812,129
1548929706.545165,128
1548929706.558514,132
1548929706.571892,131
1548929706.585142,131
1548929706.598356,131
1548929706.611534,131
1548929706.624895,130
1548929706.638204,133
1548929706.651511,136
1548929706.664985,134
1548929706.678306,136
1548929706.691584,133
1548929706.704818,137
1548929706.718105,138
1548929706.731378,136
1548929706.744663,134
1548929706.757951,134
1548929706.771263,134
1548929706.784619,135
1548929706.798108,138
1548929706.811365,139
1548929706.824606,139
1548929706.837845,140
1548929706.851110,140
1548929706.864370,140
1548929706.877593,141
1548929706.890837,140
1548929706.904136,142
1548929706.917525,143
1548929706.930765,143
1548929706.943946,140
1548929706.957193,143
1548929706.970449,143
1548929706.983968,144
1548929706.997486,144
1548929707.011020,145
1548929707.024509,145
1548929707.037852,146
1548929707.051167,143
1548929707.064407,143
1548929707.077794,144
1548929707.091139,147
1548929707.104425,147
1548929707.117703,148
1548929707.131075,145
1548929707.144353,151
1548929707.157596,149
1548929707.170872,156
1548929707.184432,165
1548929707.197618,176
1548929707.210941,175
1548929707.224205,174
1548929707.237464,174
1548929707.250798,175
1548929707.264100,176
1548929707.277366,177
1548929707.290634,177
1548929707.303979,180
1548929707.317293,177
1548929707.330672,180
1548929707.344329,179
1548929707.358051,178
1548929707.371547,176
1548929707.384847,181
1548929707.398127,179
1548929707.411358,183
1548929707.424620,181
1548929707.437870,183
1548929707.451173,182
1548929707.464557,182
1548929707.477840,181
1548929707.491095,182
1548929707.504360,185
1548929707.517726,182
1548929707.531001,187
1548929707.544272,184
1548929707.557533,187
1548929707.570782,185
1548929707.584047,186
1548929707.597268,185
1548929707.610571,188
1548929707.623835,185
1548929707.637058,191
1548929707.650386,191
1548929707.663673,190
1548929707.676896,190
1548929707.690516,186
1548929707.703835,188
1548929707.717120,188
1548929707.730425,189
1548929707.743703,190
1548929707.756971,193
1548929707.770259,193
1548929707.783565,193
1548929707.796862,192
1548929707.810141,189
1548929707.823584,192
1548929707.836805,191
1548929707.850096,194
1548929707.863359,193
1548929707.876630,194
1548929707.889912,195
1548929707.903225,198
1548929707.916503,196
1548929707.930080,196
1548929707.943406,195
1548929707.956701,195
1548929707.969984,196
1548929707.983287,195
1548929707.996547,200
1548929708.009812,198
1548929708.023077,198
1548929708.036343,196
1548929708.050035,194
1548929708.063438,195
1548929708.076883,196
1548929708.090189,198
1548929708.103697,198
1548929708.116979,198
1548929708.130259,196
1548929708.143520,197
1548929708.156844,197
1548929708.170185,199
1548929708.183439,198
1548929708.196821,196
1548929708.210092,200
1548929708.223347,198
1548929708.236594,199
1548929708.249838,198
1548929708.263185,197
1548929708.276483,198
1548929708.289800,198
1548929708.303146,197
1548929708.316453,195
1548929708.329850,196
1548929708.343138,199
1548929708.356542,197
1548929708.370040,199
1548929708.383310,196
1548929708.396583,199
1548929708.410029,198
1548929708.424109,199
1548929708.438172,200
1548929708.451655,198
1548929708.465008,197
1548929708.477302,199
1548929708.490329,200
1548929708.503402,196
1548929708.516670,199
1548929708.529930,197
1548929708.543135,199
1548929708.556418,199
1548929708.570257,197
1548929708.584413,199
1548929708.597692,199
1548929708.610945,200
1548929708.624262,197
1548929708.637557,198
1548929708.650742,197
1548929708.663818,198
1548929708.677651,199
1548929708.691095,199
1548929708.704344,200
1548929708.717740,197
1548929708.731610,200
1548929708.744843,199
1548929708.757306,198
1548929708.770407,197
1548929708.783724,197
1548929708.796933,200
1548929708.809898,198
1548929708.822780,199
1548929708.836021,199
1548929708.849506,198
1548929708.863173,195
1548929708.876427,197
1548929708.889660,193
1548929708.902956,178
1548929708.916221,169
1548929708.929462,171
1548929708.942721,175
1548929708.956057,180
1548929708.969235,181
1548929708.982938,175
1548929708.996236,191
1548929709.009753,177
1548929709.023004,164
1548929709.036308,170
1548929709.049667,170
1548929709.062962,173
1548929709.076660,184
1548929709.090136,195
1548929709.103576,199
1548929709.116892,200
1548929709.130126,200
1548929709.143468,196
1548929709.156736,199
1548929709.170011,196
1548929709.183322,195
1548929709.196672,196
1548929709.209965,198
1548929709.223363,198
1548929709.236727,198
1548929709.249982,199
1548929709.263360,198
1548929709.276689,198
1548929709.290011,197
1548929709.303311,195
1548929709.316614,198
1548929709.329895,199
1548929709.343225,198
1548929709.356658,198
1548929709.369113,198
1548929709.382245,200
1548929709.395634,198
1548929709.408909,200
1548929709.422227,199
1548929709.435583,197
1548929709.449094,198
1548929709.462864,198
1548929709.476586,198
1548929709.489958,196
1548929709.504426,198
1548929709.517840,200
1548929709.531470,198
1548929709.545095,199
1548929709.558418,198
1548929709.571068,198
1548929709.583792,198
1548929709.596910,199
1548929709.610310,199
1548929709.623413,196
1548929709.636958,199
1548929709.650352,200
1548929709.663611,198
1548929709.676876,194
1548929709.690257,198
1548929709.703846,198
1548929709.717460,198
1548929709.730547,198
1548929709.744360,197
1548929709.757978,199
1548929709.771687,199
1548929709.785327,199
1548929709.799188,199
1548929709.812939,196
1548929709.826650,196
1548929709.840111,199
1548929709.853508,198
1548929709.867039,200
1548929709.880730,198
1548929709.893860,199
1548929709.907094,196
1548929709.918962,199
1548929709.931128,198
1548929709.943564,198
1548929709.956631,197
1548929709.969240,199
1548929709.981950,197
1548929709.994384,199
1548929710.007043,200
1548929710.020531,196
1548929710.033892,197
1548929710.046036,199
1548929710.059425,199
1548929710.072555,200
1548929710.085782,197
1548929710.097431,196
1548929710.109417,196
1548929710.122802,197
1548929710.136421,197
1548929710.149983,196
1548929710.162887,197
1548929710.175815,197
1548929710.189033,198
1548929710.201898,196
1548929710.214551,199
1548929710.227476,198
1548929710.241294,198
1548929710.254735,198
1548929710.268456,199
1548929710.282372,198
1548929710.295663,199
1548929710.308913,199
1548929710.322263,196
1548929710.336210,198
1548929710.349523,199
1548929710.362981,198
1548929710.375528,198
1548929710.388679,198
1548929710.400789,199
1548929710.413251,200
1548929710.425913,196
1548929710.439043,198
1548929710.452038,200
1548929710.465425,195
1548929710.478793,198
1548929710.491968,200
1548929710.505805,197
1548929710.519251,189
1548929710.532396,186
1548929710.545697,198
1548929710.558979,195
1548929710.572194,199
1548929710.584111,198
1548929710.597119,192
1548929710.610429,199
1548929710.623784,199
1548929710.637388,198
1548929710.650827,198
1548929710.664179,195
1548929710.677504,199
1548929710.690840,195
1548929710.704440,197
1548929710.718157,199
1548929710.731514,199
1548929710.745126,197
1548929710.758433,199
1548929710.771949,200
1548929710.785215,196
1548929710.797709,196
1548929710.810073,196
1548929710.822965,198
1548929710.836126,194
1548929710.849381,194
1548929710.863380,195
1548929710.876800,199
1548929710.890521,196
1548929710.904068,199
1548929710.917062,195
1548929710.930757,196
1548929710.942902,196
1548929710.955779,200
1548929710.969122,195
1548929710.982674,199
1548929710.996273,199
1548929711.009231,197
1548929711.022289,195
1548929711.035063,197
1548929711.047699,196
1548929711.060213,200
1548929711.073355,198
1548929711.086940,194
1548929711.100555,200
1548929711.113866,199
1548929711.125440,197
1548929711.137001,195
1548929711.149546,195
1548929711.162706,199
1548929711.176033,199
1548929711.188998,199
1548929711.202256,200
1548929711.215642,197
1548929711.228327,196
1548929711.241507,197
1548929711.255284,197
1548929711.268746,200
1548929711.282478,198
1548929711.295949,196
1548929711.309352,195
1548929711.321844,198
1548929711.334969,197
1548929711.348616,196
1548929711.362381,199
1548929711.376584,199
1548929711.391087,195
1548929711.404678,199
1548929711.418053,198
1548929711.430156,197
1548929711.442464,197
1548929711.455540,198
1548929711.468849,198
1548929711.482015,199
1548929711.495008,199
1548929711.508245,197
1548929711.521460,200
1548929711.534676,199
1548929711.547519,196
1548929711.560449,199
1548929711.573518,200
1548929711.586990,200
1548929711.600236,198
1548929711.612615,199
1548929711.626054,195
1548929711.639514,200
1548929711.652943,200
1548929711.666725,196
1548929711.680264,195
1548929711.692808,196
1548929711.705851,195
1548929711.718125,195
1548929711.730864,196
1548929711.744586,194
1548929711.757825,195
1548929711.771378,185
1548929711.784897,191
1548929711.798212,195
1548929711.811521,192
1548929711.824771,198
1548929711.838034,184
1548929711.851334,177
1548929711.864655,160
1548929711.877943,162
1548929711.891223,171
1548929711.904495,176
1548929711.917936,182
1548929711.931241,191
1548929711.944506,198
1548929711.958243,198
1548929711.971705,197
1548929711.985324,199
1548929711.998840,198
1548929712.012353,197
1548929712.025663,200
1548929712.038957,198
1548929712.052345,198
1548929712.065605,198
1548929712.078929,198
1548929712.092255,198
1548929712.105696,199
1548929712.119047,199
1548929712.132582,200
1548929712.146415,198
1548929712.159808,199
1548929712.173125,198
1548929712.186534,196
1548929712.199714,197
1548929712.212713,197
1548929712.225852,197
1548929712.239099,199
1548929712.252402,200
1548929712.265660,200
1548929712.279017,197
1548929712.292389,199
1548929712.305870,199
1548929712.319635,199
1548929712.332931,198
1548929712.346271,199
1548929712.359443,198
1548929712.373221,199
1548929712.386966,198
1548929712.401500,198
1548929712.415333,198
1548929712.428842,199
1548929712.442149,196
1548929712.455429,198
1548929712.469127,200
1548929712.482108,199
1548929712.494145,197
1548929712.506588,197
1548929712.520178,199
1548929712.533705,198
1548929712.546920,197
1548929712.560346,199
1548929712.574052,198
1548929712.587722,200
1548929712.600752,199
1548929712.613532,196
1548929712.627222,198
1548929712.640670,198
1548929712.653989,198
1548929712.666471,196
1548929712.679647,199
1548929712.693054,200
1548929712.706373,198
1548929712.718581,199
1548929712.731477,200
1548929712.744627,198
1548929712.758131,198
1548929712.771305,198
1548929712.784786,198
1548929712.798082,200
1548929712.810256,200
1548929712.823197,199
1548929712.836559,198
1548929712.850395,198
1548929712.863727,200
1548929712.877099,196
1548929712.890486,194
1548929712.903838,199
1548929712.917579,196
1548929712.930913,198
1548929712.944550,199
1548929712.957910,198
1548929712.972096,198
1548929712.985389,200
1548929712.999006,198
1548929713.012319,198
1548929713.025438,198
1548929713.038839,199
1548929713.052182,198
1548929713.065978,197
1548929713.079864,199
1548929713.093180,199
1548929713.106991,197
1548929713.120814,200
1548929713.134131,197
1548929713.147708,199
1548929713.161006,197
1548929713.174348,197
1548929713.187541,197
1548929713.200840,198
1548929713.214158,199
1548929713.227466,199
1548929713.239798,197
1548929713.253309,198
1548929713.266355,198
1548929713.280303,198
1548929713.293856,195
1548929713.306883,200
1548929713.319881,197
1548929713.332949,198
1548929713.346066,200
1548929713.359262,199
1548929713.372711,198
1548929713.386175,199
1548929713.399293,197
1548929713.412497,199
1548929713.425728,197
1548929713.438751,197
1548929713.451920,199
1548929713.465117,197
1548929713.478521,198
1548929713.491963,199
1548929713.505522,198
1548929713.518185,198
1548929713.531340,199
1548929713.545267,197
1548929713.557913,195
1548929713.570669,199
1548929713.583770,197
1548929713.597398,197
1548929713.611100,199
1548929713.623700,199
1548929713.636035,196
1548929713.648691,198
1548929713.662476,198
1548929713.676113,197
1548929713.689418,199
1548929713.703187,193
1548929713.716127,192
1548929713.729541,199
1548929713.743573,194
1548929713.757364,175
1548929713.770019,178
1548929713.783215,187
1548929713.796403,188
1548929713.807939,192
1548929713.820444,194
1548929713.833300,189
1548929713.846163,174
1548929713.859052,162
1548929713.871914,164
1548929713.884692,169
1548929713.897891,173
1548929713.911112,174
1548929713.924360,175
1548929713.937597,183
1548929713.950877,191
1548929713.964386,199
1548929713.977640,199
1548929713.990990,199
1548929714.004288,199
1548929714.017516,199
1548929714.030816,196
1548929714.044059,199
1548929714.057311,197
1548929714.070568,196
1548929714.083844,199
1548929714.097082,199
1548929714.110358,199
1548929714.123844,197
1548929714.136887,199
1548929714.150153,198
1548929714.163559,198
1548929714.177131,197
1548929714.190307,198
1548929714.203523,197
1548929714.216591,199
1548929714.229903,198
1548929714.243216,198
1548929714.255700,196
1548929714.268008,199
1548929714.281040,200
1548929714.294367,199
1548929714.307762,197
1548929714.320122,199
1548929714.333563,199
1548929714.347656,199
1548929714.361100,197
1548929714.374445,198
1548929714.387820,197
1548929714.401268,198
1548929714.414695,198
1548929714.428377,200
1548929714.442220,196
1548929714.456218,197
1548929714.469965,199
1548929714.484296,200
1548929714.497605,197
1548929714.511037,196
1548929714.524376,199
1548929714.538014,196
1548929714.551817,197
1548929714.565119,196
1548929714.578437,197
1548929714.591701,198
1548929714.605403,200
1548929714.618771,199
1548929714.632314,199
1548929714.645732,199
1548929714.659058,196
1548929714.672498,196
1548929714.685810,198
1548929714.699119,200
1548929714.712410,199
1548929714.725525,200
1548929714.739057,199
1548929714.752454,198
1548929714.765849,197
1548929714.779765,197
1548929714.793271,200
1548929714.807165,197
1548929714.820663,194
1548929714.833853,199
1548929714.845949,199
1548929714.858934,198
1548929714.872030,197
1548929714.885538,198
1548929714.899462,197
1548929714.913245,200
1548929714.926753,197
1548929714.940154,197
1548929714.953518,199
1548929714.966972,198
1548929714.980538,199
1548929714.993714,198
1548929715.006873,199
1548929715.020091,198
1548929715.033355,197
1548929715.046655,200
1548929715.060058,200
1548929715.073401,198
1548929715.086871,198
1548929715.100249,198
1548929715.113570,199
1548929715.126879,198
1548929715.140598,200
1548929715.153883,199
1548929715.167222,200
1548929715.180960,199
1548929715.194305,198
1548929715.207503,196
1548929715.220812,197
1548929715.234226,199
1548929715.248120,197
1548929715.261358,199
1548929715.274829,199
1548929715.288233,199
1548929715.301458,198
1548929715.315224,199
1548929715.328619,199
1548929715.341990,197
1548929715.355171,197
1548929715.368479,199
1548929715.381695,198
1548929715.393858,199
1548929715.406121,197
1548929715.418724,197
1548929715.431904,198
1548929715.444947,199
1548929715.458468,197
1548929715.471777,200
1548929715.485121,197
1548929715.498368,195
1548929715.511853,199
1548929715.525122,185
1548929715.538422,191
1548929715.552070,190
1548929715.565436,197
1548929715.578557,196
1548929715.591838,194
1548929715.605164,195
1548929715.618911,199
1548929715.632268,195
1548929715.645488,200
1548929715.658849,197
1548929715.672650,200
1548929715.686109,193
1548929715.699425,199
1548929715.712736,196
1548929715.725229,197
1548929715.738218,200
1548929715.751413,197
1548929715.764773,196
1548929715.777999,194
1548929715.791284,192
1548929715.804596,195
1548929715.817841,199
1548929715.831087,198
1548929715.844357,197
1548929715.857603,188
1548929715.870872,192
1548929715.884232,199
1548929715.897559,197
1548929715.910939,194
1548929715.924257,198
1548929715.937590,198
1548929715.950930,199
1548929715.964539,199
1548929715.977570,192
1548929715.991286,197
1548929716.004706,200
1548929716.018061,198
1548929716.031378,198
1548929716.044448,199
1548929716.057646,200
1548929716.070962,199
1548929716.084517,200
1548929716.097990,194
1548929716.111394,195
1548929716.124047,200
1548929716.137673,199
1548929716.151043,198
1548929716.164028,199
1548929716.177805,198
1548929716.191216,200
1548929716.204757,199
1548929716.217445,199
1548929716.229364,197
1548929716.241467,198
1548929716.254303,197
1548929716.266255,198
1548929716.279017,197
1548929716.292174,196
1548929716.305358,199
1548929716.318855,198
1548929716.332167,197
1548929716.345896,198
1548929716.358692,196
1548929716.371143,196
1548929716.383996,199
1548929716.397787,194
1548929716.410851,197
1548929716.424134,199
1548929716.437729,198
1548929716.450826,194
1548929716.464264,199
1548929716.477384,196
1548929716.490754,200
1548929716.503480,200
1548929716.516428,199
1548929716.529768,197
1548929716.542931,198
1548929716.556677,199
1548929716.570415,200
1548929716.583895,199
1548929716.597251,198
1548929716.610639,200
1548929716.624087,199
1548929716.637481,197
1548929716.650927,199
1548929716.664539,200
1548929716.678131,199
1548929716.691534,198
1548929716.705174,199
1548929716.717013,200
1548929716.730374,199
1548929716.743406,199
1548929716.756773,199
1548929716.770211,199
1548929716.784069,197
1548929716.797528,198
1548929716.810782,199
1548929716.824430,195
1548929716.837717,195
1548929716.850664,198
1548929716.863666,196
1548929716.877303,194
1548929716.890534,194
1548929716.903065,195
1548929716.915904,199
1548929716.929194,197
1548929716.942008,198
1548929716.953992,197
1548929716.965574,198
1548929716.977575,193
1548929716.990121,197
1548929717.003093,199
1548929717.016753,195
1548929717.030553,198
1548929717.044299,200
1548929717.057534,197
1548929717.071526,197
1548929717.084930,197
1548929717.098262,199
1548929717.112233,195
1548929717.125728,198
1548929717.139806,195
1548929717.153638,200
1548929717.167915,194
1548929717.181552,198
1548929717.195136,196
1548929717.208759,199
1548929717.222593,191
1548929717.235989,198
1548929717.250142,196
1548929717.263919,198
1548929717.277485,195
1548929717.291003,200
1548929717.304376,198
1548929717.318242,192
1548929717.330991,199
1548929717.344077,199
1548929717.357421,195
1548929717.371575,197
1548929717.385102,196
1548929717.398419,199
1548929717.412028,195
1548929717.425254,197
1548929717.438883,198
1548929717.452203,195
1548929717.465530,197
1548929717.478862,196
1548929717.492536,194
1548929717.505838,189
1548929717.519113,192
1548929717.532397,192
1548929717.545908,189
1548929717.559211,200
1548929717.572467,200
1548929717.585724,198
1548929717.598991,194
1548929717.612279,196
1548929717.625535,197
1548929717.638850,199
1548929717.651555,194
1548929717.664607,198
1548929717.677811,199
1548929717.691054,198
1548929717.704922,196
1548929717.718258,199
1548929717.731019,199
1548929717.744274,199
1548929717.757573,199
1548929717.770832,199
1548929717.783970,198
1548929717.797465,196
1548929717.809769,198
1548929717.822613,195
1548929717.835874,199
1548929717.849264,199
1548929717.862908,199
1548929717.876317,200
1548929717.889833,196
1548929717.903259,199
1548929717.916584,199
1548929717.929907,199
1548929717.943412,198
1548929717.956837,199
1548929717.970086,197
1548929717.982189,198
1548929717.994009,199
1548929718.005661,198
1548929718.018370,199
1548929718.031728,198
1548929718.045049,198
1548929718.058816,199
1548929718.072479,199
1548929718.087059,197
1548929718.100591,198
1548929718.114098,197
1548929718.127778,199
1548929718.141177,196
1548929718.155172,198
1548929718.168528,200
1548929718.180957,198
1548929718.194055,197
1548929718.207478,197
1548929718.220363,199
1548929718.232871,196
1548929718.246054,199
1548929718.259308,200
1548929718.272400,196
1548929718.285658,199
1548929718.299060,198
1548929718.312399,198
1548929718.325707,199
1548929718.339029,198
1548929718.351155,199
1548929718.363785,199
1548929718.375792,195
1548929718.388878,196
1548929718.402285,199
1548929718.415671,200
1548929718.427256,198
1548929718.438934,200
1548929718.450541,194
1548929718.462797,200
1548929718.475013,196
1548929718.488089,200
1548929718.500739,197
1548929718.514008,199
1548929718.528029,200
1548929718.541322,196
1548929718.553896,199
1548929718.565459,198
1548929718.578295,198
1548929718.591267,196
1548929718.604392,196
1548929718.617654,198
1548929718.631289,199
1548929718.644038,198
1548929718.657747,197
1548929718.671291,199
1548929718.684760,199
1548929718.698178,197
1548929718.711892,200
1548929718.725177,195
1548929718.738728,197
1548929718.752330,196
1548929718.765000,200
1548929718.778153,198
1548929718.791428,197
1548929718.804767,199
1548929718.818234,199
1548929718.831572,197
1548929718.844761,199
1548929718.858092,196
1548929718.870962,199
1548929718.884185,199
1548929718.897461,197
1548929718.910780,200
1548929718.924542,194
1548929718.937878,197
1548929718.951340,198
1548929718.964700,196
1548929718.978026,199
1548929718.991330,197
1548929719.005657,196
1548929719.020198,195
1548929719.034266,198
1548929719.049046,197
1548929719.062601,199
1548929719.075952,199
1548929719.089546,194
1548929719.102712,197
1548929719.115990,199
1548929719.129247,198
1548929719.142645,194
1548929719.155973,195
1548929719.169284,197
1548929719.182619,192
1548929719.195933,178
1548929719.209220,176
1548929719.222535,176
1548929719.235853,166
1548929719.249113,175
1548929719.262382,162
1548929719.275670,187
1548929719.288949,194
1548929719.302273,193
1548929719.315595,192
1548929719.328863,191
1548929719.342185,195
1548929719.355472,200
1548929719.368759,199
1548929719.382051,200
1548929719.395361,199
1548929719.408631,198
1548929719.421882,199
1548929719.435264,197
1548929719.448505,197
1548929719.461812,199
1548929719.475212,199
1548929719.488529,196
1548929719.501895,200
1548929719.515260,200
1548929719.528648,197
1548929719.542021,198
1548929719.555515,200
1548929719.569048,197
1548929719.582470,197
1548929719.596202,198
1548929719.609558,195
1548929719.622876,198
1548929719.636174,197
1548929719.649469,199
1548929719.662800,186
1548929719.676156,189
1548929719.689538,185
1548929719.702867,189
1548929719.716123,193
1548929719.729385,197
1548929719.742458,198
1548929719.755937,197
1548929719.769459,198
1548929719.783092,196
1548929719.796379,196
1548929719.809673,196
1548929719.822990,197
1548929719.836259,199
1548929719.849520,199
1548929719.862822,197
1548929719.876124,198
1548929719.889387,198
1548929719.902665,199
1548929719.915996,198
1548929719.929417,198
1548929719.943025,199
1548929719.956350,196
1548929719.969729,198
1548929719.983720,195
1548929719.997435,197
1548929720.011252,199
1548929720.024613,198
1548929720.037992,199
1548929720.051623,196
1548929720.065319,198
1548929720.078842,199
1548929720.091459,200
1548929720.105033,196
1548929720.118579,196
1548929720.131905,199
1548929720.145412,197
1548929720.158685,199
1548929720.171865,199
1548929720.183696,199
1548929720.196711,196
1548929720.209875,199
1548929720.222123,196
1548929720.235297,200
1548929720.248466,196
1548929720.261800,200
1548929720.275212,196
1548929720.288609,198
1548929720.302329,196
1548929720.316063,198
1548929720.329350,195
1548929720.342802,197
1548929720.356108,199
1548929720.369621,200
1548929720.383201,197
1548929720.396255,195
1548929720.409259,197
1548929720.421801,198
1548929720.434779,197
1548929720.448047,193
1548929720.461317,195
1548929720.474609,200
1548929720.487967,198
1548929720.500997,198
1548929720.514374,195
1548929720.527993,199
1548929720.541240,199
1548929720.554631,199
1548929720.567568,198
1548929720.580887,198
1548929720.594045,199
1548929720.607353,192
1548929720.620955,194
1548929720.634485,199
1548929720.647718,197
1548929720.661162,195
1548929720.674527,199
1548929720.687843,198
1548929720.701645,199
1548929720.715032,200
1548929720.728600,188
1548929720.741432,182
1548929720.754844,186
1548929720.768052,195
1548929720.781282,195
1548929720.794625,198
1548929720.807922,197
1548929720.821126,196
1548929720.834766,197
1548929720.848338,195
1548929720.861583,192
1548929720.874945,199
1548929720.888734,200
1548929720.902127,198
1548929720.915424,192
1548929720.928661,194
1548929720.942171,198
1548929720.955575,197
1548929720.968788,199
1548929720.982046,198
1548929720.995518,197
1548929721.008914,200
1548929721.022028,199
1548929721.033917,199
1548929721.046373,194
1548929721.059421,197
1548929721.073228,197
1548929721.086604,199
1548929721.099443,199
1548929721.112262,198
1548929721.125335,200
1548929721.138513,198
1548929721.151640,199
1548929721.165339,199
1548929721.178984,198
1548929721.192307,199
1548929721.205850,200
1548929721.219221,198
1548929721.232601,200
1548929721.245985,199
1548929721.259682,196
1548929721.273705,196
1548929721.287097,200
1548929721.300552,198
1548929721.314474,196
1548929721.327829,200
1548929721.340889,197
1548929721.353881,200
1548929721.367217,200
1548929721.380481,200
1548929721.394509,199
1548929721.407828,198
1548929721.420656,200
1548929721.432893,199
1548929721.445248,200
1548929721.457456,198
1548929721.469321,198
1548929721.481497,198
1548929721.494400,200
1548929721.507663,199
1548929721.521473,199
1548929721.535270,199
1548929721.548904,199
1548929721.562452,199
1548929721.575907,197
1548929721.589856,199
1548929721.603269,199
1548929721.616840,196
1548929721.630187,197
1548929721.642878,199
1548929721.655256,199
1548929721.667817,199
1548929721.680917,197
1548929721.694246,199
1548929721.707356,199
1548929721.720605,199
1548929721.733818,196
1548929721.745487,199
1548929721.758223,197
1548929721.770737,199
1548929721.783740,198
1548929721.795857,198
1548929721.808416,198
1548929721.822089,198
1548929721.834918,194
1548929721.848253,196
1548929721.861154,198
1548929721.873839,196
1548929721.886798,194
1548929721.900082,194
1548929721.913327,199
1548929721.927131,196
1548929721.940820,199
1548929721.954124,199
1548929721.967447,194
1548929721.980784,199
1548929721.994421,199
1548929722.008062,199
1548929722.021475,199
1548929722.034555,198
1548929722.047297,198
1548929722.060684,199
1548929722.073902,199
1548929722.087197,195
1548929722.100471,197
1548929722.113914,197
1548929722.127245,199
1548929722.140674,197
1548929722.154243,199
1548929722.167581,199
1548929722.181177,197
1548929722.194285,198
1548929722.206248,196
1548929722.218673,198
1548929722.231976,195
1548929722.244595,196
1548929722.257571,198
1548929722.270950,199
1548929722.284695,198
1548929722.297991,198
1548929722.310617,199
1548929722.324063,198
1548929722.336503,197
1548929722.349567,198
1548929722.363078,197
1548929722.376922,198
1548929722.390288,197
1548929722.404149,199
1548929722.416909,198
1548929722.429643,200
1548929722.443309,199
1548929722.456905,198
1548929722.470386,198
1548929722.484597,199
1548929722.498297,200
1548929722.511362,195
1548929722.524885,199
1548929722.538306,197
1548929722.551562,198
1548929722.564800,197
1548929722.578345,195
1548929722.591879,199
1548929722.605160,198
1548929722.618682,195
1548929722.632077,198
1548929722.645416,197
1548929722.658892,196
1548929722.672311,198
1548929722.685702,199
1548929722.699044,180
1548929722.712311,198
1548929722.725850,194
1548929722.739076,197
1548929722.752382,183
1548929722.765695,187
1548929722.778964,197
1548929722.792178,199
1548929722.805486,198
1548929722.818805,188
1548929722.832072,191
1548929722.845370,199
1548929722.858602,199
1548929722.871913,199
1548929722.885163,200
1548929722.898493,200
1548929722.911750,200
1548929722.925078,198
1548929722.937375,199
1548929722.950337,198
1548929722.964092,197
1548929722.977329,197
1548929722.990624,199
1548929723.004379,200
1548929723.017726,197
1548929723.030985,198
1548929723.044515,198
1548929723.058358,198
1548929723.071730,198
1548929723.084987,196
1548929723.098368,199
1548929723.111921,199
1548929723.124934,199
1548929723.138223,199
1548929723.151552,199
1548929723.164869,199
1548929723.178574,200
1548929723.192694,199
1548929723.206029,200
1548929723.219343,197
1548929723.232909,197
1548929723.245100,198
1548929723.257888,198
1548929723.270391,198
1548929723.283428,198
1548929723.297519,196
1548929723.311149,200
1548929723.324881,197
1548929723.338197,193
1548929723.351830,198
1548929723.364787,199
1548929723.377405,195
1548929723.390274,196
1548929723.403469,198
1548929723.416946,198
1548929723.430644,198
1548929723.443899,200
1548929723.457727,199
1548929723.470928,198
1548929723.482898,197
1548929723.495179,200
1548929723.508174,197
1548929723.521961,197
1548929723.535311,197
1548929723.548545,197
1548929723.561845,198
1548929723.575359,198
1548929723.589094,199
1548929723.602749,195
1548929723.616567,199
1548929723.629944,199
1548929723.642943,196
1548929723.655857,197
1548929723.668531,195
1548929723.681541,199
1548929723.695628,198
1548929723.709099,197
1548929723.722376,198
1548929723.735133,200
1548929723.747717,198
1548929723.760337,198
1548929723.772205,199
1548929723.785352,199
1548929723.798494,181
1548929723.811133,186
1548929723.824626,188
1548929723.837729,192
1548929723.851303,194
1548929723.864828,194
1548929723.878720,197
1548929723.892508,185
1548929723.906053,188
1548929723.919398,176
1548929723.932662,173
1548929723.945901,166
1548929723.959177,170
1548929723.972438,179
1548929723.985783,196
1548929723.999043,200
1548929724.012358,199
1548929724.025598,196
1548929724.038917,198
1548929724.051869,199
1548929724.064831,199
1548929724.078360,200
1548929724.091850,199
1548929724.105132,196
1548929724.118424,197
1548929724.131686,197
1548929724.145023,199
1548929724.158113,199
1548929724.171330,195
1548929724.184947,198
1548929724.198276,199
1548929724.211665,197
1548929724.224913,197
1548929724.238515,199
1548929724.251803,198
1548929724.265120,199
1548929724.278454,198
1548929724.291709,196
1548929724.305444,199
1548929724.318771,198
1548929724.332226,198
1548929724.346138,196
1548929724.359795,199
1548929724.373245,199
1548929724.386635,198
1548929724.400010,198
1548929724.413332,197
1548929724.426608,199
1548929724.440411,196
1548929724.453209,198
1548929724.466893,198
1548929724.479475,199
1548929724.492913,198
1548929724.506541,198
1548929724.519816,199
1548929724.533348,200
1548929724.546697,199
1548929724.559395,196
1548929724.572935,195
1548929724.586091,199
1548929724.599016,198
1548929724.611360,199
1548929724.623683,198
1548929724.636605,198
1548929724.650800,199
1548929724.663414,198
1548929724.676800,194
1548929724.690585,198
1548929724.704122,197
1548929724.717339,199
1548929724.730978,199
1548929724.744450,197
1548929724.757848,198
1548929724.771484,189
1548929724.784805,197
1548929724.798238,197
1548929724.811664,198
1548929724.825251,195
1548929724.838671,200
1548929724.851960,199
1548929724.865163,197
1548929724.878885,199
1548929724.892286,198
1548929724.906061,198
1548929724.919722,197
1548929724.932201,199
1548929724.945743,199
1548929724.959279,198
1548929724.973260,198
1548929724.986629,199
1548929725.000431,199
1548929725.013920,198
1548929725.027678,200
1548929725.040837,198
1548929725.054188,198
1548929725.067471,199
1548929725.081368,199
1548929725.094870,197
1548929725.108029,200
1548929725.120698,197
1548929725.133410,198
1548929725.146461,199
1548929725.158735,199
1548929725.170984,199
1548929725.184180,200
1548929725.195822,198
1548929725.208329,198
1548929725.221724,181
1548929725.235292,173
1548929725.248487,181
1548929725.262048,185
1548929725.275477,175
1548929725.288826,177
1548929725.302132,172
1548929725.315453,169
1548929725.328763,165
1548929725.342053,200
1548929725.355396,192
1548929725.368715,189
1548929725.381986,185
1548929725.395302,188
1548929725.408700,194
1548929725.422067,200
1548929725.435308,199
1548929725.448638,197
1548929725.461937,196
1548929725.475183,197
1548929725.486945,200
1548929725.499555,199
1548929725.513047,198
1548929725.526487,195
1548929725.539822,200
1548929725.552590,198
1548929725.565332,200
1548929725.576946,197
1548929725.589184,195
1548929725.601948,200
1548929725.615236,199
1548929725.628633,200
1548929725.641587,199
1548929725.655230,192
1548929725.668644,187
1548929725.682279,199
1548929725.696280,196
1548929725.709963,197
1548929725.723518,197
1548929725.737004,199
1548929725.750610,198
1548929725.764191,198
1548929725.775995,200
1548929725.787649,199
1548929725.799944,197
1548929725.812834,196
1548929725.825988,196
1548929725.838596,197
1548929725.851577,199
1548929725.863382,198
1548929725.875800,199
1548929725.888766,198
1548929725.902157,200
1548929725.915504,199
1548929725.929205,199
1548929725.941797,198
1548929725.954746,199
1548929725.967645,199
1548929725.980621,198
1548929725.993109,198
1548929726.005987,198
1548929726.019196,199
1548929726.032508,200
1548929726.045740,198
1548929726.059006,198
1548929726.072409,197
1548929726.086204,198
1548929726.099942,200
1548929726.113780,193
1548929726.128578,193
1548929726.142247,188
1548929726.155583,190
1548929726.168722,188
1548929726.182483,200
1548929726.195849,196
1548929726.209219,194
1548929726.222524,187
1548929726.235833,170
1548929726.249338,188
1548929726.262652,191
1548929726.275962,194
1548929726.289250,194
1548929726.302556,193
1548929726.316019,199
1548929726.329340,196
1548929726.342642,199
1548929726.355914,200
1548929726.369307,193
1548929726.382613,196
1548929726.396012,198
1548929726.409417,200
1548929726.423024,197
1548929726.436304,198
1548929726.449708,198
1548929726.463098,199
1548929726.476414,199
1548929726.489720,199
1548929726.503014,197
1548929726.516355,198
1548929726.529738,200
1548929726.543061,198
1548929726.556365,198
1548929726.569636,199
1548929726.583192,197
1548929726.596567,197
1548929726.609484,197
1548929726.622217,197
1548929726.635565,199
1548929726.648982,198
1548929726.662336,198
1548929726.675708,195
1548929726.689060,196
1548929726.702738,198
1548929726.716387,198
1548929726.729906,196
1548929726.743412,197
1548929726.756949,198
1548929726.770350,199
1548929726.783684,196
1548929726.796443,200
1548929726.809424,199
1548929726.823110,199
1548929726.836107,199
1548929726.849778,198
1548929726.863402,197
1548929726.876724,197
1548929726.890746,195
1548929726.904240,198
1548929726.917953,199
1548929726.931331,199
1548929726.945362,198
1548929726.958330,198
1548929726.971638,200
1548929726.984988,197
1548929726.998546,195
1548929727.011710,196
1548929727.023732,200
1548929727.035566,198
1548929727.048256,200
1548929727.061178,196
1548929727.073854,199
1548929727.087224,196
1548929727.099815,198
1548929727.112813,195
1548929727.126207,193
1548929727.139826,199
1548929727.152562,198
1548929727.166053,199
1548929727.179514,199
1548929727.192849,192
1548929727.206169,200
1548929727.219764,193
1548929727.233068,176
1548929727.246399,177
1548929727.259735,184
1548929727.273263,200
1548929727.286699,198
1548929727.300095,197
1548929727.313400,199
1548929727.326945,200
1548929727.340961,198
1548929727.355281,200
1548929727.368901,199
1548929727.382559,199
1548929727.396367,197
1548929727.409667,198
1548929727.422804,198
1548929727.436618,198
1548929727.450320,198
1548929727.463715,199
1548929727.477002,196
1548929727.490515,198
1548929727.503840,196
1548929727.517260,200
1548929727.530592,200
1548929727.543868,197
1548929727.557245,198
1548929727.570642,200
1548929727.584073,198
1548929727.597931,199
1548929727.611235,197
1548929727.625062,199
1548929727.638618,199
1548929727.652469,198
1548929727.666153,197
1548929727.679483,199
1548929727.692807,196
1548929727.706151,198
1548929727.719553,199
1548929727.732869,197
1548929727.745400,199
1548929727.758299,199
1548929727.771584,197
1548929727.785045,197
1548929727.798391,200
1548929727.811969,199
1548929727.825514,198
1548929727.838885,199
1548929727.851368,198
1548929727.863929,194
1548929727.876781,197
1548929727.890330,196
1548929727.903347,198
1548929727.916723,195
1548929727.929070,198
1548929727.941145,198
1548929727.954002,198
1548929727.967175,193
1548929727.980496,197
1548929727.993904,199
1548929728.007285,189
1548929728.020930,189
1548929728.032553,197
1548929728.044164,193
1548929728.055692,198
1548929728.067345,195
1548929728.079715,200
1548929728.092820,198
1548929728.106495,195
1548929728.119911,199
1548929728.133457,197
1548929728.146789,200
1548929728.160352,197
1548929728.173961,196
1548929728.187294,199
1548929728.200869,199
1548929728.214497,199
1548929728.226536,193
1548929728.239583,197
1548929728.252254,199
1548929728.265646,197
1548929728.279017,197
1548929728.292471,196
1548929728.305980,197
1548929728.319290,199
1548929728.332524,196
1548929728.345788,200
1548929728.359229,198
1548929728.372730,196
1548929728.386119,196
1548929728.399788,197
1548929728.413475,200
1548929728.426900,196
1548929728.440256,199
1548929728.453660,199
1548929728.466975,197
1548929728.480283,199
1548929728.493966,198
1548929728.507500,199
1548929728.520801,197
1548929728.534028,197
1548929728.547346,198
1548929728.560328,196
1548929728.573715,197
1548929728.587036,197
1548929728.600382,198
1548929728.613674,195
1548929728.626965,196
1548929728.640215,200
1548929728.653478,200
1548929728.666830,195
1548929728.680095,195
1548929728.693325,199
1548929728.706727,199
1548929728.718340,194
1548929728.729849,198
1548929728.741317,199
1548929728.753670,200
1548929728.766507,194
1548929728.779708,198
1548929728.793035,199
1548929728.806353,194
1548929728.819811,193
1548929728.833350,197
1548929728.846739,195
1548929728.860140,195
1548929728.873293,198
1548929728.886788,198
1548929728.900458,194
1548929728.914240,198
1548929728.927867,198
1548929728.940657,196
1548929728.953416,198
1548929728.966401,197
1548929728.979678,197
1548929728.992775,200
1548929729.006461,197
1548929729.020435,199
1548929729.034025,199
1548929729.047713,197
1548929729.061062,199
1548929729.074008,200
1548929729.087318,200
1548929729.100845,199
1548929729.114145,199
1548929729.127213,199
1548929729.140645,199
1548929729.154404,198
1548929729.167732,192
1548929729.180433,200
1548929729.193516,192
1548929729.205048,197
1548929729.217462,195
1548929729.230305,199
1548929729.243441,196
1548929729.255513,197
1548929729.268284,199
1548929729.279821,197
1548929729.292040,195
1548929729.304505,200
1548929729.317306,200
1548929729.330515,194
1548929729.343279,194
1548929729.356258,198
1548929729.369235,195
1548929729.382563,196
1548929729.395986,196
1548929729.409414,199
1548929729.424414,196
1548929729.438485,198
1548929729.452298,199
1548929729.466260,196
1548929729.479990,197
1548929729.493841,199
1548929729.507135,197
1548929729.520480,199
1548929729.532918,199
1548929729.546090,199
1548929729.559508,195
1548929729.573399,198
1548929729.586701,198
1548929729.600243,200
1548929729.613554,197
1548929729.626845,195
1548929729.640134,199
1548929729.653374,194
1548929729.666597,200
1548929729.680461,199
1548929729.693760,197
1548929729.707203,199
1548929729.720512,199
1548929729.734276,198
1548929729.748236,196
1548929729.761395,199
1548929729.774888,196
1548929729.788242,196
1548929729.801796,194
1548929729.815181,199
1548929729.828934,199
1548929729.842401,198
1548929729.855711,198
1548929729.869388,197
1548929729.883070,197
1548929729.895984,199
1548929729.908822,197
1548929729.921781,198
1548929729.934989,195
1548929729.948174,200
1548929729.961534,199
1548929729.974889,190
1548929729.988504,198
1548929730.001796,194
1548929730.015078,179
1548929730.028385,185
1548929730.041627,189
1548929730.054938,184
1548929730.068299,187
1548929730.081769,200
1548929730.094279,179
1548929730.107580,150
1548929730.120818,156
1548929730.134069,171
1548929730.147342,192
1548929730.160586,197
1548929730.173864,199
1548929730.187165,198
1548929730.200430,200
1548929730.213728,195
1548929730.227134,200
1548929730.240403,199
1548929730.253621,197
1548929730.266902,199
1548929730.280468,198
1548929730.293886,197
1548929730.307210,199
1548929730.320588,199
1548929730.333972,198
1548929730.347698,199
1548929730.361139,199
1548929730.374281,198
1548929730.388200,199
1548929730.400879,199
1548929730.414231,199
1548929730.427532,199
1548929730.440252,200
1548929730.453576,198
1548929730.466928,198
1548929730.480588,198
1548929730.493942,197
1548929730.507541,199
1548929730.520966,199
1548929730.534511,199
1548929730.546403,198
1548929730.558863,199
1548929730.571893,198
1548929730.584770,199
1548929730.598090,198
1548929730.611522,198
1548929730.625067,196
1548929730.638555,198
1548929730.652018,197
1548929730.665309,199
1548929730.678398,198
1548929730.691772,196
1548929730.704870,198
1548929730.718139,200
1548929730.731327,196
1548929730.744727,198
1548929730.758363,199
1548929730.771724,199
1548929730.785567,199
1548929730.799367,197
1548929730.812850,199
1548929730.826071,199
1548929730.838823,199
1548929730.852074,199
1548929730.865471,200
1548929730.878848,199
1548929730.892187,199
1548929730.905467,197
1548929730.918497,198
1548929730.932281,200
1548929730.944629,197
1548929730.956510,198
1548929730.969319,195
1548929730.982805,198
1548929730.996076,200
1548929731.009496,197
1548929731.023146,196
1548929731.036531,195
1548929731.049726,199
1548929731.063120,197
1548929731.077142,200
1548929731.090797,200
1548929731.104128,197
1548929731.117407,199
1548929731.131034,197
1548929731.144351,200
1548929731.157955,200
1548929731.171327,197
1548929731.184908,199
1548929731.196843,200
1548929731.208418,199
1548929731.220963,198
1548929731.233647,198
1548929731.247358,195
1548929731.259918,199
1548929731.273390,196
1548929731.287114,199
1548929731.300477,199
1548929731.312845,198
1548929731.325495,195
1548929731.338579,197
1548929731.352365,197
1548929731.365473,196
1548929731.379087,199
1548929731.391854,199
1548929731.404623,200
1548929731.417853,195
1548929731.431166,198
1548929731.444522,197
1548929731.457823,198
1548929731.471353,198
1548929731.484628,197
1548929731.498263,196
1548929731.511277,197
1548929731.523502,199
1548929731.536676,199
1548929731.550112,198
1548929731.561845,200
1548929731.574374,198
1548929731.587466,194
1548929731.600784,197
1548929731.614113,198
1548929731.627348,197
1548929731.640648,198
1548929731.653963,198
1548929731.667245,199
1548929731.680568,200
1548929731.693862,199
1548929731.707184,198
1548929731.720476,195
1548929731.733794,199
1548929731.746632,199
1548929731.759737,197
1548929731.773018,192
1548929731.786306,197
1548929731.800173,196
1548929731.813380,199
1548929731.826713,194
1548929731.840354,198
1548929731.853633,198
1548929731.866941,196
1548929731.880325,196
1548929731.893716,198
1548929731.907059,196
1548929731.920614,198
1548929731.933890,195
1548929731.947525,199
1548929731.960998,196
1548929731.974318,194
1548929731.987851,197
1548929732.001605,197
1548929732.014918,195
1548929732.028610,194
1548929732.042400,198
1548929732.055751,197
1548929732.069445,198
1548929732.082860,199
1548929732.096259,200
1548929732.108838,187
1548929732.122320,170
1548929732.135655,174
1548929732.148936,175
1548929732.162295,176
1548929732.175290,177
1548929732.188772,183
1548929732.202153,196
1548929732.215453,179
1548929732.228746,154
1548929732.242012,154
1548929732.255338,158
1548929732.268786,183
1548929732.282106,199
1548929732.295420,200
1548929732.308712,198
1548929732.322022,193
1548929732.335367,200
1548929732.348676,200
1548929732.361964,198
1548929732.375108,196
1548929732.388362,198
1548929732.401874,199
1548929732.415234,200
1548929732.428537,196
1548929732.441859,199
1548929732.455198,198
1548929732.468443,197
1548929732.481559,200
1548929732.495040,198
1548929732.508353,198
1548929732.521633,199
1548929732.535211,197
1548929732.548782,198
1548929732.562402,200
1548929732.575802,200
1548929732.589757,194
1548929732.603506,199
1548929732.616847,199
1548929732.630192,198
1548929732.642252,196
1548929732.655236,199
1548929732.668385,199
1548929732.681650,196
1548929732.694608,196
1548929732.707777,198
1548929732.720903,200
1548929732.734272,195
1548929732.747240,197
1548929732.760457,199
1548929732.773920,199
1548929732.787284,198
1548929732.800870,198
1548929732.814352,199
1548929732.827885,197
1548929732.842620,197
1548929732.856663,196
1548929732.870167,198
1548929732.883749,199
1548929732.897859,198
1548929732.911728,200
1548929732.925116,198
1548929732.939018,200
1548929732.952723,200
1548929732.966039,199
1548929732.979301,196
1548929732.992802,198
1548929733.006087,193
1548929733.019526,199
1548929733.032685,199
1548929733.045993,197
1548929733.059246,197
1548929733.072391,200
1548929733.085636,197
1548929733.099081,186
1548929733.112712,200
1548929733.126201,196
1548929733.139498,200
1548929733.152915,196
1548929733.166274,199
1548929733.179604,193
1548929733.192893,196
1548929733.205963,196
1548929733.219044,195
1548929733.232033,200
1548929733.245314,187
1548929733.259018,194
1548929733.272420,198
1548929733.285823,199
1548929733.299057,197
1548929733.312395,194
1548929733.325700,200
1548929733.338834,198
1548929733.352329,195
1548929733.365394,195
1548929733.378667,199
1548929733.392137,198
1548929733.405559,193
1548929733.419530,191
1548929733.432230,197
1548929733.444572,199
1548929733.457408,198
1548929733.470833,198
1548929733.483870,193
1548929733.497228,197
1548929733.510603,199
1548929733.523959,198
1548929733.537260,200
1548929733.550561,197
1548929733.563899,184
1548929733.577550,195
1548929733.590875,196
1548929733.604164,200
1548929733.617409,200
1548929733.631642,199
1548929733.645031,198
1548929733.658395,195
1548929733.672044,197
1548929733.685382,196
1548929733.698726,200
1548929733.712084,200
1548929733.725373,200
1548929733.738959,196
1548929733.752444,195
1548929733.765733,199
1548929733.779180,197
1548929733.793264,199
1548929733.807043,198
1548929733.820940,200
1548929733.834669,199
1548929733.848278,194
1548929733.860497,195
1548929733.873142,198
1548929733.886217,197
1548929733.899889,196
1548929733.913305,199
1548929733.925963,200
1548929733.939611,198
1548929733.951258,194
1548929733.962806,196
1548929733.975075,199
1548929733.987791,198
1548929734.000326,197
1548929734.013445,195
1548929734.026378,200
1548929734.039211,199
1548929734.052315,199
1548929734.065024,198
1548929734.078221,199
1548929734.091422,197
1548929734.104097,199
1548929734.116880,198
1548929734.129333,199
1548929734.142582,194
1548929734.155821,200
1548929734.169160,197
1548929734.182408,197
1548929734.195724,198
1548929734.208792,194
1548929734.222126,197
1548929734.235463,199
1548929734.248794,199
1548929734.261573,198
1548929734.275016,198
1548929734.288509,199
1548929734.301839,198
1548929734.314856,195
1548929734.328000,199
1548929734.341557,198
1548929734.354587,198
1548929734.368019,198
1548929734.381664,199
1548929734.394401,197
1548929734.407406,197
1548929734.421031,198
1548929734.433524,199
1548929734.447429,198
1548929734.461404,200
1548929734.474875,199
1548929734.488071,199
1548929734.502085,198
1548929734.515471,196
1548929734.527901,199
1548929734.539507,197
1548929734.551078,195
1548929734.563683,192
1548929734.576344,187
1548929734.589583,197
1548929734.602918,189
1548929734.616834,195
1548929734.630257,193
1548929734.643489,197
1548929734.656789,197
1548929734.670151,199
1548929734.683462,200
1548929734.696765,198
1548929734.710095,194
1548929734.723289,187
1548929734.736559,186
1548929734.749885,191
1548929734.762602,196
1548929734.774665,199
1548929734.786289,200
1548929734.799429,200
1548929734.812886,194
1548929734.826173,198
1548929734.839602,193
1548929734.852846,194
1548929734.866161,198
1548929734.879519,198
1548929734.892901,200
1548929734.906907,197
1548929734.920643,198
1548929734.934695,198
1548929734.948758,197
1548929734.963199,196
1548929734.976625,196
1548929734.989963,199
1548929735.003009,197
1548929735.017036,199
1548929735.030289,198
1548929735.043765,197
1548929735.057095,196
1548929735.070544,199
1548929735.083876,198
1548929735.097234,198
1548929735.110593,196
1548929735.123915,196
1548929735.137239,197
1548929735.150252,199
1548929735.163303,197
1548929735.176831,198
1548929735.190926,198
1548929735.204248,197
1548929735.217549,195
1548929735.230917,199
1548929735.244177,200
1548929735.257557,197
1548929735.271216,198
1548929735.284073,200
1548929735.297335,198
1548929735.310659,199
1548929735.324235,199
1548929735.338229,199
1548929735.352045,198
1548929735.365334,199
1548929735.377344,197
1548929735.389470,199
1548929735.401957,199
1548929735.415020,196
1548929735.428633,198
1548929735.442503,197
1548929735.455808,200
1548929735.469600,195
1548929735.482906,200
1548929735.496037,196
1548929735.509284,199
1548929735.523098,198
1548929735.536723,196
1548929735.551119,192
1548929735.564642,199
1548929735.578288,197
1548929735.591942,194
1548929735.605552,200
1548929735.618985,200
1548929735.632333,199
1548929735.645619,197
1548929735.659289,196
1548929735.672711,199
1548929735.686186,200
1548929735.699797,197
1548929735.713139,198
1548929735.726466,197
1548929735.739789,197
1548929735.752919,196
1548929735.766454,192
1548929735.780012,197
1548929735.793350,198
1548929735.806712,198
1548929735.820062,199
1548929735.833655,197
1548929735.846385,199
1548929735.858892,194
1548929735.871967,199
1548929735.885414,199
1548929735.898976,200
1548929735.912309,199
1548929735.924280,199
1548929735.936916,197
1548929735.949802,200
1548929735.963560,199
1548929735.977323,196
1548929735.990254,200
1548929736.003720,194
1548929736.017605,197
1548929736.030624,197
1548929736.043113,195
1548929736.056216,198
1548929736.069655,198
1548929736.082873,192
1548929736.096147,163
1548929736.109485,173
1548929736.122785,194
1548929736.136076,199
1548929736.149423,194
1548929736.162825,198
1548929736.176109,197
1548929736.189403,195
1548929736.202753,193
1548929736.216132,199
1548929736.227730,199
1548929736.239231,198
1548929736.251341,195
1548929736.263676,199
1548929736.276457,197
1548929736.289802,198
1548929736.303152,196
1548929736.316460,199
1548929736.329797,197
1548929736.343376,195
1548929736.357135,195
1548929736.370560,200
1548929736.383908,199
1548929736.396802,195
1548929736.409861,200
1548929736.423178,192
1548929736.436699,180
1548929736.450024,161
1548929736.463356,164
1548929736.476706,163
1548929736.489419,169
1548929736.502441,170
1548929736.515693,173
1548929736.528897,185
1548929736.542181,191
1548929736.555683,196
1548929736.568930,191
1548929736.582261,197
1548929736.595552,194
1548929736.608850,199
1548929736.622258,199
1548929736.635592,200
1548929736.648902,197
1548929736.662144,197
1548929736.673640,197
1548929736.686681,199
1548929736.700016,200
1548929736.713288,199
1548929736.726553,199
1548929736.739917,196
1548929736.753418,196
1548929736.766684,199
1548929736.780030,199
1548929736.793305,198
1548929736.807049,198
1548929736.820441,200
1548929736.833790,199
1548929736.846988,199
1548929736.860231,199
1548929736.873712,199
1548929736.887004,198
1548929736.900548,199
1548929736.913340,197
1548929736.927770,198
1548929736.941624,197
1548929736.955890,199
1548929736.969535,197
1548929736.982856,196
1548929736.996177,199
1548929737.009615,198
1548929737.023357,198
1548929737.036631,199
1548929737.049955,198
1548929737.063253,198
1548929737.075392,198
1548929737.088287,199
1548929737.101398,198
1548929737.112987,200
1548929737.126317,199
1548929737.139518,196
1548929737.152864,196
1548929737.166281,200
1548929737.179445,197
1548929737.191552,200
1548929737.203904,200
1548929737.217546,198
1548929737.230212,198
1548929737.243264,199
1548929737.256924,198
1548929737.270247,197
1548929737.284133,199
1548929737.297451,198
1548929737.310272,199
1548929737.323346,199
1548929737.335695,198
1548929737.348352,200
1548929737.361584,198
1548929737.375067,199
1548929737.388754,198
1548929737.402481,196
1548929737.416470,197
1548929737.429855,197
1548929737.443411,198
1548929737.457299,192
1548929737.471117,199
1548929737.484936,199
1548929737.496866,199
1548929737.509314,198
1548929737.522913,200
1548929737.536307,198
1548929737.549477,198
1548929737.561629,199
1548929737.575053,199
1548929737.588595,199
1548929737.602170,198
1548929737.615609,199
1548929737.629169,196
1548929737.642784,197
1548929737.655914,195
1548929737.669122,196
1548929737.682409,199
1548929737.696268,197
1548929737.709693,199
1548929737.723587,199
1548929737.737638,197
1548929737.751617,199
1548929737.765000,198
1548929737.778655,198
1548929737.792307,199
1548929737.806062,197
1548929737.819524,191
1548929737.833516,192
1548929737.847197,192
1548929737.860779,199
1548929737.874140,187
1548929737.887479,187
1548929737.900917,182
1548929737.914260,193
1548929737.927797,199
1548929737.941290,199
1548929737.954637,200
1548929737.967935,199
1548929737.981384,192
1548929737.994735,196
1548929738.008077,198
1548929738.021390,199
1548929738.033502,200
1548929738.046324,198
1548929738.059340,198
1548929738.072676,199
1548929738.086290,200
1548929738.098829,200
1548929738.111882,197
1548929738.125230,199
1548929738.137809,200
1548929738.150028,198
1548929738.163251,199
1548929738.176414,197
1548929738.189730,196
1548929738.202987,198
1548929738.216640,199
1548929738.230208,197
1548929738.243412,198
1548929738.256762,197
1548929738.269385,196
1548929738.282871,197
1548929738.296032,197
1548929738.309461,199
1548929738.323046,197
1548929738.336378,197
1548929738.349666,196
1548929738.362061,199
1548929738.374470,199
1548929738.386885,198
1548929738.398596,197
1548929738.411261,199
1548929738.424527,199
1548929738.437853,196
1548929738.451183,199
1548929738.464542,197
1548929738.477858,198
1548929738.491448,198
1548929738.504174,199
1548929738.517127,197
1548929738.530322,197
1548929738.543725,197
1548929738.556316,200
1548929738.569265,196
1548929738.582922,199
1548929738.595555,199
1548929738.608377,199
1548929738.621519,198
1548929738.635159,198
1548929738.648575,199
1548929738.662241,198
1548929738.675647,197
1548929738.688365,197
1548929738.700913,188
1548929738.714164,198
1548929738.727780,194
1548929738.741141,199
1548929738.754664,196
1548929738.767863,198
1548929738.781653,199
1548929738.795138,199
1548929738.809266,192
1548929738.822692,198
1548929738.836162,198
1548929738.848948,195
1548929738.861851,195
1548929738.875326,200
1548929738.888655,199
1548929738.902225,198
1548929738.914683,198
1548929738.927403,197
1548929738.941291,194
1548929738.954574,196
1548929738.967938,200
1548929738.981975,197
1548929738.994983,197
1548929739.007231,197
1548929739.019782,199
1548929739.032313,196
1548929739.044538,196
1548929739.057497,198
1548929739.070858,199
1548929739.084179,196
1548929739.097666,168
1548929739.111277,178
1548929739.125221,180
1548929739.138633,187
1548929739.152178,185
1548929739.165551,193
1548929739.178903,196
1548929739.192297,200
1548929739.205752,191
1548929739.219079,200
1548929739.232443,192
1548929739.245744,193
1548929739.259385,195
1548929739.272537,199
1548929739.284145,198
1548929739.296477,196
1548929739.309664,196
1548929739.323056,200
1548929739.336382,197
1548929739.349728,200
1548929739.363131,196
1548929739.376486,193
1548929739.389837,200
1548929739.403176,198
1548929739.416472,197
1548929739.429794,197
1548929739.443549,199
1548929739.456968,199
1548929739.470164,199
1548929739.483485,199
1548929739.496899,200
1548929739.510316,199
1548929739.523660,197
1548929739.536972,198
1548929739.549839,196
1548929739.563257,200
1548929739.575603,197
1548929739.588462,198
1548929739.601758,200
1548929739.615410,197
1548929739.628978,199
1548929739.642338,200
1548929739.655770,198
1548929739.669343,198
1548929739.682572,200
1548929739.696078,197
1548929739.709060,198
1548929739.721435,198
1548929739.734057,199
1548929739.747102,198
1548929739.760120,198
1548929739.773363,199
1548929739.786729,199
1548929739.800239,198
1548929739.813268,196
1548929739.826453,197
1548929739.839831,198
1548929739.852422,198
1548929739.865500,196
1548929739.877967,199
1548929739.890964,198
1548929739.903692,196
1548929739.916761,195
1548929739.929640,196
1548929739.943003,199
1548929739.956362,200
1548929739.969407,199
1548929739.982311,196
1548929739.995829,195
1548929740.009135,189
1548929740.022445,196
1548929740.035765,192
1548929740.049055,177
1548929740.062701,177
1548929740.076356,175
1548929740.090220,199
1548929740.104285,198
1548929740.117738,198
1548929740.131161,195
1548929740.144437,197
1548929740.157723,199
1548929740.170570,198
1548929740.182579,199
1548929740.195526,199
1548929740.208691,193
1548929740.221867,199
1548929740.235211,199
1548929740.248571,199
1548929740.262187,197
1548929740.273923,200
1548929740.286579,199
1548929740.299780,199
1548929740.312862,200
1548929740.326393,196
1548929740.339775,199
1548929740.353115,199
1548929740.366414,197
1548929740.379818,196
1548929740.393441,196
1548929740.405687,197
1548929740.417932,198
1548929740.430711,198
1548929740.444100,197
1548929740.457555,195
1548929740.470562,198
1548929740.483206,199
1548929740.496179,197
1548929740.509267,200
1548929740.522735,199
1548929740.536160,196
1548929740.549544,196
1548929740.562977,194
1548929740.575095,200
1548929740.587934,196
1548929740.601230,195
1548929740.615150,199
1548929740.628419,200
1548929740.641699,199
1548929740.653930,196
1548929740.667686,199
1548929740.680938,195
1548929740.694258,193
1548929740.707732,189
1548929740.721090,198
1548929740.734696,199
1548929740.748214,196
1548929740.761525,195
1548929740.774881,192
1548929740.788204,176
1548929740.801502,157
1548929740.814825,158
1548929740.828194,184
1548929740.841815,199
1548929740.855004,198
1548929740.868099,200
1548929740.881858,199
1548929740.895354,197
1548929740.908719,200
1548929740.922175,199
1548929740.935560,197
1548929740.949133,197
1548929740.962464,197
1548929740.975909,197
1548929740.989193,199
1548929741.002195,198
1548929741.015776,197
1548929741.027362,196
1548929741.038894,199
1548929741.050629,200
1548929741.063724,198
1548929741.077164,197
1548929741.090640,195
1548929741.104162,196
1548929741.118105,200
1548929741.131621,197
1548929741.145457,197
1548929741.159105,198
1548929741.172336,200
1548929741.186164,195
1548929741.199530,197
1548929741.212950,199
1548929741.225148,199
1548929741.238811,195
1548929741.250838,196
1548929741.263707,200
1548929741.275277,198
1548929741.287771,198
1548929741.300712,199
1548929741.314484,198
1548929741.326909,198
1548929741.339312,197
1548929741.351575,199
1548929741.364503,198
1548929741.378202,198
1548929741.391757,199
1548929741.403848,200
1548929741.415695,200
1548929741.427734,199
1548929741.439884,198
1548929741.452390,198
1548929741.465761,198
1548929741.478871,197
1548929741.492424,199
1548929741.506243,196
1548929741.519456,199
1548929741.533133,197
1548929741.546561,199
1548929741.560006,199
1548929741.572430,198
1548929741.585593,198
1548929741.597993,199
1548929741.611011,199
1548929741.624172,192
1548929741.637572,200
1548929741.650851,199
1548929741.663029,198
1548929741.675084,197
1548929741.687698,196
1548929741.700806,199
1548929741.714289,196
1548929741.726623,199
1548929741.739057,198
1548929741.751541,198
1548929741.763862,200
1548929741.776727,197
1548929741.790261,199
1548929741.803065,196
1548929741.816284,198
1548929741.829424,196
1548929741.843358,198
1548929741.857180,198
1548929741.871060,196
1548929741.884727,198
1548929741.898307,200
1548929741.910996,199
1548929741.922872,197
1548929741.935199,199
1548929741.947479,198
1548929741.960576,198
1548929741.973584,195
1548929741.986928,197
1548929742.000360,197
1548929742.013659,197
1548929742.025832,199
1548929742.038883,199
1548929742.052280,199
1548929742.065686,194
1548929742.079369,192
1548929742.092702,190
1548929742.106766,199
1548929742.120173,199
1548929742.132399,197
1548929742.145854,198
1548929742.159198,200
1548929742.172504,196
1548929742.186170,199
1548929742.199392,199
1548929742.212761,196
1548929742.225897,197
1548929742.239224,198
1548929742.252509,198
1548929742.265827,197
1548929742.279105,199
1548929742.292448,199
1548929742.306125,198
1548929742.319492,196
1548929742.332808,198
1548929742.346094,199
1548929742.359189,198
1548929742.372326,197
1548929742.385574,196
1548929742.399398,198
1548929742.412729,199
1548929742.426211,194
1548929742.440039,199
1548929742.453404,199
1548929742.466536,198
1548929742.479724,198
1548929742.493424,198
1548929742.506816,200
1548929742.520072,196
1548929742.533431,198
1548929742.546949,198
1548929742.560402,195
1548929742.573843,194
1548929742.587213,200
1548929742.600551,198
1548929742.614111,197
1548929742.627744,193
1548929742.641561,196
1548929742.654935,197
1548929742.668346,199
1548929742.681815,199
1548929742.695360,199
1548929742.708969,191
1548929742.722313,190
1548929742.735736,197
1548929742.749040,199
1548929742.762602,200
1548929742.775828,200
1548929742.789556,198
1548929742.802946,197
1548929742.816705,199
1548929742.829619,199
1548929742.842755,200
1548929742.856479,198
1548929742.869871,199
1548929742.884027,200
1548929742.897370,199
1548929742.910808,198
1548929742.924187,195
1548929742.937607,196
1548929742.951065,196
1548929742.964521,199
1548929742.978141,195
1548929742.990962,198
1548929743.003803,198
1548929743.017233,197
1548929743.030580,200
1548929743.044171,198
1548929743.056001,198
1548929743.068667,199
1548929743.081655,198
1548929743.094926,197
1548929743.108220,198
1548929743.121531,198
1548929743.134894,198
1548929743.148358,199
1548929743.161808,195
1548929743.174899,196
1548929743.188710,198
1548929743.202040,200
1548929743.214948,199
1548929743.228670,200
1548929743.242054,198
1548929743.255776,200
1548929743.269602,199
1548929743.283206,196
1548929743.296933,195
1548929743.310852,197
1548929743.324244,200
1548929743.337879,195
1548929743.350380,199
1548929743.363304,199
1548929743.376577,197
1548929743.389877,198
1548929743.402908,197
1548929743.416172,197
1548929743.429586,200
1548929743.443094,195
1548929743.456428,195
1548929743.469860,199
1548929743.483179,198
1548929743.496643,196
1548929743.510018,198
1548929743.523901,200
1548929743.537745,199
1548929743.551141,199
1548929743.564347,197
1548929743.577579,198
1548929743.590799,199
1548929743.603433,198
1548929743.616691,197
1548929743.629519,200
1548929743.642870,200
1548929743.656280,199
1548929743.668856,197
1548929743.682312,197
1548929743.695718,199
1548929743.709485,198
1548929743.723009,196
1548929743.736627,198
1548929743.750518,198
1548929743.763848,194
1548929743.777137,190
1548929743.790880,199
1548929743.804239,199
1548929743.817541,198
1548929743.830780,200
1548929743.844195,198
1548929743.857853,197
1548929743.871468,199
1548929743.884076,199
1548929743.897167,197
1548929743.910604,200
1548929743.923974,200
1548929743.937671,199
1548929743.951095,197
1548929743.964515,198
1548929743.977833,199
1548929743.990921,199
1548929744.004215,198
1548929744.017495,189
1548929744.030915,197
1548929744.044277,195
1548929744.056967,198
1548929744.070239,199
1548929744.084119,197
1548929744.097571,198
1548929744.110923,200
1548929744.124229,192
1548929744.137572,199
1548929744.151006,196
1548929744.164265,193
1548929744.178171,191
1548929744.191546,199
1548929744.204863,199
1548929744.216472,197
1548929744.228620,197
1548929744.241740,198
1548929744.255429,197
1548929744.268811,199
1548929744.282275,198
1548929744.296115,199
1548929744.309888,198
1548929744.323492,198
1548929744.336675,199
1548929744.350144,198
1548929744.363519,197
1548929744.376828,199
1548929744.390495,199
1548929744.403780,190
1548929744.417277,199
1548929744.430891,175
1548929744.444220,176
1548929744.457455,175
1548929744.471012,176
1548929744.484642,193
1548929744.498412,200
1548929744.510999,195
1548929744.523887,197
1548929744.537023,197
1548929744.550353,200
1548929744.563746,193
1548929744.576970,185
1548929744.590242,192
1548929744.603585,195
1548929744.616830,199
1548929744.630106,197
1548929744.643413,198
1548929744.656672,199
1548929744.670050,199
1548929744.683555,199
1548929744.696898,200
1548929744.710216,198
1548929744.723795,199
1548929744.737068,198
1548929744.750383,198
1548929744.763775,198
1548929744.777171,199
1548929744.790481,199
1548929744.803662,196
1548929744.816978,200
1548929744.830443,195
1548929744.843863,200
1548929744.857479,199
1548929744.870819,196
1548929744.884156,199
1548929744.897447,200
1548929744.910743,200
1548929744.924177,198
1548929744.937523,195
1548929744.950792,197
1548929744.964126,198
1548929744.977385,200
1548929744.990684,198
1548929745.004139,198
1548929745.017664,197
1548929745.031201,199
1548929745.044518,199
1548929745.057966,197
1548929745.072074,200
1548929745.085387,199
1548929745.098847,199
1548929745.112461,199
1548929745.125798,198
1548929745.139420,197
1548929745.152823,198
1548929745.166147,197
1548929745.179317,198
1548929745.192792,198
1548929745.206204,198
1548929745.220027,196
1548929745.233662,199
1548929745.245837,197
1548929745.258756,198
1548929745.272405,197
1548929745.285712,198
1548929745.299092,200
1548929745.312759,197
1548929745.326070,199
1548929745.339421,194
1548929745.352750,199
1548929745.366091,198
1548929745.379399,196
1548929745.392918,199
1548929745.406337,199
1548929745.419682,197
1548929745.433406,198
1548929745.446780,199
1548929745.460131,199
1548929745.473965,200
1548929745.487461,198
1548929745.501189,197
1548929745.515128,199
1548929745.528488,198
1548929745.542075,198
1548929745.555434,200
1548929745.568742,198
1548929745.582186,195
1548929745.595513,196
1548929745.608278,200
1548929745.621928,199
1548929745.635287,200
1548929745.648592,195
1548929745.661592,200
1548929745.675296,199
1548929745.689110,196
1548929745.702699,198
1548929745.716227,194
1548929745.729710,197
1548929745.743159,199
1548929745.756581,198
1548929745.769534,194
1548929745.782854,195
1548929745.796551,197
1548929745.810058,200
1548929745.823570,195
1548929745.836912,196
1548929745.850294,200
1548929745.863761,199
1548929745.877195,196
1548929745.889889,198
1548929745.903401,200
1548929745.916671,197
1548929745.930047,196
1548929745.943644,200
1548929745.957522,199
1548929745.971419,199
1548929745.984263,199
1548929745.996151,198
1548929746.007748,199
1548929746.019247,199
1548929746.030717,200
1548929746.042328,199
1548929746.053910,199
1548929746.065474,198
1548929746.077180,197
1548929746.089004,195
1548929746.100814,198
1548929746.113056,199
1548929746.125001,196
1548929746.136885,199
1548929746.149440,197
1548929746.162360,197
1548929746.175333,197
1548929746.188317,198
1548929746.202153,198
1548929746.214982,199
1548929746.228694,198
1548929746.241649,199
1548929746.254006,197
1548929746.266271,200
1548929746.279523,198
1548929746.292913,197
1548929746.306772,199
1548929746.320094,197
1548929746.333262,196
1548929746.346737,199
1548929746.358367,198
1548929746.370842,199
1548929746.383078,198
1548929746.395738,199
1548929746.408698,198
1548929746.422178,199
1548929746.435405,198
1548929746.449229,197
1548929746.463116,197
1548929746.476421,190
1548929746.490035,194
1548929746.503944,195
1548929746.517327,199
1548929746.530769,200
1548929746.544090,191
1548929746.557436,194
1548929746.570716,189
1548929746.584015,193
1548929746.597540,193
1548929746.610957,193
1548929746.624258,196
1548929746.637869,199
1548929746.651172,198
1548929746.664441,194
1548929746.677710,194
1548929746.691018,200
1548929746.704296,199
1548929746.717554,199
1548929746.731090,199
1548929746.744425,199
1548929746.757700,197
1548929746.771075,198
1548929746.784395,198
1548929746.797670,200
1548929746.811020,200
1548929746.824474,199
1548929746.837836,199
1548929746.851596,198
1548929746.865072,199
1548929746.878635,198
1548929746.892303,200
1548929746.905938,199
1548929746.919603,200
1548929746.933377,199
1548929746.947361,196
1548929746.960121,199
1548929746.973201,200
1548929746.986939,199
1548929747.000038,198
1548929747.012649,200
1548929747.025858,200
1548929747.039454,198
1548929747.053929,198
1548929747.067528,198
1548929747.081150,199
1548929747.094759,196
1548929747.108151,199
1548929747.121378,198
1548929747.134801,197
1548929747.148311,198
1548929747.161341,199
1548929747.175359,200
1548929747.188770,194
1548929747.202955,184
1548929747.216327,191
1548929747.229665,196
1548929747.243498,199
1548929747.256802,194
1548929747.270140,185
1548929747.283450,193
1548929747.296749,189
1548929747.310120,195
1548929747.323647,194
1548929747.337341,200
1548929747.350717,192
1548929747.364077,199
1548929747.377512,185
1548929747.390960,186
1548929747.404506,199
1548929747.417977,197
1548929747.431396,198
1548929747.444770,198
1548929747.458337,197
1548929747.471733,199
1548929747.485581,199
1548929747.498987,199
1548929747.512628,198
1548929747.525984,197
1548929747.539306,200
1548929747.552555,199
1548929747.565989,200
1548929747.579579,199
1548929747.592817,199
1548929747.606256,197
1548929747.619606,200
1548929747.632961,195
1548929747.646293,199
1548929747.659696,199
1548929747.673603,200
1548929747.687619,198
1548929747.700934,199
1548929747.714296,198
1548929747.727627,197
1548929747.740935,200
1548929747.754397,199
1548929747.767029,200
1548929747.779286,198
1548929747.792911,198
1548929747.806263,197
1548929747.819541,199
1548929747.832872,198
1548929747.846190,196
1548929747.859552,199
1548929747.873099,196
1548929747.886379,198
1548929747.899664,200
1548929747.913212,199
1548929747.926458,199
1548929747.939166,199
1548929747.952206,199
1548929747.965295,199
1548929747.978629,199
1548929747.991938,197
1548929748.005226,199
1548929748.018690,198
1548929748.032301,198
1548929748.045846,198
1548929748.058566,200
1548929748.071954,199
1548929748.085423,198
1548929748.098762,198
1548929748.112744,199
1548929748.126067,196
1548929748.139572,199
1548929748.155181,194
1548929748.168309,194
1548929748.182128,197
1548929748.196062,196
1548929748.209534,194
1548929748.223347,185
1548929748.237187,189
1548929748.251022,185
1548929748.264733,185
1548929748.278481,198
1548929748.291970,181
1548929748.305543,164
1548929748.319001,158
1548929748.332443,171
1548929748.346656,187
1548929748.359705,200
1548929748.373298,198
1548929748.386910,199
1548929748.400853,199
1548929748.414367,200
1548929748.427756,200
1548929748.441168,199
1548929748.454855,200
1548929748.468291,198
1548929748.482211,198
1548929748.495895,198
1548929748.509213,197
1548929748.522635,198
1548929748.535982,198
1548929748.550201,195
1548929748.563533,199
1548929748.576253,199
1548929748.589927,199
1548929748.603625,196
1548929748.617309,200
1548929748.630780,199
1548929748.644149,199
1548929748.657932,197
1548929748.671731,199
1548929748.685738,199
1548929748.699070,198
1548929748.712807,196
1548929748.725498,199
1548929748.738790,196
1548929748.753305,200
1548929748.766742,195
1548929748.780236,198
1548929748.793402,199
1548929748.807514,197
1548929748.821008,199
1548929748.834732,198
1548929748.848829,198
1548929748.862158,196
1548929748.875493,198
1548929748.889169,199
1548929748.902611,199
1548929748.916048,198
1548929748.929504,199
1548929748.942958,199
1548929748.956010,197
1548929748.969727,199
1548929748.982956,194
1548929748.996267,197
1548929749.010211,200
1548929749.024104,197
1548929749.037107,196
1548929749.049986,200
1548929749.063187,198
1548929749.076559,199
1548929749.089983,197
1548929749.103770,199
1548929749.117100,198
1548929749.130467,191
1548929749.143933,194
1548929749.157607,198
1548929749.171370,196
1548929749.185248,198
1548929749.199295,196
1548929749.213001,196
1548929749.226565,200
1548929749.239943,200
1548929749.253550,199
1548929749.267017,198
1548929749.280931,200
1548929749.295327,200
1548929749.308705,197
1548929749.322659,200
1548929749.336143,200
1548929749.349737,199
1548929749.363039,196
1548929749.376394,195
1548929749.389957,199
1548929749.403258,200
1548929749.416156,195
1548929749.429410,199
1548929749.442973,199
1548929749.456318,195
1548929749.470089,197
1548929749.484020,199
1548929749.497359,198
1548929749.510110,195
1548929749.521613,198
1548929749.533831,199
1548929749.546802,197
1548929749.559235,197
1548929749.571996,194
1548929749.585192,197
1548929749.598597,186
1548929749.611881,198
1548929749.625133,198
1548929749.638483,200
1548929749.651781,194
1548929749.665131,200
1548929749.678732,193
1548929749.690959,199
1548929749.703483,199
1548929749.716374,199
1548929749.729289,198
1548929749.743416,199
1548929749.757102,197
1548929749.769967,199
1548929749.782702,199
1548929749.795366,198
1548929749.808609,197
1548929749.822327,199
1548929749.836023,198
1548929749.848588,198
1548929749.860832,198
1548929749.873056,199
1548929749.885840,199
1548929749.899125,198
1548929749.912744,198
1548929749.926009,199
1548929749.938886,196
1548929749.951500,198
1548929749.964211,197
1548929749.976912,196
1548929749.989724,196
1548929750.003208,200
1548929750.016477,196
1548929750.029559,200
1548929750.043491,198
1548929750.056837,200
1548929750.069230,198
1548929750.082295,198
1548929750.095947,195
1548929750.109498,199
1548929750.123239,197
1548929750.137451,199
1548929750.150720,199
1548929750.162904,199
1548929750.175693,199
1548929750.189879,199
1548929750.204223,193
1548929750.216433,196
1548929750.228438,198
1548929750.240850,198
1548929750.252913,197
1548929750.265206,199
1548929750.277165,200
1548929750.288784,191
1548929750.300392,189
1548929750.312201,191
1548929750.323943,197
1548929750.335675,200
1548929750.347452,199
1548929750.359234,199
1548929750.371013,200
1548929750.383455,196
1548929750.396604,200
1548929750.409895,199
1548929750.423322,199
1548929750.437203,198
1548929750.450957,193
1548929750.463998,200
1548929750.477360,197
1548929750.490744,198
1548929750.504632,198
1548929750.517814,200
1548929750.531389,199
1548929750.544967,194
1548929750.558606,196
1548929750.571158,200
1548929750.583354,197
1548929750.596552,198
1548929750.610429,199
1548929750.624588,198
1548929750.638858,195
1548929750.652413,196
1548929750.665821,199
1548929750.679404,200
1548929750.692936,190
1548929750.706886,191
1548929750.720163,200
1548929750.734491,188
1548929750.748094,180
1548929750.761864,199
1548929750.775540,198
1548929750.788897,196
1548929750.802471,200
1548929750.815853,200
1548929750.829617,199
1548929750.843566,198
1548929750.857089,199
1548929750.870752,199
1548929750.884561,200
1548929750.898547,199
1548929750.911700,198
1548929750.925127,199
1548929750.938738,199
1548929750.953411,199
1548929750.965793,200
1548929750.978985,196
1548929750.992704,195
1548929751.005629,200
1548929751.018782,199
1548929751.032334,199
1548929751.045722,196
1548929751.059759,200
1548929751.073275,195
1548929751.085891,197
1548929751.098496,192
1548929751.111418,199
1548929751.124733,199
1548929751.138442,197
1548929751.152117,200
1548929751.165469,200
1548929751.178376,193
1548929751.191707,198
1548929751.204564,199
1548929751.218374,197
1548929751.232171,199
1548929751.246097,199
1548929751.259406,198
1548929751.272728,195
1548929751.285691,200
1548929751.297762,198
1548929751.310170,197
1548929751.322877,196
1548929751.336302,197
1548929751.349845,196
1548929751.363331,185
1548929751.376796,194
1548929751.390417,197
1548929751.404234,198
1548929751.417730,195
1548929751.431298,198
1548929751.443131,199
1548929751.455996,199
1548929751.469434,192
1548929751.482915,199
1548929751.496307,199
1548929751.509630,199
1548929751.523106,199
1548929751.536412,196
1548929751.548491,199
1548929751.561685,198
1548929751.575333,197
1548929751.589023,198
1548929751.602512,197
1548929751.616148,196
1548929751.628957,199
1548929751.642836,195
1548929751.656430,198
1548929751.669848,199
1548929751.683476,196
1548929751.697060,199
1548929751.710853,198
1548929751.724634,196
1548929751.738628,199
1548929751.752075,198
1548929751.765507,199
1548929751.779683,198
1548929751.793408,199
1548929751.807248,199
1548929751.821548,196
1548929751.835356,199
1548929751.849092,196
1548929751.863364,199
1548929751.876800,198
1548929751.890508,199
1548929751.904098,195
1548929751.917587,199
1548929751.931037,199
1548929751.944406,193
1548929751.958287,199
1548929751.971696,199
1548929751.984849,196
1548929751.998126,200
1548929752.011690,196
1548929752.025171,195
1548929752.039183,198
1548929752.052540,197
1548929752.066013,199
1548929752.079885,196
1548929752.093321,198
1548929752.106493,197
1548929752.120012,200
1548929752.133643,199
1548929752.147581,198
1548929752.161235,197
1548929752.175066,199
1548929752.187098,197
1548929752.201145,195
1548929752.214845,196
1548929752.228397,200
1548929752.242298,197
1548929752.256184,198
1548929752.270475,198
1548929752.284125,199
1548929752.297335,194
1548929752.310572,200
1548929752.324292,199
1548929752.337732,197
1548929752.351630,198
1548929752.365535,197
1548929752.378942,197
1548929752.392720,198
1548929752.406087,191
1548929752.419781,195
1548929752.433117,198
1548929752.446003,199
1548929752.459892,198
1548929752.473458,198
1548929752.487000,195
1548929752.500171,197
1548929752.513941,199
1548929752.526293,197
1548929752.538795,199
1548929752.551798,195
1548929752.564923,196
1548929752.577419,200
1548929752.590444,194
1548929752.604149,198
1548929752.617952,199
1548929752.632063,196
1548929752.643958,197
1548929752.657396,195
1548929752.671262,199
1548929752.684582,199
1548929752.697956,197
1548929752.710093,199
1548929752.723278,198
1548929752.736522,197
1548929752.750086,199
1548929752.763522,200
1548929752.776868,199
1548929752.790391,193
1548929752.804088,197
1548929752.817411,197
1548929752.830717,197
1548929752.844509,198
1548929752.857880,196
1548929752.871365,199
1548929752.885257,185
1548929752.898652,184
1548929752.912077,188
1548929752.925536,191
1548929752.938904,198
1548929752.952243,198
1548929752.965510,193
1548929752.978924,200
1548929752.992441,200
1548929753.005717,198
1548929753.019453,198
1548929753.032860,186
1548929753.046423,192
1548929753.058640,199
1548929753.071811,198
1548929753.085121,198
1548929753.098699,196
1548929753.112115,199
1548929753.125803,198
1548929753.139159,197
1548929753.153053,200
1548929753.166385,198
1548929753.179732,200
1548929753.193478,197
1548929753.206914,198
1548929753.220533,199
1548929753.234743,199
1548929753.247599,198
1548929753.261668,199
1548929753.274830,199
1548929753.288465,199
1548929753.302647,198
1548929753.317435,198
1548929753.331544,198
1548929753.345438,199
1548929753.359580,200
1548929753.373464,199
1548929753.387681,200
1548929753.401267,199
1548929753.415399,198
1548929753.428173,200
1548929753.441348,198
1548929753.455188,200
1548929753.469273,196
1548929753.482960,197
1548929753.497414,198
1548929753.511000,199
1548929753.523117,199
1548929753.536192,198
1548929753.549023,199
1548929753.562326,199
1548929753.575698,199
1548929753.588822,199
1548929753.602525,199
1548929753.616107,197
1548929753.629877,199
1548929753.643226,198
1548929753.655332,200
1548929753.668272,199
1548929753.680764,199
1548929753.693836,199
1548929753.707746,196
1548929753.720785,198
1548929753.733630,200
1548929753.747402,199
1548929753.761836,198
1548929753.774760,197
1548929753.788536,199
1548929753.801908,197
1548929753.815560,198
1548929753.829666,200
1548929753.844044,197
1548929753.857911,196
1548929753.870767,199
1548929753.883425,199
1548929753.896792,199
1548929753.910121,200
1548929753.924017,197
1548929753.937456,192
1548929753.950877,196
1548929753.964357,197
1548929753.977904,199
1548929753.991817,197
1548929754.005222,181
1548929754.018487,196
1548929754.031960,200
1548929754.045332,198
1548929754.058758,199
1548929754.072346,196
1548929754.086133,200
1548929754.099697,200
1548929754.113595,198
1548929754.128212,197
1548929754.141413,199
1548929754.155149,199
1548929754.168880,197
1548929754.181542,199
1548929754.194860,195
1548929754.208887,199
1548929754.223291,199
1548929754.237172,200
1548929754.250626,198
1548929754.263985,197
1548929754.277831,199
1548929754.291274,199
1548929754.305109,195
1548929754.317587,197
1548929754.331156,197
1548929754.344116,199
1548929754.357309,199
1548929754.371099,184
1548929754.384449,196
1548929754.397709,199
1548929754.411073,197
1548929754.424382,198
1548929754.437797,200
1548929754.451077,200
1548929754.464378,196
1548929754.477671,198
1548929754.490992,195
1548929754.504363,199
1548929754.518103,199
1548929754.531677,199
1548929754.544520,198
1548929754.557919,198
1548929754.571606,197
1548929754.585345,199
1548929754.599284,195
1548929754.612939,196
1548929754.626827,198
1548929754.640668,199
1548929754.654015,197
1548929754.667694,198
1548929754.681019,200
1548929754.695250,193
1548929754.708730,200
1548929754.722857,194
1548929754.736169,196
1548929754.749887,195
1548929754.763749,200
1548929754.777209,198
1548929754.790591,195
1548929754.804687,197
1548929754.818532,199
1548929754.831906,197
1548929754.845271,193
1548929754.859020,196
1548929754.872497,199
1548929754.886027,198
1548929754.899776,196
1548929754.913286,199
1548929754.927401,198
1548929754.940864,196
1548929754.954263,191
1548929754.968075,196
1548929754.981577,200
1548929754.994942,198
1548929755.007999,199
1548929755.021194,200
1548929755.034685,199
1548929755.048077,179
1548929755.061387,183
1548929755.074950,186
1548929755.086585,188
1548929755.098673,197
1548929755.110736,198
1548929755.123390,198
1548929755.136549,199
1548929755.149837,197
1548929755.163229,198
1548929755.176564,199
1548929755.189942,197
1548929755.203358,198
1548929755.216944,198
1548929755.230465,198
1548929755.243837,198
1548929755.257154,199
1548929755.270407,200
1548929755.283572,200
1548929755.296562,197
1548929755.309375,199
1548929755.322034,197
1548929755.335237,199
1548929755.348832,198
1548929755.362284,199
1548929755.375890,200
1548929755.388806,198
1548929755.402060,200
1548929755.415148,199
1548929755.428545,200
1548929755.442452,198
1548929755.456070,197
1548929755.469659,199
1548929755.483233,196
1548929755.496595,197
1548929755.510267,199
1548929755.523415,199
1548929755.536534,198
1548929755.549990,198
1548929755.563364,199
1548929755.577107,199
1548929755.590607,196
1548929755.604013,200
1548929755.617360,198
1548929755.630766,199
1548929755.644136,186
1548929755.657738,191
1548929755.671097,196
1548929755.684889,199
1548929755.697950,196
1548929755.711412,197
1548929755.724747,199
1548929755.738061,199
1548929755.751359,193
1548929755.764648,199
1548929755.777968,198
1548929755.791294,200
1548929755.804550,196
1548929755.818235,200
1548929755.831661,196
1548929755.844981,198
1548929755.858404,197
1548929755.871721,200
1548929755.885588,200
1548929755.898880,196
1548929755.912256,198
1548929755.925437,199
1548929755.939184,199
1548929755.952625,197
1548929755.966268,199
1548929755.980157,200
1548929755.994135,197
1548929756.007646,196
1548929756.021008,199
1548929756.035270,197
1548929756.048698,197
1548929756.062079,200
1548929756.075499,197
1548929756.088958,200
1548929756.102366,196
1548929756.115760,197
1548929756.129942,198
1548929756.143314,198
1548929756.156621,198
1548929756.169922,199
1548929756.183369,196
1548929756.196749,197
1548929756.210630,198
1548929756.224140,198
1548929756.237518,196
1548929756.250920,196
1548929756.264524,195
1548929756.278241,199
1548929756.291820,196
1548929756.304776,193
1548929756.317764,196
1548929756.331190,199
1548929756.344609,200
1548929756.357896,198
1548929756.371235,198
1548929756.385072,199
1548929756.398455,194
1548929756.412415,198
1548929756.425870,198
1548929756.439274,199
1548929756.453625,198
1548929756.467222,200
1548929756.480802,196
1548929756.494210,200
1548929756.507788,198
1548929756.521498,196
1548929756.534839,198
1548929756.548611,195
1548929756.562134,195
1548929756.575275,197
1548929756.588981,200
1548929756.601415,198
1548929756.614563,196
1548929756.626631,199
1548929756.638859,200
1548929756.651595,198
1548929756.663594,196
1548929756.676356,200
1548929756.688427,199
1548929756.701947,200
1548929756.715054,195
1548929756.728387,199
1548929756.741736,198
1548929756.755216,196
1548929756.768889,196
1548929756.782129,199
1548929756.793777,200
1548929756.806454,196
1548929756.819839,199
1548929756.833612,199
1548929756.847786,194
1548929756.861039,194
1548929756.874103,200
1548929756.887573,197
1548929756.901512,185
1548929756.914851,169
1548929756.928127,180
1548929756.941580,183
1548929756.955950,191
1548929756.969552,195
1548929756.982960,200
1548929756.996754,196
1548929757.010249,182
1548929757.023553,170
1548929757.036899,196
1548929757.050349,196
1548929757.063639,199
1548929757.077117,198
1548929757.090461,198
1548929757.103838,196
1548929757.117222,198
1548929757.130603,199
1548929757.144330,200
1548929757.157594,198
1548929757.171046,197
1548929757.184616,197
1548929757.197972,200
1548929757.211455,198
1548929757.224794,199
1548929757.238058,197
1548929757.251535,198
1548929757.265289,196
1548929757.278837,198
1548929757.291484,197
1548929757.303855,199
1548929757.316416,196
1548929757.330314,198
1548929757.343875,198
1548929757.357363,198
1548929757.370753,197
1548929757.384063,200
1548929757.398065,196
1548929757.411937,200
1548929757.425261,190
1548929757.438580,193
1548929757.452082,198
1548929757.465395,198
1548929757.479020,199
1548929757.491616,196
1548929757.504053,196
1548929757.517020,200
1548929757.529963,200
1548929757.543226,195
1548929757.556585,187
1548929757.569857,191
1548929757.583614,197
1548929757.596887,200
1548929757.610200,197
1548929757.622690,199
1548929757.636125,196
1548929757.649915,200
1548929757.663305,199
1548929757.676613,198
1548929757.689504,194
1548929757.703273,189
1548929757.716587,194
1548929757.730495,199
1548929757.743842,199
1548929757.757914,200
1548929757.771909,198
1548929757.785917,199
1548929757.799408,198
1548929757.812741,197
1548929757.826035,199
1548929757.839376,197
1548929757.852833,199
1548929757.866353,199
1548929757.879948,199
1548929757.892820,196
1548929757.905881,195
1548929757.919546,198
1548929757.933312,196
1548929757.946660,197
1548929757.960938,196
1548929757.973635,199
1548929757.986433,198
1548929757.999485,198
1548929758.012961,198
1548929758.026346,199
1548929758.040345,198
1548929758.053884,196
1548929758.066353,199
1548929758.078810,198
1548929758.092251,199
1548929758.105898,198
1548929758.119309,200
1548929758.132693,195
1548929758.146018,196
1548929758.159265,197
1548929758.172851,199
1548929758.186423,198
1548929758.199366,199
1548929758.212099,199
1548929758.225147,200
1548929758.238505,198
1548929758.251300,198
1548929758.264729,200
1548929758.278709,195
1548929758.292043,198
1548929758.305317,199
1548929758.318257,199
1548929758.332061,199
1548929758.345470,197
1548929758.358104,193
1548929758.370670,200
1548929758.383447,197
1548929758.396509,199
1548929758.410560,195
1548929758.424209,198
1548929758.437520,193
1548929758.450841,185
1548929758.464178,189
1548929758.476157,197
1548929758.488772,198
1548929758.502115,197
1548929758.515647,195
1548929758.528958,199
1548929758.542416,169
1548929758.555855,155
1548929758.569152,155
1548929758.582671,170
1548929758.596002,189
1548929758.609265,200
1548929758.622539,197
1548929758.635856,195
1548929758.649438,197
1548929758.663064,197
1548929758.676409,199
1548929758.689697,199
1548929758.703358,198
1548929758.717338,200
1548929758.730816,196
1548929758.744379,200
1548929758.757708,200
1548929758.771359,198
1548929758.783734,197
1548929758.796834,200
1548929758.810515,199
1548929758.824147,198
1548929758.837531,196
1548929758.851139,200
1548929758.864492,197
1548929758.878098,198
1548929758.892121,200
1548929758.906184,199
1548929758.919856,194
1548929758.933423,194
1548929758.946798,198
1548929758.960156,198
1548929758.973788,198
1548929758.987722,196
1548929759.001055,197
1548929759.014419,197
1548929759.027282,194
1548929759.039520,199
1548929759.052231,195
1548929759.065205,197
1548929759.078449,197
1548929759.092164,199
1548929759.105480,195
1548929759.118577,195
1548929759.132007,198
1548929759.145208,196
1548929759.158821,198
1548929759.172179,199
1548929759.185050,198
1548929759.198347,196
1548929759.211637,198
1548929759.225272,199
1548929759.238645,200
1548929759.252086,197
1548929759.265482,198
1548929759.278809,200
1548929759.292224,199
1548929759.305463,197
1548929759.318803,198
1548929759.332493,199
1548929759.346143,199
1548929759.359530,196
1548929759.372359,195
1548929759.385686,199
1548929759.399086,198
1548929759.412548,197
1548929759.425538,199
1548929759.438671,198
1548929759.452176,199
1548929759.465098,198
1548929759.479424,197
1548929759.492851,194
1548929759.506282,197
1548929759.518621,197
1548929759.531546,197
1548929759.545472,197
1548929759.558920,196
1548929759.572164,198
1548929759.584800,198
1548929759.597877,198
1548929759.611318,198
1548929759.625488,197
1548929759.638914,193
1548929759.652523,199
1548929759.664446,198
1548929759.678026,196
1548929759.691036,199
1548929759.704429,198
1548929759.717864,199
1548929759.731169,200
1548929759.744457,194
1548929759.757160,200
1548929759.770942,199
1548929759.784026,194
1548929759.797775,195
1548929759.811299,199
1548929759.824824,196
1548929759.838242,196
1548929759.850894,199
1548929759.864240,199
1548929759.876007,195
1548929759.887595,196
1548929759.899826,199
1548929759.913072,195
1548929759.926292,196
1548929759.938650,199
1548929759.951292,195
1548929759.962989,198
1548929759.975222,191
1548929759.988015,199
1548929760.001021,189
1548929760.015248,192
1548929760.028627,200
1548929760.042036,198
1548929760.055231,196
1548929760.067666,200
1548929760.080659,197
1548929760.094242,198
1548929760.108078,195
1548929760.121927,200
1548929760.135627,198
1548929760.149061,198
1548929760.162575,200
1548929760.174907,200
1548929760.188075,197
1548929760.201500,198
1548929760.215291,197
1548929760.228985,200
1548929760.242206,200
1548929760.255975,196
1548929760.269495,194
1548929760.283277,200
1548929760.297271,195
1548929760.309788,197
1548929760.323113,195
1548929760.336369,197
1548929760.349971,199
1548929760.363218,196
1548929760.376475,198
1548929760.390136,198
1548929760.403889,199
1548929760.417531,198
1548929760.431336,197
1548929760.443463,196
1548929760.455816,196
1548929760.469000,199
1548929760.482907,197
1548929760.497049,197
1548929760.510939,198
1548929760.523636,199
1548929760.537142,200
1548929760.550606,187
1548929760.564188,186
1548929760.577819,198
1548929760.591307,198
1548929760.604727,194
1548929760.618316,198
1548929760.631714,198
1548929760.645141,199
1548929760.658911,194
1548929760.671487,200
1548929760.684207,200
1548929760.697283,197
1548929760.711095,193
1548929760.724413,200
1548929760.738279,199
1548929760.751908,197
1548929760.765469,199
1548929760.778993,195
1548929760.792522,198
1548929760.805904,199
1548929760.819373,198
1548929760.832837,199
1548929760.846245,198
1548929760.859692,199
1548929760.873131,198
1548929760.886484,198
1548929760.900550,195
1548929760.912807,196
1548929760.925320,198
1548929760.938219,199
1548929760.951925,196
1548929760.965702,197
1548929760.979969,199
1548929760.992177,198
1548929761.005425,198
1548929761.018674,198
1548929761.031859,200
1548929761.045338,196
1548929761.059087,197
1548929761.072795,197
1548929761.086357,199
1548929761.100408,200
1548929761.113828,197
1548929761.127203,197
1548929761.140726,195
1548929761.154675,199
1548929761.168101,198
1548929761.181704,197
1548929761.194719,200
1548929761.208292,200
1548929761.221867,197
1548929761.235222,200
1548929761.249192,199
1548929761.262858,199
1548929761.277136,198
1548929761.290589,197
1548929761.304160,199
1548929761.317657,195
1548929761.331339,199
1548929761.344811,199
1548929761.358267,197
1548929761.371772,199
1548929761.385244,197
1548929761.398659,195
1548929761.412127,198
1548929761.426035,199
1548929761.439508,197
1548929761.453071,199
1548929761.466418,197
1548929761.480170,199
1548929761.493843,194
1548929761.507151,200
1548929761.520634,198
1548929761.533867,198
1548929761.547572,199
1548929761.560839,196
1548929761.574131,195
1548929761.585980,199
1548929761.598488,192
1548929761.611603,194
1548929761.624726,198
1548929761.638186,198
1548929761.652612,197
1548929761.666100,199
1548929761.679527,197
1548929761.692977,199
1548929761.706368,185
1548929761.720299,195
1548929761.733582,197
1548929761.747753,200
1548929761.761199,200
1548929761.774572,196
1548929761.788695,200
1548929761.802274,200
1548929761.815676,200
1548929761.829092,199
1548929761.842944,200
1548929761.856751,198
1548929761.870242,200
1548929761.883622,197
1548929761.897468,197
1548929761.911172,199
1548929761.924527,200
1548929761.938310,196
1548929761.951931,198
1548929761.965707,199
1548929761.979066,199
1548929761.993269,197
1548929762.006894,194
1548929762.020359,198
1548929762.034496,200
1548929762.048326,197
1548929762.060719,198
1548929762.074100,198
1548929762.087819,199
1548929762.100019,194
1548929762.113000,199
1548929762.126583,199
1548929762.139777,197
1548929762.153046,164
1548929762.166854,171
1548929762.180811,175
1548929762.194605,173
1548929762.208606,177
1548929762.221925,172
1548929762.235264,178
1548929762.248512,180
1548929762.261843,178
1548929762.275100,180
1548929762.288371,193
1548929762.301649,198
