1548930502.179137,0
1548930502.193456,0
1548930502.207141,12
1548930502.220236,29
1548930502.234487,61
1548930502.248584,86
1548930502.263368,119
1548930502.277621,162
1548930502.292332,194
1548930502.307755,227
1548930502.323091,256
1548930502.337542,327
1548930502.352003,349
1548930502.367911,383
1548930502.383771,392
1548930502.399306,403
1548930502.414755,404
1548930502.430788,416
1548930502.444194,432
1548930502.458614,453
1548930502.473954,458
1548930502.489219,458
1548930502.504264,443
1548930502.519310,443
1548930502.534266,441
1548930502.549168,457
1548930502.564108,483
1548930502.579281,523
1548930502.594948,547
1548930502.608661,563
1548930502.622163,590
1548930502.636186,610
1548930502.651089,629
1548930502.665944,638
1548930502.681312,657
1548930502.696571,657
1548930502.711544,651
1548930502.727293,641
1548930502.742290,637
1548930502.757515,618
1548930502.771621,607
1548930502.786404,590
1548930502.801450,577
1548930502.816449,569
1548930502.831562,553
1548930502.846613,550
1548930502.862135,536
1548930502.877250,505
1548930502.890667,506
1548930502.904599,492
1548930502.919023,473
1548930502.933886,459
1548930502.949670,445
1548930502.964873,402
1548930502.980061,362
1548930502.995043,361
1548930503.010297,344
1548930503.025384,323
1548930503.041013,265
1548930503.055633,241
1548930503.070268,227
1548930503.084959,194
1548930503.100090,152
1548930503.114149,139
1548930503.128722,96
1548930503.142908,57
1548930503.156894,1
1548930503.170800,0
1548930503.185114,1
1548930503.200993,0
1548930503.215072,0
1548930503.229288,0
1548930503.242781,2
1548930503.256943,1
1548930503.272189,0
1548930503.285691,0
1548930503.299109,8
1548930503.313254,0
1548930503.327690,1
1548930503.342087,8
1548930503.355870,100
1548930503.369973,194
1548930503.383529,206
1548930503.397223,234
1548930503.411272,260
1548930503.426829,289
1548930503.441153,271
1548930503.455534,262
1548930503.469642,246
1548930503.483488,227
1548930503.498849,215
1548930503.513075,204
1548930503.528439,149
1548930503.541426,132
1548930503.555184,76
1548930503.570050,24
1548930503.583665,2
1548930503.597843,1
1548930503.612075,0
1548930503.626535,3
1548930503.640717,1
1548930503.654773,0
1548930503.668087,11
1548930503.681491,16
1548930503.695576,135
1548930503.708949,188
1548930503.721918,197
1548930503.736121,130
1548930503.750837,86
1548930503.764565,4
1548930503.778537,1
1548930503.792105,13
1548930503.805952,109
1548930503.819937,188
1548930503.833943,122
1548930503.847978,2
1548930503.861973,9
1548930503.875248,51
1548930503.888945,112
1548930503.902776,7
1548930503.917019,15
1548930503.930897,15
1548930503.944131,16
1548930503.957174,28
1548930503.970676,32
1548930503.985264,86
1548930503.998255,46
1548930504.011490,10
1548930504.024568,9
1548930504.038063,9
1548930504.051493,9
1548930504.064612,8
1548930504.077792,10
1548930504.091521,9
1548930504.104727,100
1548930504.118733,8
1548930504.132330,10
1548930504.146224,10
1548930504.159489,6
1548930504.172783,81
1548930504.185752,126
1548930504.199151,202
1548930504.212456,312
1548930504.225606,229
1548930504.238854,146
1548930504.252250,0
1548930504.265425,8
1548930504.278676,9
1548930504.291582,8
1548930504.304550,9
1548930504.317814,12
1548930504.333128,9
1548930504.347253,8
1548930504.360596,12
1548930504.374238,9
1548930504.387782,8
1548930504.401057,10
1548930504.414301,8
1548930504.427755,8
1548930504.440983,8
1548930504.454550,8
1548930504.467811,36
1548930504.482041,8
1548930504.495297,8
1548930504.510655,27
1548930504.523736,9
1548930504.536722,9
1548930504.549879,4
1548930504.563457,1
1548930504.576962,5
1548930504.590039,142
1548930504.602852,117
1548930504.615852,3
1548930504.628729,31
1548930504.641750,35
1548930504.655157,8
1548930504.668467,4
1548930504.681481,2
1548930504.694829,18
1548930504.707924,131
1548930504.721940,96
1548930504.734973,1
1548930504.748102,9
1548930504.764336,10
1548930504.777449,10
1548930504.791471,7
1548930504.805200,7
1548930504.819258,5
1548930504.834441,4
1548930504.850849,4
1548930504.863796,136
1548930504.876796,235
1548930504.889754,177
1548930504.902732,110
1548930504.916009,0
1548930504.929018,8
1548930504.942368,12
1548930504.955553,5
1548930504.968756,11
1548930504.981822,8
1548930504.995906,7
1548930505.010059,9
1548930505.023792,9
1548930505.037096,9
1548930505.050451,12
1548930505.063811,9
1548930505.080419,5
1548930505.094525,3
1548930505.107419,12
1548930505.122947,7
1548930505.136064,154
1548930505.149418,74
1548930505.163018,4
1548930505.176099,6
1548930505.189045,11
1548930505.202103,10
1548930505.216308,31
1548930505.229394,120
1548930505.242337,131
1548930505.255194,14
1548930505.268205,5
1548930505.282399,9
1548930505.295971,29
1548930505.309713,2
1548930505.323594,65
1548930505.336738,189
1548930505.349819,128
1548930505.364557,6
1548930505.377996,12
1548930505.391289,10
1548930505.405230,9
1548930505.418210,10
1548930505.431714,29
1548930505.446221,11
1548930505.460191,130
1548930505.473584,22
1548930505.486833,9
1548930505.501396,9
1548930505.515602,8
1548930505.528498,117
1548930505.541832,9
1548930505.555610,9
1548930505.569007,17
1548930505.582710,9
1548930505.596620,10
1548930505.609667,6
1548930505.622894,144
1548930505.636042,241
1548930505.649068,185
1548930505.662063,103
1548930505.674939,4
1548930505.688056,9
1548930505.700909,9
1548930505.714013,9
1548930505.727480,8
1548930505.740396,9
1548930505.754046,8
1548930505.767295,9
1548930505.780783,12
1548930505.794127,10
1548930505.807377,10
1548930505.820667,132
1548930505.834016,14
1548930505.847951,9
1548930505.861501,30
1548930505.874495,22
1548930505.887507,112
1548930505.900946,168
1548930505.914187,115
1548930505.927199,5
1548930505.940498,16
1548930505.953716,30
1548930505.970306,50
1548930505.986286,7
1548930505.999653,10
1548930506.013706,23
1548930506.027017,19
1548930506.040229,55
1548930506.053425,72
1548930506.066285,64
1548930506.079127,3
1548930506.092070,58
1548930506.105705,2
1548930506.118929,9
1548930506.131883,2
1548930506.144967,70
1548930506.158290,144
1548930506.171419,175
1548930506.184484,217
1548930506.197447,230
1548930506.210858,164
1548930506.223953,71
1548930506.237190,13
1548930506.252031,10
1548930506.265415,8
1548930506.278486,8
1548930506.291327,9
1548930506.306411,8
1548930506.320029,8
1548930506.332877,9
1548930506.346480,9
1548930506.359928,51
1548930506.373281,13
1548930506.386611,9
1548930506.399779,8
1548930506.413315,8
1548930506.426937,88
1548930506.440237,118
1548930506.453248,194
1548930506.466984,96
1548930506.480418,12
1548930506.494321,8
1548930506.507812,9
1548930506.520937,8
1548930506.534124,9
1548930506.547273,9
1548930506.560447,7
1548930506.573546,3
1548930506.587642,13
1548930506.600999,46
1548930506.614974,3
1548930506.628506,9
1548930506.641991,95
1548930506.655656,37
1548930506.668515,7
1548930506.682298,7
1548930506.695129,7
1548930506.708313,6
1548930506.721472,5
1548930506.735577,10
1548930506.748569,8
1548930506.761411,10
1548930506.774856,119
1548930506.787986,250
1548930506.801366,177
1548930506.814412,49
1548930506.828728,8
1548930506.841921,9
1548930506.855555,13
1548930506.869130,6
1548930506.882626,8
1548930506.895561,8
1548930506.908760,9
1548930506.921998,3
1548930506.934925,7
1548930506.948241,6
1548930506.962006,8
1548930506.976073,38
1548930506.988869,0
1548930507.002091,157
1548930507.015291,222
1548930507.028607,134
1548930507.041986,6
1548930507.055183,9
1548930507.068380,9
1548930507.081302,8
1548930507.094170,8
1548930507.107662,9
1548930507.120978,9
1548930507.135284,8
1548930507.148425,9
1548930507.161912,9
1548930507.175087,106
1548930507.188332,251
1548930507.203554,162
1548930507.217344,30
1548930507.231430,10
1548930507.245026,8
1548930507.258722,8
1548930507.271975,8
1548930507.285142,9
1548930507.298103,8
1548930507.311519,10
1548930507.325275,8
1548930507.338156,8
1548930507.351262,3
1548930507.364885,8
1548930507.377958,7
1548930507.391399,16
1548930507.404499,70
1548930507.418589,33
1548930507.431865,9
1548930507.445082,10
1548930507.458382,9
1548930507.471578,10
1548930507.484980,2
1548930507.499263,9
1548930507.512981,8
1548930507.525989,8
1548930507.539245,100
1548930507.552342,254
1548930507.565623,170
1548930507.578901,97
1548930507.591977,10
1548930507.608187,7
1548930507.621568,8
1548930507.635799,8
1548930507.648802,8
1548930507.662090,8
1548930507.675285,8
1548930507.689632,9
1548930507.702636,8
1548930507.715856,9
1548930507.728972,8
1548930507.742513,8
1548930507.755785,10
1548930507.768862,41
1548930507.781882,11
1548930507.795000,8
1548930507.807855,44
1548930507.821617,110
1548930507.834756,1
1548930507.847809,11
1548930507.860891,9
1548930507.874378,10
1548930507.887688,9
1548930507.900769,8
1548930507.914636,10
1548930507.928702,8
1548930507.942055,13
1548930507.956332,17
1548930507.969447,121
1548930507.983930,25
1548930507.998552,9
1548930508.011924,9
1548930508.025063,151
1548930508.038107,238
1548930508.051351,304
1548930508.064560,330
1548930508.077789,433
1548930508.090957,410
1548930508.104247,516
1548930508.117714,456
1548930508.130729,411
1548930508.143950,337
1548930508.157157,257
1548930508.170452,172
1548930508.183890,72
1548930508.196775,9
1548930508.209923,8
1548930508.222930,4
1548930508.235926,8
1548930508.249043,8
1548930508.262904,9
1548930508.276615,0
1548930508.291979,125
1548930508.305653,4
1548930508.319310,8
1548930508.332822,8
1548930508.346407,9
1548930508.360537,9
1548930508.374047,9
1548930508.387924,11
1548930508.401259,120
1548930508.414192,1
1548930508.427967,9
1548930508.441503,9
1548930508.454749,3
1548930508.473497,7
1548930508.487148,1
1548930508.500129,147
1548930508.513565,8
1548930508.527479,8
1548930508.541729,6
1548930508.554837,96
1548930508.568020,141
1548930508.581444,56
1548930508.595562,9
1548930508.608928,7
1548930508.622158,5
1548930508.635555,9
1548930508.648728,120
1548930508.662108,225
1548930508.675506,281
1548930508.688716,330
1548930508.702151,422
1548930508.715033,366
1548930508.728086,309
1548930508.741032,227
1548930508.754081,138
1548930508.767370,9
1548930508.780589,18
1548930508.793923,21
1548930508.806951,9
1548930508.820395,7
1548930508.833611,9
1548930508.847379,10
1548930508.860661,61
1548930508.873700,17
1548930508.887614,9
1548930508.901289,7
1548930508.914667,9
1548930508.927535,8
1548930508.940562,9
1548930508.954002,8
1548930508.967246,8
1548930508.980300,9
1548930508.993398,67
1548930509.006744,125
1548930509.019874,208
1548930509.033468,117
1548930509.047954,5
1548930509.063194,7
1548930509.076315,9
1548930509.091220,9
1548930509.104548,8
1548930509.117449,8
1548930509.131476,9
1548930509.144472,9
1548930509.158065,8
1548930509.172746,9
1548930509.185825,9
1548930509.198839,8
1548930509.212561,9
1548930509.225911,8
1548930509.241012,60
1548930509.254359,121
1548930509.267753,19
1548930509.281458,8
1548930509.294889,10
1548930509.308313,5
1548930509.321878,8
1548930509.335288,7
1548930509.348656,9
1548930509.362107,9
1548930509.376390,9
1548930509.389820,9
1548930509.403134,0
1548930509.416668,10
1548930509.430166,9
1548930509.443303,9
1548930509.456619,8
1548930509.470135,170
1548930509.483648,158
1548930509.496861,39
1548930509.510423,9
1548930509.523706,9
1548930509.537290,8
1548930509.550562,6
1548930509.564247,10
1548930509.577219,6
1548930509.590487,9
1548930509.603664,9
1548930509.617392,9
1548930509.630896,2
1548930509.643725,37
1548930509.658035,6
1548930509.671227,10
1548930509.684145,18
1548930509.697488,73
1548930509.711028,8
1548930509.724445,7
1548930509.737922,8
1548930509.750914,8
1548930509.764034,8
1548930509.777631,9
1548930509.791356,8
1548930509.804830,9
1548930509.818345,7
1548930509.831680,8
1548930509.844960,8
1548930509.858385,19
1548930509.871975,83
1548930509.885484,6
1548930509.898456,8
1548930509.911563,9
1548930509.925389,8
1548930509.939563,9
1548930509.952827,8
1548930509.966627,138
1548930509.979968,8
1548930509.993706,8
1548930510.006991,4
1548930510.020304,134
1548930510.033658,4
1548930510.046882,10
1548930510.060711,10
1548930510.074075,10
1548930510.087060,0
1548930510.101138,31
1548930510.117092,5
1548930510.130466,13
1548930510.143860,33
1548930510.157925,57
1548930510.171274,68
1548930510.184255,18
1548930510.198218,9
1548930510.212634,9
1548930510.225880,1
1548930510.239158,3
1548930510.252709,9
1548930510.266247,9
1548930510.281135,11
1548930510.294548,6
1548930510.309369,8
1548930510.322621,65
1548930510.335868,2
1548930510.349709,9
1548930510.362887,2
1548930510.375839,9
1548930510.389134,32
1548930510.402011,137
1548930510.415459,60
1548930510.428568,9
1548930510.441554,9
1548930510.455092,8
1548930510.468744,9
1548930510.482211,7
1548930510.495509,14
1548930510.508753,130
1548930510.522020,199
1548930510.535585,107
1548930510.548755,10
1548930510.562565,7
1548930510.576218,9
1548930510.589960,8
1548930510.603470,8
1548930510.617065,8
1548930510.630291,23
1548930510.643370,108
1548930510.656725,158
1548930510.670173,94
1548930510.683599,8
1548930510.696863,8
1548930510.709858,4
1548930510.723066,4
1548930510.736417,8
1548930510.750219,9
1548930510.763162,8
1548930510.776509,135
1548930510.789525,237
1548930510.802606,130
1548930510.817135,4
1548930510.830455,31
1548930510.844410,9
1548930510.858538,10
1548930510.872068,9
1548930510.885138,8
1548930510.898543,25
1548930510.911664,2
1548930510.924589,35
1548930510.937895,140
1548930510.951068,232
1548930510.964424,313
1548930510.978011,373
1548930510.990897,313
1548930511.004197,277
1548930511.017144,212
1548930511.030475,122
1548930511.043896,9
1548930511.056852,8
1548930511.071349,9
1548930511.084611,2
1548930511.097838,10
1548930511.111491,8
1548930511.124582,9
1548930511.138203,44
1548930511.151312,18
1548930511.164601,134
1548930511.177470,190
1548930511.190658,103
1548930511.203640,2
1548930511.216857,12
1548930511.231150,10
1548930511.244600,8
1548930511.258226,8
1548930511.271698,8
1548930511.285426,8
1548930511.300226,0
1548930511.315025,35
1548930511.328487,43
1548930511.342368,13
1548930511.355335,74
1548930511.368474,119
1548930511.381948,197
1548930511.395407,139
1548930511.408827,1
1548930511.422581,8
1548930511.435636,9
1548930511.448861,9
1548930511.462107,9
1548930511.475149,9
1548930511.488475,136
1548930511.501551,0
1548930511.514782,9
1548930511.528162,6
1548930511.541279,8
1548930511.554798,0
1548930511.568152,9
1548930511.581310,9
1548930511.594900,1
1548930511.608042,155
1548930511.620907,58
1548930511.634216,9
1548930511.649617,9
1548930511.663013,9
1548930511.675927,8
1548930511.689357,9
1548930511.703040,2
1548930511.715988,125
1548930511.729074,2
1548930511.742639,17
1548930511.756486,13
1548930511.769972,0
1548930511.783207,36
1548930511.796209,12
1548930511.809479,157
1548930511.822724,101
1548930511.835745,1
1548930511.849888,2
1548930511.864304,8
1548930511.877580,8
1548930511.890991,101
1548930511.904542,246
1548930511.917414,174
1548930511.930692,70
1548930511.943998,9
1548930511.957606,8
1548930511.970850,8
1548930511.984007,10
1548930511.997728,9
1548930512.010995,9
1548930512.024526,8
1548930512.037478,9
1548930512.051270,1
1548930512.064678,7
1548930512.077881,2
1548930512.090880,11
1548930512.103994,8
1548930512.117516,10
1548930512.130779,70
1548930512.143743,125
1548930512.156844,195
1548930512.170327,104
1548930512.183386,3
1548930512.196509,9
1548930512.209536,9
1548930512.223163,2
1548930512.236289,9
1548930512.250142,8
1548930512.263657,6
1548930512.276990,116
1548930512.290572,11
1548930512.303535,8
1548930512.316486,8
1548930512.329572,72
1548930512.342786,219
1548930512.355607,173
1548930512.369497,81
1548930512.383102,9
1548930512.396212,9
1548930512.409609,8
1548930512.423144,7
1548930512.436383,8
1548930512.449589,22
1548930512.462717,88
1548930512.475892,223
1548930512.489165,164
1548930512.502362,0
1548930512.517544,8
1548930512.531387,8
1548930512.544698,9
1548930512.558264,8
1548930512.571459,9
1548930512.584956,8
1548930512.598545,8
1548930512.612082,8
1548930512.625646,63
1548930512.639205,214
1548930512.652447,157
1548930512.665467,50
1548930512.679784,8
1548930512.693241,8
1548930512.706654,7
1548930512.720169,7
1548930512.734169,8
1548930512.747357,8
1548930512.760848,3
1548930512.773748,60
1548930512.787400,4
1548930512.802640,1
1548930512.815784,152
1548930512.829051,211
1548930512.842818,96
1548930512.856778,8
1548930512.870567,10
1548930512.884180,8
1548930512.897256,9
1548930512.910697,9
1548930512.923984,17
1548930512.937053,0
1548930512.950892,9
1548930512.964268,9
1548930512.978198,9
1548930512.991287,9
1548930513.004572,8
1548930513.018211,9
1548930513.031350,8
1548930513.044546,38
1548930513.057742,154
1548930513.070617,128
1548930513.083682,4
1548930513.096610,9
1548930513.109557,8
1548930513.122459,9
1548930513.135384,37
1548930513.148649,108
1548930513.161551,183
1548930513.174760,112
1548930513.187867,0
1548930513.201356,8
1548930513.214522,9
1548930513.228387,7
1548930513.243176,7
1548930513.256669,15
1548930513.270075,75
1548930513.284748,8
1548930513.298276,8
1548930513.311905,9
1548930513.325438,9
1548930513.338869,7
1548930513.352081,89
1548930513.365468,127
1548930513.379041,8
1548930513.392365,8
1548930513.405784,9
1548930513.419179,9
1548930513.432901,8
1548930513.446336,75
1548930513.459563,232
1548930513.473163,278
1548930513.486763,233
1548930513.500862,147
1548930513.514556,0
1548930513.527799,9
1548930513.541108,8
1548930513.554635,9
1548930513.568411,9
1548930513.581636,9
1548930513.594953,111
1548930513.608151,101
1548930513.621245,8
1548930513.634601,10
1548930513.647843,9
1548930513.662144,8
1548930513.676185,8
1548930513.689337,4
1548930513.702404,135
1548930513.715688,244
1548930513.728743,179
1548930513.742971,22
1548930513.757314,9
1548930513.772114,8
1548930513.785265,7
1548930513.798647,9
1548930513.811899,8
1548930513.824953,8
1548930513.838450,62
1548930513.852019,94
1548930513.865261,9
1548930513.878870,9
1548930513.891695,9
1548930513.904511,23
1548930513.917487,16
1548930513.930365,8
1548930513.943163,8
1548930513.956448,99
1548930513.970889,8
1548930513.984788,8
1548930513.998168,9
1548930514.011656,8
1548930514.024981,8
1548930514.038109,25
1548930514.051355,103
1548930514.064540,186
1548930514.078510,107
1548930514.092779,7
1548930514.106145,7
1548930514.119245,8
1548930514.132463,9
1548930514.145936,25
1548930514.158925,10
1548930514.173031,8
1548930514.186026,7
1548930514.198898,1
1548930514.211954,148
1548930514.224723,210
1548930514.237639,105
1548930514.250780,11
1548930514.264010,10
1548930514.277834,8
1548930514.290976,2
1548930514.304498,8
1548930514.317962,8
1548930514.331254,8
1548930514.345244,8
1548930514.358330,60
1548930514.372405,11
1548930514.385967,9
1548930514.399794,8
1548930514.413096,9
1548930514.427356,8
1548930514.440636,2
1548930514.453884,154
1548930514.467047,219
1548930514.480402,296
1548930514.494151,332
1548930514.507383,419
1548930514.520568,447
1548930514.535788,487
1548930514.551030,404
1548930514.564437,334
1548930514.577502,248
1548930514.590872,172
1548930514.604226,42
1548930514.617808,8
1548930514.630838,8
1548930514.643972,9
1548930514.656995,8
1548930514.670365,28
1548930514.683511,9
1548930514.697137,10
1548930514.710194,7
1548930514.723249,105
1548930514.736753,238
1548930514.749567,158
1548930514.762930,1
1548930514.776068,8
1548930514.789420,9
1548930514.802742,9
1548930514.815704,9
1548930514.829732,9
1548930514.843030,0
1548930514.856726,1
1548930514.870281,26
1548930514.883563,60
1548930514.896677,72
1548930514.909762,3
1548930514.926859,12
1548930514.940281,8
1548930514.953416,9
1548930514.966477,6
1548930514.979708,59
1548930514.992887,14
1548930515.006057,6
1548930515.019371,5
1548930515.032391,4
1548930515.045500,153
1548930515.058341,85
1548930515.071460,4
1548930515.084467,9
1548930515.098021,9
1548930515.111239,24
1548930515.124142,6
1548930515.137512,120
1548930515.150792,218
1548930515.163731,172
1548930515.177558,83
1548930515.191063,4
1548930515.204280,9
1548930515.217324,8
1548930515.230854,4
1548930515.245619,8
1548930515.258987,8
1548930515.272119,10
1548930515.284991,9
1548930515.298252,21
1548930515.311386,2
1548930515.324796,36
1548930515.338499,24
1548930515.351495,5
1548930515.364888,42
1548930515.378004,115
1548930515.390971,138
1548930515.404161,29
1548930515.418784,8
1548930515.431632,9
1548930515.445214,9
1548930515.459239,8
1548930515.472860,7
1548930515.485992,7
1548930515.500683,10
1548930515.513651,2
1548930515.527788,8
1548930515.541632,38
1548930515.555180,6
1548930515.569769,8
1548930515.583017,8
1548930515.595970,3
1548930515.608981,7
1548930515.622106,22
1548930515.635518,144
1548930515.649742,198
1548930515.663099,133
1548930515.676410,3
1548930515.690022,9
1548930515.703357,8
1548930515.716431,8
1548930515.729765,9
1548930515.743670,8
1548930515.756912,8
1548930515.770303,9
1548930515.783711,10
1548930515.796740,8
1548930515.810689,8
1548930515.823808,9
1548930515.836990,8
1548930515.850091,10
1548930515.863172,8
1548930515.877009,8
1548930515.890425,9
1548930515.903532,8
1548930515.917499,2
1548930515.930830,38
1548930515.944030,66
1548930515.956875,1
1548930515.969748,6
1548930515.982719,9
1548930515.995678,9
1548930516.008975,57
1548930516.022133,208
1548930516.035403,186
1548930516.048584,111
1548930516.061950,9
1548930516.075042,8
1548930516.088390,12
1548930516.101438,5
1548930516.114750,130
1548930516.127834,247
1548930516.141567,179
1548930516.154509,81
1548930516.167721,8
1548930516.180818,8
1548930516.195617,9
1548930516.208958,10
1548930516.222316,8
1548930516.235487,9
1548930516.250409,8
1548930516.263495,7
1548930516.276716,12
1548930516.289842,136
1548930516.303544,231
1548930516.316823,217
1548930516.330169,135
1548930516.343765,3
1548930516.357042,10
1548930516.370123,8
1548930516.384385,8
1548930516.397920,9
1548930516.411381,4
1548930516.424678,2
1548930516.438344,3
1548930516.451392,1
1548930516.464924,0
1548930516.477929,1
1548930516.490903,18
1548930516.503782,1
1548930516.516558,11
1548930516.529133,1
1548930516.541607,0
1548930516.554082,0
1548930516.566707,0
1548930516.579144,0
1548930516.591556,0
1548930516.603975,0
1548930516.616279,8
1548930516.628505,0
1548930516.640834,0
1548930516.653140,30
1548930516.665432,0
1548930516.677628,0
1548930516.689966,0
1548930516.702302,0
1548930516.714531,0
1548930516.726738,0
1548930516.739046,0
1548930516.751505,0
1548930516.763812,0
1548930516.776129,10
1548930516.788579,68
1548930516.801015,9
1548930516.813385,53
1548930516.825597,0
1548930516.838120,0
1548930516.850388,0
1548930516.862804,0
1548930516.875246,0
1548930516.887477,0
1548930516.899795,0
1548930516.912180,25
1548930516.924438,10
1548930516.936725,7
1548930516.949115,0
1548930516.961577,64
1548930516.974070,0
1548930516.986552,0
1548930516.999543,0
1548930517.012816,3
1548930517.025377,0
1548930517.037783,0
1548930517.050162,37
1548930517.062586,0
1548930517.074915,0
1548930517.087379,0
1548930517.099826,0
1548930517.112178,12
1548930517.124632,0
1548930517.137115,81
1548930517.149564,0
1548930517.161859,0
1548930517.174401,0
1548930517.186773,0
1548930517.199129,0
1548930517.211497,0
1548930517.223948,0
1548930517.236291,37
1548930517.248602,0
1548930517.261349,18
1548930517.273801,0
1548930517.286245,0
1548930517.298715,0
1548930517.311126,0
1548930517.323471,0
1548930517.335765,0
1548930517.347963,0
1548930517.360189,2
1548930517.372411,0
1548930517.384751,0
1548930517.396941,1
1548930517.409140,0
1548930517.421390,0
1548930517.433575,0
1548930517.446000,0
1548930517.458294,0
1548930517.470527,0
1548930517.482710,0
1548930517.494980,0
1548930517.507258,0
1548930517.519561,0
1548930517.531781,0
1548930517.543939,0
1548930517.556147,2
1548930517.568313,1
1548930517.581133,0
1548930517.593527,0
1548930517.605667,0
1548930517.617946,0
1548930517.630061,0
1548930517.642186,0
1548930517.654372,0
1548930517.666567,0
1548930517.678790,0
1548930517.690940,0
1548930517.703186,0
1548930517.715407,0
1548930517.727643,0
1548930517.739716,0
1548930517.751907,0
1548930517.764088,2
1548930517.776362,2
1548930517.788569,0
1548930517.801009,0
1548930517.813859,0
1548930517.826108,0
1548930517.838708,0
1548930517.850943,0
1548930517.863210,0
1548930517.875395,0
1548930517.887587,0
1548930517.899922,0
1548930517.912020,1
1548930517.924164,5
1548930517.936465,0
1548930517.948705,0
1548930517.961235,0
1548930517.973481,0
1548930517.985730,0
1548930517.997884,0
1548930518.010173,0
1548930518.022371,0
1548930518.034547,0
1548930518.046804,0
1548930518.059152,0
1548930518.071448,0
1548930518.083833,0
1548930518.096208,2
1548930518.108457,2
1548930518.120695,0
1548930518.132806,0
1548930518.145046,3
1548930518.157258,0
1548930518.169557,0
1548930518.181727,0
1548930518.194045,0
1548930518.206237,0
1548930518.218571,0
1548930518.230913,0
1548930518.243331,0
1548930518.256178,0
1548930518.269350,0
1548930518.281975,0
1548930518.294232,0
1548930518.306439,0
1548930518.318698,0
1548930518.330941,0
1548930518.343206,0
1548930518.355558,0
1548930518.367768,0
1548930518.379921,0
1548930518.392064,0
1548930518.404232,0
1548930518.416582,0
1548930518.428765,0
1548930518.440933,0
1548930518.453093,0
1548930518.465415,0
1548930518.477847,0
1548930518.490072,0
1548930518.502355,0
1548930518.515219,0
1548930518.527714,0
1548930518.539948,0
1548930518.552138,0
1548930518.564360,0
1548930518.576593,0
1548930518.588903,22
1548930518.601659,0
1548930518.613955,0
1548930518.626264,0
1548930518.638558,0
1548930518.650784,0
1548930518.663041,0
1548930518.675234,0
1548930518.687365,0
1548930518.699610,0
1548930518.711785,0
1548930518.724053,0
1548930518.736337,0
1548930518.748583,2
1548930518.760846,0
1548930518.773044,0
1548930518.785231,0
1548930518.797449,0
1548930518.809768,0
1548930518.822045,0
1548930518.834386,0
1548930518.847067,0
1548930518.859841,0
1548930518.872536,0
1548930518.884897,0
1548930518.897095,21
1548930518.909311,9
1548930518.921697,0
1548930518.933901,0
1548930518.946111,0
1548930518.958278,0
1548930518.970586,0
1548930518.982903,0
1548930518.995380,0
1548930519.007562,0
1548930519.019858,0
1548930519.032108,0
1548930519.044359,0
1548930519.056691,2
1548930519.068921,0
1548930519.081188,0
1548930519.093431,0
1548930519.105690,0
1548930519.118022,0
1548930519.130383,0
1548930519.142635,0
1548930519.154959,0
1548930519.167256,0
1548930519.179638,0
1548930519.191943,0
1548930519.204206,7
1548930519.216598,23
1548930519.228780,0
1548930519.241180,0
1548930519.253422,0
1548930519.265691,0
1548930519.278184,0
1548930519.290591,0
1548930519.303489,0
1548930519.316827,0
1548930519.329148,0
1548930519.341415,0
1548930519.353641,0
1548930519.365802,0
1548930519.378082,0
1548930519.390350,0
1548930519.402498,0
1548930519.414719,0
1548930519.426944,0
1548930519.439392,0
1548930519.451558,0
1548930519.463793,0
1548930519.475985,0
1548930519.488211,0
1548930519.500601,0
1548930519.512847,34
1548930519.525058,35
1548930519.537332,0
1548930519.549447,0
1548930519.561608,0
1548930519.573843,0
1548930519.586072,0
1548930519.598346,0
1548930519.610588,0
1548930519.622905,0
1548930519.635244,0
1548930519.647535,0
1548930519.659909,0
1548930519.672153,1
1548930519.684301,1
1548930519.696563,0
1548930519.708803,0
1548930519.721056,0
1548930519.733289,34
1548930519.745490,22
1548930519.757822,0
1548930519.770069,0
1548930519.782481,0
1548930519.794775,0
1548930519.807021,0
1548930519.819312,0
1548930519.831606,0
1548930519.843824,0
1548930519.856062,0
1548930519.868322,0
1548930519.880617,0
1548930519.893242,0
1548930519.905502,0
1548930519.917777,0
1548930519.930043,0
1548930519.942484,0
1548930519.954844,0
1548930519.967168,0
1548930519.979367,0
1548930519.991616,0
1548930520.003759,0
1548930520.016257,0
1548930520.028485,0
1548930520.040668,27
1548930520.052806,34
1548930520.065003,0
1548930520.077216,0
1548930520.089444,0
1548930520.101643,0
1548930520.113936,0
1548930520.126172,0
1548930520.138628,0
1548930520.150851,0
1548930520.163205,0
1548930520.175502,0
1548930520.187769,0
1548930520.199951,0
1548930520.212202,2
1548930520.224455,0
1548930520.236652,0
1548930520.248898,0
1548930520.261117,1
1548930520.273510,0
1548930520.285794,0
1548930520.298076,0
1548930520.310311,0
1548930520.322518,0
1548930520.334829,0
1548930520.347374,0
1548930520.360118,2
1548930520.372502,0
1548930520.384988,0
1548930520.397253,0
1548930520.409459,0
1548930520.421719,0
1548930520.433978,0
1548930520.446280,0
1548930520.458773,0
1548930520.471106,0
1548930520.483449,0
1548930520.495783,0
1548930520.507939,0
1548930520.520432,0
1548930520.532598,0
1548930520.544786,0
1548930520.557013,0
1548930520.569188,1
1548930520.581383,0
1548930520.593561,0
1548930520.605790,0
1548930520.618119,0
1548930520.630378,0
1548930520.642683,0
1548930520.654885,0
1548930520.667162,0
1548930520.679371,0
1548930520.691650,0
1548930520.703800,0
1548930520.716055,0
1548930520.728271,2
1548930520.740441,0
1548930520.752696,0
1548930520.764954,0
1548930520.777249,0
1548930520.789498,0
1548930520.801691,0
1548930520.813929,0
1548930520.826138,0
1548930520.838426,0
1548930520.850672,0
1548930520.862916,0
1548930520.875653,0
1548930520.888382,2
1548930520.901252,0
1548930520.914142,0
1548930520.926380,0
1548930520.938673,0
1548930520.950927,0
1548930520.963205,0
1548930520.975708,0
1548930520.988046,0
1548930521.000268,0
1548930521.012498,0
1548930521.024735,0
1548930521.037318,2
1548930521.049558,0
1548930521.061835,0
1548930521.074177,0
1548930521.130634,0
1548930521.143109,0
1548930521.155255,0
1548930521.167645,0
1548930521.179879,0
1548930521.192075,0
1548930521.204247,0
1548930521.216425,0
1548930521.228634,1
1548930521.240829,1
1548930521.252979,0
1548930521.265758,0
1548930521.278092,0
1548930521.290760,0
1548930521.302990,0
1548930521.315257,0
1548930521.327438,0
1548930521.339607,0
1548930521.351833,0
1548930521.363943,0
1548930521.376085,0
1548930521.388218,1
1548930521.400366,0
1548930521.412630,0
1548930521.424858,0
1548930521.437052,0
1548930521.449254,2
1548930521.461447,1
1548930521.473594,0
1548930521.486337,0
1548930521.498631,0
1548930521.510881,0
1548930521.523118,0
1548930521.535358,0
1548930521.547954,0
1548930521.560095,0
1548930521.572282,0
1548930521.584418,0
1548930521.596590,0
1548930521.608813,2
1548930521.620957,0
1548930521.633690,0
1548930521.645987,0
1548930521.658527,0
1548930521.670832,0
1548930521.683135,0
1548930521.695218,0
1548930521.707453,0
1548930521.719733,0
1548930521.731915,0
1548930521.744188,0
1548930521.756390,1
1548930521.768620,1
1548930521.780932,0
1548930521.793082,0
1548930521.805159,0
1548930521.817284,0
1548930521.829458,1
1548930521.841576,0
1548930521.853663,0
1548930521.865913,0
1548930521.878218,0
1548930521.890425,0
1548930521.902559,0
1548930521.914768,0
1548930521.926888,0
1548930521.939012,0
1548930521.951157,0
1548930521.963292,0
1548930521.975619,0
1548930521.987648,0
1548930522.000045,0
1548930522.012123,0
1548930522.024296,0
1548930522.036488,0
1548930522.048649,2
1548930522.061261,0
1548930522.073774,0
1548930522.086409,0
1548930522.099060,0
1548930522.111872,0
1548930522.124312,0
1548930522.136704,1
1548930522.148826,0
1548930522.161058,0
1548930522.173270,0
1548930522.185518,0
1548930522.197697,0
1548930522.209846,0
1548930522.222075,0
1548930522.234301,0
1548930522.246512,0
1548930522.258691,0
1548930522.270854,0
1548930522.283153,0
1548930522.295320,0
1548930522.307497,0
1548930522.319634,0
1548930522.331776,0
1548930522.343900,0
1548930522.356097,0
1548930522.368236,0
1548930522.380406,0
1548930522.392538,0
1548930522.404648,0
1548930522.416837,0
1548930522.428995,0
1548930522.441185,0
1548930522.453361,0
1548930522.465529,0
1548930522.477712,0
1548930522.489910,0
1548930522.502139,0
1548930522.514342,0
1548930522.526554,0
1548930522.538871,0
1548930522.551029,0
1548930522.563315,0
1548930522.575532,0
1548930522.587720,0
1548930522.599840,0
1548930522.611970,0
1548930522.624156,0
1548930522.636301,0
1548930522.648463,0
1548930522.660789,0
1548930522.673118,0
1548930522.685541,0
1548930522.698026,0
1548930522.710221,0
1548930522.722356,0
1548930522.734577,0
1548930522.746709,0
1548930522.758910,0
1548930522.771097,0
1548930522.783383,0
1548930522.795602,0
1548930522.807857,0
1548930522.820005,0
1548930522.832082,0
1548930522.844260,0
1548930522.856381,0
1548930522.868520,0
1548930522.880728,0
1548930522.892813,0
1548930522.904947,0
1548930522.917079,0
1548930522.929215,0
1548930522.941391,0
1548930522.953485,0
1548930522.965619,0
1548930522.977799,0
1548930522.989939,0
1548930523.002054,0
1548930523.014128,0
1548930523.026329,0
1548930523.038454,0
1548930523.050660,0
1548930523.062760,0
1548930523.074907,0
1548930523.087094,0
1548930523.099231,0
1548930523.112080,0
1548930523.124481,0
1548930523.137229,0
1548930523.150086,0
1548930523.162579,0
1548930523.175162,0
1548930523.187469,0
1548930523.199658,0
1548930523.211770,0
1548930523.223892,0
1548930523.236036,0
1548930523.248158,0
1548930523.260386,0
1548930523.272543,0
1548930523.284776,0
1548930523.297029,0
1548930523.309144,0
1548930523.321295,0
1548930523.333458,0
1548930523.345542,0
1548930523.357726,0
1548930523.369868,0
1548930523.381998,0
1548930523.394179,0
1548930523.406345,0
1548930523.418595,0
1548930523.430765,0
1548930523.442967,0
1548930523.455144,0
1548930523.467304,0
1548930523.479567,0
1548930523.491782,0
1548930523.503921,0
1548930523.516083,0
1548930523.529002,0
1548930523.541571,0
1548930523.553766,0
1548930523.565930,0
1548930523.578096,0
1548930523.590274,0
1548930523.602480,0
1548930523.614672,0
1548930523.626840,0
1548930523.639058,0
1548930523.651208,0
1548930523.663400,0
1548930523.675596,0
1548930523.687766,0
1548930523.699922,0
1548930523.712004,0
1548930523.724529,0
1548930523.736701,0
1548930523.748835,0
1548930523.761060,0
1548930523.773813,0
1548930523.786331,0
1548930523.798922,0
1548930523.811245,0
1548930523.823439,0
1548930523.835630,0
1548930523.847848,0
1548930523.860089,0
1548930523.872405,0
1548930523.884593,0
1548930523.896812,0
1548930523.909020,0
1548930523.921338,0
1548930523.933483,0
1548930523.945654,0
1548930523.957950,0
1548930523.970156,0
1548930523.982488,0
1548930523.994731,0
1548930524.006884,0
1548930524.019100,0
1548930524.031300,0
1548930524.043475,0
1548930524.055726,0
1548930524.067911,0
1548930524.080077,0
1548930524.092385,0
1548930524.104593,0
1548930524.116793,0
1548930524.128971,0
1548930524.141200,0
1548930524.153437,0
1548930524.165802,0
1548930524.178078,0
1548930524.190268,0
1548930524.202567,0
1548930524.214842,0
1548930524.227010,0
1548930524.239173,0
1548930524.251328,0
1548930524.263546,0
1548930524.275707,0
1548930524.287991,0
1548930524.300746,0
1548930524.314240,0
1548930524.326732,0
1548930524.338898,0
1548930524.351112,0
1548930524.363300,0
1548930524.375445,0
1548930524.387613,0
1548930524.399796,0
1548930524.411937,0
1548930524.424151,0
1548930524.436316,0
1548930524.448476,0
1548930524.460639,0
1548930524.472789,0
1548930524.485033,0
1548930524.497215,0
1548930524.509365,0
1548930524.521614,0
1548930524.533771,0
1548930524.545966,0
1548930524.558153,0
1548930524.570309,0
1548930524.582488,0
1548930524.594698,0
1548930524.606868,0
1548930524.619042,0
1548930524.631237,0
1548930524.643399,0
1548930524.655702,0
1548930524.667785,0
1548930524.679888,0
1548930524.692078,0
1548930524.704193,0
1548930524.716375,0
1548930524.728439,0
1548930524.740542,0
1548930524.752786,0
1548930524.764929,0
1548930524.777083,0
1548930524.789270,0
1548930524.801395,0
1548930524.813584,0
1548930524.825687,0
1548930524.837860,0
1548930524.849970,0
1548930524.862088,0
1548930524.874295,0
1548930524.887095,0
1548930524.899415,0
1548930524.911666,0
1548930524.923961,0
1548930524.936119,0
1548930524.948309,0
1548930524.960454,0
1548930524.972599,0
1548930524.984870,0
1548930524.997076,0
1548930525.009257,0
1548930525.021405,0
1548930525.033584,0
1548930525.045700,0
1548930525.058419,0
1548930525.071056,0
1548930525.083260,0
1548930525.095812,0
1548930525.108052,0
1548930525.120220,0
1548930525.132460,0
1548930525.144734,0
1548930525.157012,0
1548930525.169404,0
1548930525.181770,0
1548930525.193997,0
1548930525.206348,0
1548930525.218630,0
1548930525.230874,0
1548930525.243107,0
1548930525.255389,0
1548930525.267571,0
1548930525.279800,0
1548930525.292008,0
1548930525.304183,0
1548930525.316374,0
1548930525.328533,0
1548930525.340690,0
1548930525.352864,0
1548930525.365000,0
1548930525.377131,0
1548930525.389255,0
1548930525.401474,0
1548930525.413592,0
1548930525.425714,0
1548930525.437854,0
1548930525.450062,0
1548930525.462268,0
1548930525.474496,0
1548930525.486858,0
1548930525.499705,0
1548930525.512305,0
1548930525.525026,0
1548930525.537231,0
1548930525.549397,0
1548930525.561579,0
1548930525.573875,0
1548930525.586131,0
1548930525.598359,0
1548930525.610617,0
1548930525.622835,0
1548930525.635044,0
1548930525.647256,0
1548930525.659425,0
1548930525.671749,0
1548930525.683921,0
1548930525.696035,0
1548930525.708257,0
1548930525.720463,0
1548930525.732677,0
1548930525.744828,0
1548930525.756960,0
1548930525.769097,0
1548930525.781318,0
1548930525.793622,0
1548930525.805816,0
1548930525.818063,0
1548930525.830296,0
1548930525.842485,0
1548930525.854665,0
1548930525.866856,0
1548930525.879039,0
1548930525.891235,0
1548930525.903546,0
1548930525.915738,0
1548930525.927918,0
1548930525.940137,0
1548930525.952249,0
1548930525.964437,0
1548930525.976556,0
1548930525.988760,0
1548930526.000941,0
1548930526.013059,0
1548930526.025242,0
1548930526.037351,0
1548930526.049467,0
1548930526.061661,0
1548930526.073787,0
1548930526.086674,0
1548930526.099027,0
1548930526.111371,0
1548930526.123576,0
1548930526.135792,0
1548930526.147959,0
1548930526.160198,0
1548930526.172476,0
1548930526.185318,0
1548930526.197625,0
1548930526.210160,0
1548930526.222533,0
1548930526.234719,0
1548930526.247048,0
1548930526.259300,0
1548930526.271553,0
1548930526.283833,0
1548930526.295970,0
1548930526.308190,0
1548930526.320342,0
1548930526.332603,0
1548930526.345042,0
1548930526.357408,0
1548930526.369530,0
1548930526.381669,0
1548930526.393922,0
1548930526.406063,0
1548930526.418350,0
1548930526.430534,0
1548930526.442754,0
1548930526.454992,0
1548930526.467262,0
1548930526.479648,0
1548930526.491847,0
1548930526.504030,0
1548930526.516120,0
1548930526.528285,0
1548930526.540365,0
1548930526.552513,0
1548930526.564656,0
1548930526.576750,0
1548930526.588905,0
1548930526.600977,0
1548930526.613095,0
1548930526.625244,0
1548930526.637350,0
1548930526.649488,0
1548930526.661558,0
1548930526.673615,0
1548930526.685760,0
1548930526.697846,0
1548930526.710069,0
1548930526.722279,0
1548930526.734453,0
1548930526.746644,0
1548930526.758841,0
1548930526.770980,0
1548930526.783593,0
1548930526.795889,0
1548930526.808011,0
1548930526.820145,0
1548930526.832225,0
1548930526.844336,0
1548930526.856549,0
1548930526.868647,0
1548930526.880817,0
1548930526.892937,0
1548930526.905021,0
1548930526.917170,0
1548930526.929238,0
1548930526.941384,0
1548930526.953473,0
1548930526.965524,0
1548930526.977650,0
1548930526.989792,0
1548930527.002010,0
1548930527.014179,0
1548930527.026433,0
1548930527.038566,0
1548930527.051155,0
1548930527.064101,0
1548930527.077006,0
1548930527.089466,0
1548930527.101772,0
1548930527.113947,0
1548930527.126103,0
1548930527.138311,0
1548930527.150414,0
1548930527.162625,0
1548930527.174888,0
1548930527.187036,0
1548930527.199252,0
1548930527.211410,0
1548930527.223557,0
1548930527.235731,0
1548930527.247889,0
1548930527.260084,0
1548930527.272258,0
1548930527.284519,0
1548930527.296669,0
1548930527.308838,0
1548930527.320973,0
1548930527.333107,0
1548930527.345257,0
1548930527.357354,0
1548930527.369457,0
1548930527.381540,0
1548930527.393642,0
1548930527.405733,0
1548930527.417881,0
1548930527.430103,0
1548930527.442270,0
1548930527.454472,0
1548930527.466610,0
1548930527.478722,0
1548930527.490992,0
1548930527.503187,0
1548930527.515416,0
1548930527.527594,0
1548930527.539775,0
1548930527.551866,0
1548930527.564017,0
1548930527.576127,0
1548930527.588203,0
1548930527.600320,0
1548930527.612463,0
1548930527.624641,0
1548930527.636770,0
1548930527.649303,0
1548930527.661559,0
1548930527.673684,0
1548930527.685901,0
1548930527.698127,0
1548930527.710243,0
1548930527.722476,0
1548930527.734599,0
1548930527.746789,0
1548930527.758999,0
1548930527.771175,0
1548930527.783356,0
1548930527.795601,0
1548930527.807756,0
1548930527.819873,0
1548930527.832055,0
1548930527.844194,0
1548930527.856333,0
1548930527.868457,0
1548930527.880600,0
1548930527.892760,0
1548930527.904900,0
1548930527.917054,0
1548930527.929179,0
1548930527.941310,0
1548930527.953474,0
1548930527.965561,0
1548930527.977796,0
1548930527.989935,0
1548930528.002055,0
1548930528.014312,0
1548930528.026451,0
1548930528.038659,0
1548930528.050808,0
1548930528.062947,0
1548930528.075053,0
1548930528.087201,0
1548930528.099337,0
1548930528.111494,0
1548930528.123691,0
1548930528.135821,0
1548930528.147969,0
1548930528.160096,0
1548930528.172760,0
1548930528.185278,0
1548930528.197648,0
1548930528.210123,0
1548930528.222364,0
1548930528.234589,0
1548930528.246750,0
1548930528.258941,0
1548930528.271097,0
1548930528.283278,0
1548930528.295535,0
1548930528.307670,0
1548930528.319868,0
1548930528.331978,0
1548930528.344108,0
1548930528.356272,0
1548930528.368376,0
1548930528.380576,0
1548930528.392775,0
1548930528.404857,0
1548930528.417042,0
1548930528.429229,0
1548930528.441391,0
1548930528.453509,0
1548930528.465660,0
1548930528.477853,0
1548930528.490152,0
1548930528.502375,0
1548930528.514558,0
1548930528.526816,0
1548930528.539345,0
1548930528.552200,0
1548930528.564379,0
1548930528.576545,0
1548930528.588647,0
1548930528.600930,0
1548930528.613223,0
1548930528.625395,0
1548930528.637562,0
1548930528.649640,0
1548930528.661867,0
1548930528.674061,0
1548930528.686203,0
1548930528.698427,0
1548930528.710587,0
1548930528.722800,0
1548930528.734984,0
1548930528.747132,0
1548930528.759322,0
1548930528.771645,0
1548930528.784118,0
1548930528.796358,0
1548930528.808531,0
1548930528.820623,0
1548930528.832797,0
1548930528.844924,0
1548930528.857043,0
1548930528.869191,0
1548930528.881310,0
1548930528.893499,0
1548930528.905714,0
1548930528.917822,0
1548930528.929996,0
1548930528.942150,0
1548930528.954309,0
1548930528.966483,0
1548930528.978606,0
1548930528.990786,0
1548930529.002976,0
1548930529.015161,0
1548930529.027875,0
1548930529.040394,0
1548930529.053288,0
1548930529.066832,0
1548930529.079169,0
1548930529.091554,0
1548930529.103855,0
1548930529.115963,0
1548930529.128198,0
1548930529.140382,0
1548930529.152529,0
1548930529.164701,0
1548930529.176952,0
1548930529.189150,0
1548930529.201263,0
1548930529.213407,0
1548930529.225526,0
1548930529.237787,0
1548930529.249899,0
1548930529.262152,0
1548930529.274250,0
1548930529.286520,0
1548930529.298822,0
1548930529.310950,0
1548930529.323230,0
1548930529.335436,0
1548930529.347675,0
1548930529.359831,0
1548930529.371990,0
1548930529.384085,0
1548930529.396271,0
1548930529.408339,0
1548930529.420446,0
1548930529.432593,0
1548930529.444764,0
1548930529.456962,0
1548930529.469077,0
1548930529.481145,0
1548930529.493406,0
1548930529.505534,0
1548930529.517725,0
1548930529.529946,0
1548930529.542091,0
1548930529.554312,0
1548930529.566479,0
1548930529.578664,0
1548930529.590809,0
1548930529.602913,0
1548930529.615030,0
1548930529.627514,0
1548930529.639810,0
1548930529.652335,0
1548930529.664541,0
1548930529.676675,0
1548930529.688830,0
1548930529.700985,0
1548930529.713058,0
1548930529.725246,0
1548930529.737743,0
1548930529.749960,0
1548930529.762104,0
1548930529.774290,0
1548930529.786489,0
1548930529.798787,0
1548930529.810947,0
1548930529.823109,0
1548930529.835330,0
1548930529.847472,0
1548930529.859739,0
1548930529.871928,0
1548930529.884019,0
1548930529.896229,0
1548930529.908332,0
1548930529.920491,0
1548930529.932652,0
1548930529.944729,0
1548930529.956883,0
1548930529.969017,0
1548930529.981169,0
1548930529.993327,0
1548930530.005429,0
1548930530.017659,0
1548930530.030563,0
1548930530.043464,0
1548930530.055990,0
1548930530.068335,0
1548930530.080526,0
1548930530.092691,0
1548930530.104761,0
1548930530.116900,0
1548930530.129063,0
1548930530.141261,0
1548930530.153420,0
1548930530.165497,0
1548930530.177815,0
1548930530.189975,0
1548930530.202157,0
1548930530.214341,0
1548930530.226491,0
1548930530.238675,0
1548930530.250849,0
1548930530.263022,0
1548930530.275161,0
1548930530.287338,0
1548930530.299574,0
1548930530.311753,0
1548930530.323910,0
1548930530.336010,0
1548930530.348202,0
1548930530.360400,0
1548930530.372521,0
1548930530.384727,0
1548930530.396815,0
1548930530.408985,0
1548930530.421120,0
1548930530.433269,0
1548930530.445460,0
1548930530.457560,0
1548930530.469757,0
1548930530.481885,0
1548930530.494149,0
1548930530.506379,0
1548930530.518822,0
1548930530.531193,0
1548930530.543832,0
1548930530.556062,0
1548930530.568190,0
1548930530.580420,0
1548930530.592533,0
1548930530.604621,0
1548930530.616752,0
1548930530.628847,0
1548930530.641045,0
1548930530.653140,0
1548930530.665447,0
1548930530.677634,0
1548930530.689708,0
1548930530.701935,0
1548930530.714095,0
1548930530.726313,0
1548930530.738467,0
1548930530.750703,0
1548930530.762881,0
1548930530.775033,0
1548930530.787222,0
1548930530.799421,0
1548930530.811609,0
1548930530.823730,0
1548930530.835864,0
1548930530.847988,0
1548930530.860124,0
1548930530.872284,0
1548930530.884380,0
1548930530.896584,0
1548930530.908721,0
1548930530.920818,0
1548930530.933005,0
1548930530.945300,0
1548930530.958128,0
1548930530.970993,0
1548930530.983665,0
1548930530.996071,0
1548930531.008296,0
1548930531.020396,0
1548930531.032633,0
1548930531.044753,0
1548930531.056866,0
1548930531.069073,0
1548930531.081164,0
1548930531.093414,0
1548930531.105558,0
1548930531.117774,0
1548930531.130043,0
1548930531.142174,0
1548930531.154444,0
1548930531.166627,0
1548930531.178881,0
1548930531.191075,0
1548930531.203276,0
1548930531.215461,0
1548930531.227686,0
1548930531.239906,0
1548930531.252010,0
1548930531.264279,0
1548930531.276399,0
1548930531.288517,0
1548930531.300761,0
1548930531.312934,0
1548930531.325350,0
1548930531.337469,0
1548930531.349669,0
1548930531.361934,0
1548930531.374361,0
1548930531.386640,0
1548930531.398847,0
1548930531.411065,0
1548930531.423171,0
1548930531.435399,0
1548930531.447523,0
1548930531.459886,0
1548930531.472153,0
1548930531.484450,0
1548930531.497011,0
1548930531.509224,0
1548930531.521418,0
1548930531.533515,0
1548930531.545627,0
1548930531.557862,0
1548930531.570082,0
1548930531.582237,0
1548930531.594357,0
1548930531.606535,0
1548930531.618715,0
1548930531.630972,0
1548930531.643086,0
1548930531.655262,0
1548930531.667455,0
1548930531.679571,0
1548930531.691786,0
1548930531.703886,0
1548930531.715980,0
1548930531.728197,0
1548930531.740320,0
1548930531.752421,0
1548930531.764506,0
1548930531.776585,0
1548930531.788785,0
1548930531.800981,0
1548930531.813141,0
1548930531.825865,0
1548930531.838594,0
1548930531.851234,0
1548930531.864423,0
1548930531.876775,0
1548930531.888953,0
1548930531.901095,0
1548930531.913266,0
1548930531.925361,0
1548930531.937477,0
1548930531.949638,0
1548930531.961741,0
1548930531.973963,0
1548930531.986084,0
1548930531.998215,0
1548930532.010437,0
1548930532.022610,0
1548930532.034749,0
1548930532.046823,0
1548930532.058960,0
1548930532.071142,0
1548930532.083335,0
1548930532.095468,0
1548930532.107608,0
1548930532.119755,0
1548930532.131867,0
1548930532.144049,0
1548930532.156156,0
1548930532.168282,0
1548930532.180500,0
1548930532.192621,0
1548930532.204770,0
1548930532.216860,0
1548930532.228953,0
1548930532.241035,0
1548930532.253134,0
1548930532.265239,0
1548930532.277341,0
1548930532.289597,0
1548930532.301842,0
1548930532.314002,0
1548930532.326201,0
1548930532.338327,0
1548930532.350482,0
1548930532.362670,0
1548930532.374865,0
1548930532.387020,0
1548930532.399155,0
1548930532.411333,0
1548930532.423483,0
1548930532.436146,0
1548930532.448318,0
1548930532.460459,0
1548930532.472631,0
1548930532.484740,0
1548930532.497209,0
1548930532.509357,0
1548930532.521503,0
1548930532.533646,0
1548930532.545771,0
1548930532.557969,0
1548930532.570071,0
1548930532.582282,0
1548930532.594497,0
1548930532.606702,0
1548930532.618924,0
1548930532.631068,0
1548930532.643245,0
1548930532.655362,0
1548930532.667555,0
1548930532.679723,0
1548930532.691780,0
1548930532.703932,0
1548930532.716034,0
1548930532.728308,0
1548930532.740432,0
1548930532.752489,0
1548930532.764620,0
1548930532.776716,0
1548930532.788924,0
1548930532.801088,0
1548930532.813171,0
1548930532.825341,0
1548930532.837491,0
1548930532.849671,0
1548930532.861763,0
1548930532.873897,0
1548930532.886072,0
1548930532.898237,0
1548930532.910439,0
1548930532.922562,0
1548930532.934800,0
1548930532.946948,0
1548930532.959184,0
1548930532.971341,0
1548930532.983510,0
1548930532.995773,0
1548930533.007957,0
1548930533.020171,0
1548930533.032982,0
1548930533.045169,0
1548930533.057387,0
1548930533.069622,0
1548930533.081842,0
1548930533.093955,0
1548930533.106226,0
1548930533.118532,0
1548930533.130940,0
1548930533.143053,0
1548930533.155218,0
1548930533.167656,0
1548930533.179902,0
1548930533.192095,0
1548930533.204236,0
1548930533.216299,0
1548930533.228479,0
1548930533.240670,0
1548930533.252784,0
1548930533.265096,0
1548930533.277408,0
1548930533.289909,0
1548930533.302157,0
1548930533.314369,0
1548930533.326548,0
1548930533.338713,0
1548930533.351227,0
1548930533.363470,0
1548930533.376212,0
1548930533.388548,0
1548930533.400699,0
1548930533.412894,0
1548930533.424984,0
1548930533.437377,0
1548930533.449597,0
1548930533.461743,0
1548930533.473848,0
1548930533.486002,0
1548930533.499896,0
1548930533.512260,0
1548930533.524388,0
1548930533.536516,0
1548930533.548895,0
1548930533.561884,0
1548930533.574360,0
1548930533.586501,0
1548930533.598609,0
1548930533.610783,0
1548930533.622969,0
1548930533.635112,0
1548930533.647277,0
1548930533.659590,0
1548930533.672293,0
1548930533.685494,0
1548930533.698151,0
1548930533.710516,0
1548930533.722720,0
1548930533.734990,0
1548930533.747178,0
1548930533.759332,0
1548930533.771565,0
1548930533.783827,0
1548930533.796058,0
1548930533.808224,0
1548930533.820364,0
1548930533.832626,0
1548930533.844760,0
1548930533.856914,0
1548930533.869090,0
1548930533.881292,0
1548930533.893444,0
1548930533.905647,0
1548930533.917784,0
1548930533.930025,0
1548930533.942297,0
1548930533.954449,0
1548930533.966643,0
1548930533.978795,0
1548930533.991000,0
1548930534.003192,0
1548930534.015353,0
1548930534.027495,0
1548930534.039638,0
1548930534.051677,0
1548930534.063801,0
1548930534.075941,0
1548930534.088178,0
1548930534.100257,0
1548930534.112355,0
1548930534.124533,0
1548930534.136696,0
1548930534.148835,0
1548930534.160926,0
1548930534.173173,0
1548930534.185425,0
1548930534.197588,0
1548930534.209651,0
1548930534.221810,0
1548930534.234100,0
1548930534.246259,0
1548930534.258946,0
1548930534.271151,0
1548930534.283368,0
1548930534.295651,0
1548930534.308021,0
1548930534.320326,0
1548930534.332453,0
1548930534.344691,0
1548930534.356817,0
1548930534.368960,0
1548930534.381051,0
1548930534.393153,0
1548930534.405307,0
1548930534.417432,0
1548930534.429723,0
1548930534.441848,0
1548930534.454000,0
1548930534.466162,0
1548930534.478390,0
1548930534.490635,0
1548930534.503014,0
1548930534.515320,0
1548930534.527516,0
1548930534.539792,0
1548930534.551861,0
1548930534.563981,0
1548930534.576187,0
1548930534.588296,0
1548930534.600487,0
1548930534.612562,0
1548930534.624688,0
1548930534.636906,0
1548930534.649036,0
1548930534.661219,0
1548930534.673294,0
1548930534.685426,0
1548930534.697584,0
1548930534.709635,0
1548930534.721881,0
1548930534.733994,0
1548930534.746192,0
1548930534.758400,0
1548930534.770622,0
1548930534.782772,0
1548930534.794991,0
1548930534.807231,0
1548930534.819370,0
1548930534.831628,0
1548930534.843722,0
1548930534.856257,0
1548930534.868515,0
1548930534.880647,0
1548930534.892857,0
1548930534.904955,0
1548930534.917090,0
1548930534.929278,0
1548930534.941387,0
1548930534.953519,0
1548930534.965847,0
1548930534.978228,0
1548930534.990918,0
1548930535.003499,0
1548930535.015728,0
1548930535.027889,0
1548930535.040064,0
1548930535.052133,0
1548930535.064286,0
1548930535.076418,0
1548930535.088689,0
1548930535.100973,0
1548930535.113248,0
1548930535.125433,0
1548930535.137620,0
1548930535.149873,0
1548930535.162105,0
1548930535.174439,0
1548930535.186647,0
1548930535.198831,0
1548930535.211046,0
1548930535.223135,0
1548930535.235347,0
1548930535.247527,0
1548930535.259768,0
1548930535.271918,0
1548930535.284110,0
1548930535.296270,0
1548930535.308377,0
1548930535.320580,0
1548930535.332701,0
1548930535.344857,0
1548930535.356959,0
1548930535.369073,0
1548930535.381230,0
1548930535.393333,0
1548930535.405802,0
1548930535.418572,0
1548930535.431447,0
1548930535.444189,0
1548930535.456382,0
1548930535.468511,0
1548930535.480652,0
1548930535.493089,0
1548930535.505611,0
1548930535.517752,0
1548930535.529920,0
1548930535.542337,0
1548930535.554501,0
1548930535.566633,0
1548930535.578764,0
1548930535.591202,0
1548930535.603393,0
1548930535.615493,0
1548930535.627669,0
1548930535.639759,0
1548930535.651882,0
1548930535.664098,0
1548930535.676146,0
1548930535.688296,0
1548930535.700382,0
1548930535.712494,0
1548930535.724662,0
1548930535.736743,0
1548930535.748834,0
1548930535.760967,0
1548930535.773094,0
1548930535.785243,0
1548930535.797368,0
1548930535.809441,0
1548930535.821542,0
1548930535.833620,0
1548930535.845805,0
1548930535.857980,0
1548930535.870106,0
1548930535.882271,0
1548930535.894498,0
1548930535.906731,0
1548930535.918914,0
1548930535.931080,0
1548930535.943279,0
1548930535.955487,0
1548930535.967613,0
1548930535.979985,0
1548930535.992178,0
1548930536.004452,0
1548930536.016971,0
1548930536.029145,0
1548930536.041271,0
1548930536.053381,0
1548930536.065521,0
1548930536.077612,0
1548930536.089791,0
1548930536.101908,0
1548930536.114173,0
1548930536.126357,0
1548930536.138476,0
1548930536.150655,0
1548930536.162797,0
1548930536.175045,0
1548930536.187257,0
1548930536.199387,0
1548930536.211533,0
1548930536.223691,0
1548930536.235834,0
1548930536.248003,0
1548930536.260065,0
1548930536.272200,0
1548930536.284294,0
1548930536.296438,0
1548930536.308639,0
1548930536.320753,0
1548930536.332877,0
1548930536.345008,0
1548930536.357072,0
1548930536.369260,0
1548930536.381564,0
1548930536.394352,0
1548930536.406904,0
1548930536.419651,0
1548930536.431990,0
1548930536.444155,0
1548930536.456370,0
1548930536.468645,0
1548930536.480713,0
1548930536.492944,0
1548930536.505210,0
1548930536.517380,0
1548930536.529567,0
1548930536.541660,0
1548930536.553924,0
1548930536.566140,0
1548930536.578333,0
1548930536.590580,0
1548930536.602787,0
1548930536.614981,0
1548930536.627227,0
1548930536.639475,0
1548930536.651657,0
1548930536.663825,0
1548930536.675976,0
1548930536.688171,0
1548930536.700349,0
1548930536.712484,0
1548930536.724639,0
1548930536.736727,0
1548930536.748834,0
1548930536.760970,0
1548930536.773044,0
1548930536.785210,0
1548930536.797279,0
1548930536.809389,0
1548930536.821494,0
1548930536.833620,0
1548930536.845806,0
1548930536.857933,0
1548930536.870078,0
1548930536.882226,0
1548930536.894341,0
1548930536.906614,0
1548930536.918783,0
1548930536.930887,0
1548930536.943151,0
1548930536.955322,0
1548930536.967460,0
1548930536.979847,0
1548930536.992308,0
1548930537.004451,0
1548930537.016652,0
1548930537.028785,0
1548930537.041071,0
1548930537.053857,0
1548930537.066158,0
1548930537.078710,0
1548930537.090881,0
1548930537.103142,0
1548930537.115348,0
1548930537.127625,0
1548930537.139842,0
1548930537.152011,0
1548930537.164325,0
1548930537.176656,0
1548930537.188755,0
1548930537.200954,0
1548930537.213179,0
1548930537.225318,0
1548930537.237451,0
1548930537.249541,0
1548930537.261826,0
1548930537.274147,0
1548930537.286335,0
1548930537.298531,0
1548930537.310780,0
1548930537.323008,0
1548930537.335204,0
1548930537.347383,0
1548930537.359640,0
1548930537.371808,0
1548930537.383879,0
1548930537.396053,0
1548930537.408272,0
1548930537.420409,0
1548930537.432718,0
1548930537.445479,0
1548930537.458823,0
1548930537.471359,0
1548930537.483544,0
1548930537.495799,0
1548930537.507940,0
1548930537.520227,0
1548930537.532365,0
1548930537.544514,0
1548930537.556656,0
1548930537.568741,0
1548930537.580896,0
1548930537.593022,0
1548930537.605108,0
1548930537.617229,0
1548930537.629290,0
1548930537.641434,0
1548930537.653570,0
1548930537.665673,0
1548930537.677882,0
1548930537.690033,0
1548930537.702177,0
1548930537.714423,0
1548930537.726638,0
1548930537.738800,0
1548930537.751010,0
1548930537.763166,0
1548930537.775356,0
1548930537.787560,0
1548930537.799692,0
1548930537.811851,0
1548930537.823923,0
1548930537.836067,0
1548930537.848212,0
1548930537.860295,0
1548930537.872444,0
1548930537.884561,0
1548930537.896704,0
1548930537.908945,0
1548930537.921032,0
1548930537.933184,0
1548930537.945330,0
1548930537.957424,0
1548930537.969561,0
1548930537.981621,0
1548930537.993751,0
1548930538.005864,0
1548930538.018030,0
1548930538.030498,0
1548930538.042813,0
1548930538.055503,0
1548930538.067830,0
1548930538.079971,0
1548930538.092032,0
1548930538.104466,0
1548930538.116614,0
1548930538.128720,0
1548930538.141007,0
1548930538.153259,0
1548930538.165395,0
1548930538.177601,0
1548930538.189785,0
1548930538.201899,0
1548930538.214082,0
1548930538.226381,0
1548930538.238564,0
1548930538.250778,0
1548930538.262960,0
1548930538.275114,0
1548930538.287340,0
1548930538.299509,0
1548930538.311713,0
1548930538.323790,0
1548930538.335991,0
1548930538.348149,0
1548930538.360218,0
1548930538.372356,0
1548930538.384436,0
1548930538.396516,0
1548930538.409094,0
1548930538.421323,0
1548930538.433585,0
1548930538.446213,0
1548930538.458892,0
1548930538.471760,0
1548930538.483998,0
1548930538.496202,0
1548930538.508430,0
1548930538.520646,0
1548930538.532753,0
1548930538.544862,0
1548930538.556997,0
1548930538.570152,0
1548930538.582865,0
1548930538.595028,0
1548930538.607239,0
1548930538.619414,0
1548930538.631521,0
1548930538.643701,0
1548930538.655777,0
1548930538.667922,0
1548930538.680029,0
1548930538.692077,0
1548930538.704209,0
1548930538.716314,0
1548930538.728444,0
1548930538.740628,0
1548930538.752696,0
1548930538.764834,0
1548930538.777006,0
1548930538.789148,0
1548930538.801278,0
1548930538.813380,0
1548930538.825524,0
1548930538.837710,0
1548930538.849866,0
1548930538.862027,0
1548930538.874209,0
1548930538.886418,0
1548930538.898586,0
1548930538.910809,0
1548930538.922960,0
1548930538.935135,0
1548930538.947316,0
1548930538.959510,0
1548930538.971681,0
1548930538.983778,0
1548930538.995950,0
1548930539.008068,0
1548930539.020320,0
1548930539.032476,0
1548930539.045045,0
1548930539.057184,0
1548930539.069409,0
1548930539.081561,0
1548930539.093637,0
1548930539.105882,0
1548930539.118019,0
1548930539.130225,0
1548930539.142433,0
1548930539.154629,0
1548930539.166816,0
1548930539.179052,0
1548930539.191237,0
1548930539.203975,0
1548930539.216319,0
1548930539.228834,0
1548930539.241106,0
1548930539.253264,0
1548930539.265387,0
1548930539.277581,0
1548930539.289755,0
1548930539.302030,0
1548930539.314249,0
1548930539.326446,0
1548930539.338669,0
1548930539.350823,0
1548930539.363051,0
1548930539.375320,0
1548930539.387508,0
1548930539.399729,0
1548930539.411944,0
1548930539.424088,0
1548930539.436285,0
1548930539.448454,0
1548930539.460644,0
1548930539.472845,0
1548930539.484983,0
1548930539.497631,1
1548930539.509960,0
1548930539.522200,0
1548930539.534411,0
1548930539.546564,0
1548930539.558756,0
1548930539.570903,0
1548930539.583084,0
1548930539.595217,0
1548930539.607358,0
1548930539.619523,0
1548930539.631653,0
1548930539.643788,0
1548930539.655909,0
1548930539.668007,0
1548930539.680176,0
1548930539.692263,0
1548930539.704381,0
1548930539.716693,0
1548930539.729359,0
1548930539.741962,0
1548930539.754976,0
1548930539.767155,0
1548930539.779455,0
1548930539.791722,0
1548930539.803816,0
1548930539.815980,0
1548930539.828073,0
1548930539.840199,0
1548930539.852354,0
1548930539.864457,0
1548930539.876695,0
1548930539.888814,0
1548930539.900980,0
1548930539.913174,0
1548930539.925316,0
1548930539.937459,0
1548930539.949543,0
1548930539.961672,0
1548930539.973877,0
1548930539.986043,0
1548930539.998181,0
1548930540.010371,0
1548930540.022572,0
1548930540.034746,0
1548930540.046907,0
1548930540.059108,0
1548930540.071274,0
1548930540.083615,0
1548930540.096391,0
1548930540.108884,0
1548930540.121232,0
1548930540.133423,0
1548930540.145569,0
1548930540.157798,0
1548930540.170054,0
1548930540.182283,0
1548930540.194589,0
1548930540.206778,0
1548930540.218900,0
1548930540.231146,0
1548930540.243421,0
1548930540.255656,0
1548930540.267880,0
1548930540.280070,0
1548930540.292254,0
1548930540.304485,0
1548930540.316818,0
1548930540.329437,0
1548930540.341638,0
1548930540.353781,0
1548930540.366103,0
1548930540.378322,0
1548930540.390564,0
1548930540.402761,0
1548930540.415131,0
1548930540.427314,0
1548930540.439530,0
1548930540.451689,0
1548930540.463803,0
1548930540.475981,0
1548930540.488111,0
1548930540.500449,0
1548930540.512552,0
1548930540.524691,0
1548930540.536962,0
1548930540.549066,0
1548930540.561245,0
1548930540.573298,0
1548930540.585398,0
1548930540.597517,0
1548930540.609622,0
1548930540.621668,0
1548930540.633781,0
1548930540.645885,0
1548930540.658080,0
1548930540.670721,0
1548930540.683069,0
1548930540.695646,0
1548930540.707879,0
1548930540.719975,0
1548930540.732239,0
1548930540.744379,0
1548930540.756480,0
1548930540.768833,0
1548930540.781120,0
1548930540.793221,0
1548930540.805342,0
1548930540.817507,0
1548930540.829629,0
1548930540.841816,0
1548930540.854009,0
1548930540.866166,0
1548930540.878348,0
1548930540.890511,0
1548930540.902742,0
1548930540.915179,0
1548930540.927338,0
1548930540.939541,0
1548930540.951737,0
1548930540.963847,0
1548930540.975944,0
1548930540.988035,0
1548930541.000189,0
1548930541.012343,0
1548930541.024469,0
1548930541.036592,0
1548930541.048759,0
1548930541.060848,0
1548930541.073051,0
1548930541.085135,0
1548930541.097260,0
1548930541.109417,0
1548930541.121519,0
1548930541.133674,0
1548930541.145819,0
1548930541.157940,0
1548930541.170071,0
1548930541.182268,0
1548930541.194560,0
1548930541.206669,0
1548930541.218771,0
1548930541.230941,0
1548930541.243111,0
1548930541.255302,0
1548930541.267484,0
1548930541.280035,0
1548930541.292367,0
1548930541.304898,0
1548930541.317626,0
1548930541.331480,0
1548930541.343783,0
1548930541.356030,0
1548930541.368124,0
1548930541.380188,0
1548930541.392347,0
1548930541.404450,0
1548930541.416707,0
1548930541.428795,0
1548930541.440932,0
1548930541.453028,0
1548930541.465172,0
1548930541.477278,0
1548930541.489378,0
1548930541.501591,0
1548930541.513783,0
1548930541.525974,0
1548930541.538203,0
1548930541.550544,0
1548930541.562721,0
1548930541.574829,0
1548930541.587043,0
1548930541.599233,0
1548930541.611381,0
1548930541.623563,0
1548930541.635699,0
1548930541.647864,0
1548930541.659932,0
1548930541.672051,0
1548930541.684271,0
1548930541.696351,0
1548930541.708481,0
1548930541.720573,0
1548930541.732725,0
1548930541.744834,0
1548930541.757010,0
1548930541.769155,0
1548930541.781250,0
1548930541.793418,0
1548930541.805553,0
1548930541.817780,0
1548930541.829955,0
1548930541.842104,0
1548930541.854258,0
1548930541.866435,0
1548930541.878638,0
1548930541.890756,0
1548930541.903334,0
1548930541.916010,0
1548930541.928638,0
1548930541.940926,0
1548930541.953328,0
1548930541.965525,0
1548930541.977731,0
1548930541.989934,0
1548930542.002029,0
1548930542.014213,0
1548930542.026364,0
1548930542.038623,0
1548930542.050819,0
1548930542.062969,0
1548930542.075161,0
1548930542.087316,0
1548930542.099563,0
1548930542.111675,0
1548930542.123761,0
1548930542.135887,0
1548930542.148012,0
1548930542.160264,0
1548930542.172454,0
1548930542.184601,0
1548930542.196761,0
1548930542.208893,0
1548930542.221051,0
1548930542.233100,0
1548930542.245239,0
1548930542.257412,0
1548930542.269502,0
1548930542.281670,0
1548930542.293818,0
1548930542.305909,0
1548930542.318140,0
1548930542.330302,0
1548930542.342549,0
1548930542.354678,0
1548930542.366828,0
1548930542.379111,0
1548930542.391868,0
1548930542.404847,0
1548930542.417332,0
1548930542.429520,0
1548930542.441743,0
1548930542.453883,0
1548930542.466020,0
1548930542.478287,0
1548930542.490475,0
1548930542.502704,0
1548930542.514831,0
1548930542.527047,0
1548930542.539329,0
1548930542.551538,0
1548930542.563762,0
1548930542.575856,0
1548930542.588009,0
1548930542.600100,0
1548930542.612209,0
1548930542.624345,0
1548930542.636431,0
1548930542.648592,0
1548930542.660736,0
1548930542.672894,0
1548930542.684986,0
1548930542.697087,0
1548930542.709194,0
1548930542.721287,0
1548930542.733477,0
1548930542.745566,0
1548930542.757672,0
1548930542.769875,0
1548930542.782005,0
1548930542.794179,0
1548930542.806295,0
1548930542.818437,0
1548930542.830648,0
1548930542.842821,0
1548930542.854981,0
1548930542.867152,0
1548930542.879306,0
1548930542.891550,0
1548930542.903695,0
1548930542.915902,0
1548930542.928021,0
1548930542.940074,0
1548930542.952253,0
1548930542.964380,0
1548930542.977049,0
1548930542.989227,0
1548930543.001389,0
1548930543.013492,0
1548930543.025667,0
1548930543.037898,0
1548930543.050099,0
1548930543.062330,0
1548930543.074525,0
1548930543.086702,0
1548930543.098820,0
1548930543.110963,0
1548930543.123172,0
1548930543.135317,0
1548930543.147511,0
1548930543.159724,0
1548930543.171912,0
1548930543.184118,0
1548930543.196339,0
1548930543.208497,0
1548930543.221219,0
1548930543.234015,0
1548930543.247029,0
1548930543.259887,0
1548930543.272187,0
1548930543.284517,0
1548930543.296702,0
1548930543.308852,0
1548930543.320947,0
1548930543.333096,0
1548930543.345252,0
1548930543.357397,0
1548930543.369525,0
1548930543.381656,0
1548930543.394148,0
1548930543.406388,0
1548930543.418713,0
1548930543.430920,0
1548930543.443053,0
1548930543.455250,0
1548930543.467441,0
1548930543.479587,0
1548930543.491726,0
1548930543.503877,0
1548930543.516043,0
1548930543.528381,0
1548930543.540582,0
1548930543.552735,0
1548930543.564933,0
1548930543.577005,0
1548930543.590266,0
1548930543.602835,0
1548930543.615005,0
1548930543.627221,0
1548930543.639417,0
1548930543.651572,0
1548930543.663699,0
1548930543.675861,0
1548930543.688045,0
1548930543.700411,0
1548930543.713022,0
1548930543.725563,0
1548930543.738422,0
1548930543.750923,0
1548930543.763319,0
1548930543.775631,0
1548930543.787879,0
1548930543.800138,0
1548930543.812316,0
1548930543.824472,0
1548930543.836652,0
1548930543.848799,0
1548930543.860977,0
1548930543.873078,0
1548930543.885242,0
1548930543.897430,0
1548930543.909567,0
1548930543.922091,0
1548930543.934815,0
1548930543.948062,0
1548930543.960705,0
1548930543.973135,0
1548930543.985431,0
1548930543.997765,0
1548930544.010195,0
1548930544.022526,0
1548930544.034745,0
1548930544.046999,0
1548930544.059234,0
1548930544.071476,0
1548930544.083728,0
1548930544.095811,0
1548930544.107991,0
1548930544.120185,0
1548930544.132391,0
1548930544.144494,0
1548930544.156684,0
1548930544.168875,0
1548930544.181082,0
1548930544.193251,0
1548930544.205398,0
1548930544.217524,0
1548930544.229702,0
1548930544.241995,0
1548930544.254272,0
1548930544.266491,0
1548930544.278652,0
1548930544.290815,0
1548930544.303041,0
1548930544.315218,0
1548930544.327358,0
1548930544.339501,0
1548930544.351664,0
1548930544.363750,0
1548930544.375927,0
1548930544.388032,0
1548930544.400189,0
1548930544.412445,0
1548930544.424640,0
1548930544.436824,0
1548930544.448915,0
1548930544.461101,0
1548930544.473209,0
1548930544.485343,0
1548930544.497480,0
1548930544.509593,0
1548930544.522295,0
1548930544.534525,0
1548930544.546771,0
1548930544.558945,0
1548930544.571131,0
1548930544.583392,0
1548930544.595510,0
1548930544.607622,0
1548930544.619739,0
1548930544.631889,0
1548930544.644050,0
1548930544.656220,0
1548930544.668336,0
1548930544.680440,0
1548930544.692558,0
1548930544.704705,0
1548930544.716898,0
1548930544.728979,0
1548930544.741050,0
1548930544.753207,0
1548930544.765307,0
1548930544.777477,0
1548930544.789601,0
1548930544.801699,0
1548930544.813794,0
1548930544.825941,0
1548930544.838130,0
1548930544.850296,0
1548930544.862425,0
1548930544.874642,0
1548930544.886794,0
1548930544.899000,0
1548930544.911753,0
1548930544.924621,0
1548930544.937101,0
1548930544.949591,0
1548930544.962101,0
1548930544.974593,0
1548930544.987106,0
1548930544.999592,0
1548930545.012095,0
1548930545.024432,0
1548930545.036923,0
1548930545.049221,0
1548930545.061418,0
1548930545.073525,0
1548930545.085824,0
1548930545.098190,0
1548930545.110992,0
1548930545.123755,0
1548930545.136100,0
1548930545.148765,0
1548930545.161160,0
1548930545.174147,0
1548930545.186862,0
1548930545.199343,0
1548930545.211859,0
1548930545.224311,0
1548930545.236739,0
1548930545.249119,0
1548930545.261553,0
1548930545.273774,0
1548930545.286072,0
1548930545.298399,0
1548930545.310782,0
1548930545.323037,0
1548930545.335258,0
1548930545.347775,0
1548930545.359962,0
1548930545.372211,0
1548930545.384389,0
1548930545.396604,0
1548930545.408788,0
1548930545.421036,0
1548930545.433253,0
1548930545.445458,0
1548930545.457787,0
1548930545.470056,0
1548930545.482359,0
1548930545.494551,0
1548930545.506797,0
1548930545.519192,0
1548930545.531406,0
1548930545.543727,0
1548930545.555853,0
1548930545.568026,0
1548930545.580186,0
1548930545.592377,0
1548930545.604480,0
1548930545.616608,0
1548930545.628801,0
1548930545.641507,0
1548930545.653980,0
1548930545.666297,0
1548930545.678520,0
1548930545.690792,0
1548930545.703066,0
1548930545.715384,0
1548930545.727826,0
1548930545.740573,0
1548930545.752957,0
1548930545.765234,0
1548930545.777405,0
1548930545.789840,0
1548930545.802153,0
1548930545.814435,0
1548930545.826673,0
1548930545.838992,0
1548930545.851280,0
1548930545.863638,0
1548930545.875820,0
1548930545.887927,0
1548930545.900133,0
1548930545.912526,0
1548930545.924749,0
1548930545.936936,0
1548930545.949033,0
1548930545.961284,0
1548930545.973386,0
1548930545.985540,0
1548930545.998471,0
1548930546.011630,0
1548930546.024307,0
1548930546.036631,0
1548930546.048850,0
1548930546.061161,0
1548930546.073299,0
1548930546.085524,0
1548930546.097671,0
1548930546.109778,0
1548930546.122030,0
1548930546.134381,0
1548930546.146574,0
1548930546.158774,0
1548930546.170993,0
1548930546.183300,0
1548930546.195439,0
1548930546.207632,0
1548930546.219722,0
1548930546.231821,0
1548930546.244000,0
1548930546.256133,0
1548930546.268292,0
1548930546.280513,0
1548930546.292638,0
1548930546.304766,0
1548930546.316908,0
1548930546.329017,0
1548930546.341058,0
1548930546.353178,0
1548930546.365280,0
1548930546.377389,0
1548930546.389468,0
1548930546.401503,0
1548930546.413797,0
1548930546.425977,0
1548930546.438136,0
1548930546.450357,0
1548930546.462486,0
1548930546.474690,0
1548930546.486796,0
1548930546.499056,0
1548930546.511185,0
1548930546.523323,0
1548930546.535677,0
1548930546.547921,0
1548930546.560050,0
1548930546.572136,0
1548930546.584186,0
1548930546.596447,0
1548930546.609029,0
1548930546.621229,0
1548930546.633337,0
1548930546.645482,0
1548930546.657561,0
1548930546.669664,0
1548930546.681825,0
1548930546.693942,0
1548930546.706150,0
1548930546.718271,0
1548930546.730536,0
1548930546.742712,0
1548930546.754976,0
1548930546.767272,0
1548930546.779514,0
1548930546.791770,0
1548930546.803910,0
1548930546.816119,0
1548930546.828809,0
1548930546.841006,0
1548930546.853169,0
1548930546.865266,0
1548930546.877541,0
1548930546.889647,0
1548930546.901889,0
1548930546.914155,0
1548930546.926411,0
1548930546.938724,0
1548930546.951003,0
1548930546.963363,0
1548930546.975577,0
1548930546.987912,0
1548930547.000089,0
1548930547.012297,0
1548930547.024528,0
1548930547.036642,0
1548930547.048985,0
1548930547.061328,0
1548930547.073565,0
1548930547.085741,0
1548930547.097996,0
1548930547.110241,0
1548930547.122490,0
1548930547.134731,0
1548930547.147006,0
1548930547.159307,0
1548930547.171588,0
1548930547.183926,0
1548930547.196116,0
1548930547.208654,0
1548930547.220882,0
1548930547.233103,0
1548930547.245367,0
1548930547.257637,0
1548930547.269974,0
1548930547.282252,0
1548930547.294559,0
1548930547.306729,0
1548930547.318980,0
1548930547.331242,0
1548930547.343654,0
1548930547.355887,0
1548930547.368038,0
1548930547.380325,0
1548930547.392496,0
1548930547.404774,0
1548930547.417005,0
1548930547.429198,0
1548930547.441509,0
1548930547.453819,0
1548930547.466171,0
1548930547.478375,0
1548930547.490667,0
1548930547.502990,0
1548930547.515201,0
1548930547.527481,0
1548930547.539862,0
1548930547.552181,0
1548930547.564400,0
1548930547.576679,0
1548930547.588848,0
1548930547.601043,0
1548930547.613238,0
1548930547.625439,0
1548930547.637647,0
1548930547.649891,0
1548930547.662207,0
1548930547.674385,0
1548930547.686758,0
1548930547.699224,0
1548930547.711401,0
1548930547.723548,0
1548930547.735742,0
1548930547.747868,0
1548930547.760019,0
1548930547.772109,0
1548930547.784269,0
1548930547.796451,0
1548930547.808962,0
1548930547.821147,0
1548930547.833523,0
1548930547.845767,0
1548930547.858198,0
1548930547.870489,0
1548930547.882734,0
1548930547.895129,0
1548930547.907421,0
1548930547.919816,0
1548930547.932016,0
1548930547.944390,0
1548930547.956767,0
1548930547.968961,0
1548930547.981242,0
1548930547.993472,0
1548930548.005848,0
1548930548.018174,0
1548930548.030516,0
1548930548.042788,0
1548930548.055141,0
1548930548.067480,0
1548930548.079768,0
1548930548.092054,0
1548930548.104322,0
1548930548.116512,0
1548930548.128987,0
1548930548.141204,0
1548930548.153438,0
1548930548.165713,0
1548930548.178103,0
1548930548.190409,0
1548930548.202655,0
1548930548.214916,0
1548930548.227181,0
1548930548.239557,0
1548930548.251831,0
1548930548.263988,0
1548930548.276310,0
1548930548.288434,0
1548930548.300794,0
1548930548.312922,0
1548930548.325164,0
1548930548.337337,0
1548930548.350055,0
1548930548.362400,0
1548930548.374580,0
1548930548.386885,0
1548930548.399498,0
1548930548.412015,0
1548930548.424546,0
1548930548.436801,0
1548930548.448964,0
1548930548.461220,0
1548930548.473361,0
1548930548.485483,0
1548930548.497705,0
1548930548.509882,0
1548930548.522161,0
1548930548.534319,0
1548930548.546609,0
1548930548.558834,0
1548930548.571009,0
1548930548.583235,0
1548930548.595453,0
1548930548.608244,0
1548930548.620642,0
1548930548.632882,0
1548930548.645008,0
1548930548.657176,0
1548930548.669377,0
1548930548.681529,0
1548930548.694140,0
1548930548.706377,0
1548930548.718624,0
1548930548.730829,0
1548930548.742975,0
1548930548.755185,0
1548930548.767283,0
1548930548.779464,0
1548930548.791805,0
1548930548.804003,0
1548930548.816179,0
1548930548.828306,0
1548930548.840493,0
1548930548.852664,0
1548930548.864840,0
1548930548.876972,0
1548930548.889146,0
1548930548.901341,0
1548930548.913581,0
1548930548.925857,0
1548930548.937997,0
1548930548.950133,0
1548930548.962282,0
1548930548.974570,0
1548930548.986705,0
1548930548.998960,0
1548930549.011509,0
1548930549.023668,0
1548930549.035815,0
1548930549.048018,0
1548930549.060230,0
1548930549.072406,0
1548930549.084562,0
1548930549.096706,0
1548930549.108762,0
1548930549.120843,0
1548930549.133045,0
1548930549.145192,0
1548930549.157327,0
1548930549.169385,0
1548930549.181583,0
1548930549.194382,0
1548930549.206997,0
1548930549.219233,0
1548930549.231707,0
1548930549.244198,0
1548930549.256727,0
1548930549.268895,0
1548930549.281078,0
1548930549.293286,0
1548930549.305442,0
1548930549.317781,0
1548930549.329960,0
1548930549.342133,0
1548930549.354393,0
1548930549.366695,0
1548930549.378879,0
1548930549.391022,0
1548930549.403197,0
1548930549.415400,0
1548930549.427685,0
1548930549.439816,0
1548930549.451986,0
1548930549.464157,0
1548930549.476293,0
1548930549.488587,0
1548930549.500734,0
1548930549.512907,0
1548930549.525128,0
1548930549.537233,0
1548930549.549435,0
1548930549.561511,0
1548930549.573581,0
1548930549.585704,0
1548930549.597883,0
1548930549.610502,0
1548930549.622641,0
1548930549.634842,0
1548930549.647009,0
1548930549.659299,0
1548930549.671466,0
1548930549.683610,0
1548930549.695741,0
1548930549.707837,0
1548930549.720086,0
1548930549.732257,0
1548930549.744946,0
1548930549.757366,0
1548930549.769608,0
1548930549.781779,0
1548930549.793927,0
1548930549.806136,0
1548930549.818478,0
1548930549.830734,0
1548930549.842852,0
1548930549.855025,0
1548930549.867348,0
1548930549.879929,0
1548930549.892328,0
1548930549.904698,0
1548930549.917029,0
1548930549.929918,0
1548930549.943126,0
1548930549.956161,0
1548930549.968586,0
1548930549.981225,0
1548930549.993735,0
1548930550.006249,0
1548930550.018655,0
1548930550.031149,0
1548930550.043644,0
1548930550.056199,0
1548930550.068469,0
1548930550.080639,0
1548930550.092897,0
1548930550.105009,0
1548930550.117166,0
1548930550.129345,0
1548930550.141557,0
1548930550.153731,0
1548930550.165879,0
1548930550.178158,0
1548930550.190396,0
1548930550.202697,0
1548930550.214804,0
1548930550.227272,0
1548930550.239592,0
1548930550.251807,0
1548930550.264011,0
1548930550.276128,0
1548930550.288248,0
1548930550.300408,0
1548930550.312631,0
1548930550.325162,0
1548930550.337361,0
1548930550.349701,0
1548930550.361989,0
1548930550.374360,0
1548930550.386580,0
1548930550.399164,0
1548930550.411477,0
1548930550.424920,0
1548930550.437521,0
1548930550.450113,0
1548930550.462745,0
1548930550.475163,0
1548930550.487410,0
1548930550.499989,0
1548930550.512414,0
1548930550.524995,0
1548930550.537414,0
1548930550.549587,0
1548930550.562160,0
1548930550.574558,0
1548930550.586813,0
1548930550.599047,0
1548930550.611268,0
1548930550.623527,0
1548930550.635770,0
1548930550.647888,0
1548930550.660099,0
1548930550.672287,0
1548930550.684436,0
1548930550.696646,0
1548930550.708734,0
1548930550.720863,0
1548930550.733066,0
1548930550.745200,0
1548930550.757401,0
1548930550.769487,0
1548930550.781632,0
1548930550.794065,0
1548930550.806390,0
1548930550.818650,0
1548930550.830917,0
1548930550.843217,0
1548930550.855495,0
1548930550.867771,0
1548930550.879940,0
1548930550.892147,0
1548930550.904359,0
1548930550.916653,0
1548930550.928949,0
1548930550.941135,0
1548930550.953308,0
1548930550.965467,0
1548930550.977634,0
1548930550.989776,0
1548930551.001923,0
1548930551.013994,0
1548930551.026504,0
1548930551.038790,0
1548930551.050976,0
1548930551.063117,0
1548930551.075321,0
1548930551.087727,0
1548930551.100164,0
1548930551.112383,0
1548930551.124773,0
1548930551.137078,0
1548930551.149271,0
1548930551.161726,0
1548930551.174018,0
1548930551.186317,0
1548930551.198570,0
1548930551.210749,0
1548930551.223330,0
1548930551.235751,0
1548930551.248041,0
1548930551.260758,0
1548930551.272973,0
1548930551.285193,0
1548930551.297374,0
1548930551.309603,0
1548930551.321791,0
1548930551.334018,0
1548930551.346301,0
1548930551.358890,0
1548930551.371276,0
1548930551.383462,0
1548930551.395674,0
1548930551.407865,0
1548930551.420520,0
1548930551.432947,0
1548930551.445131,0
1548930551.457547,0
1548930551.469818,0
1548930551.482119,0
1548930551.494472,0
1548930551.506774,0
1548930551.519381,0
1548930551.531890,0
1548930551.544135,0
1548930551.556335,0
1548930551.568587,0
1548930551.580772,0
1548930551.593275,0
1548930551.605457,0
1548930551.617662,0
1548930551.630286,0
1548930551.642538,0
1548930551.655057,0
1548930551.667396,0
1548930551.681082,0
1548930551.693630,0
1548930551.705803,0
1548930551.717981,0
1548930551.730204,0
1548930551.742455,0
1548930551.754678,0
1548930551.766847,0
1548930551.779017,0
1548930551.791887,0
1548930551.804167,0
1548930551.816345,0
1548930551.828491,0
1548930551.840681,0
1548930551.852896,0
1548930551.865097,0
1548930551.877170,0
1548930551.889259,0
1548930551.901478,0
1548930551.913639,0
1548930551.925885,0
1548930551.938066,0
1548930551.950242,0
1548930551.962558,0
1548930551.974729,0
1548930551.986867,0
1548930551.999007,0
1548930552.011178,0
1548930552.023329,0
1548930552.035513,0
1548930552.047672,0
1548930552.059881,0
1548930552.072080,0
1548930552.084329,0
1548930552.096747,0
1548930552.108922,0
1548930552.121027,0
1548930552.133207,0
1548930552.145366,0
1548930552.157455,0
1548930552.169705,0
1548930552.182138,0
1548930552.194671,0
1548930552.206947,0
1548930552.219152,0
1548930552.231328,0
1548930552.243564,0
1548930552.256084,0
1548930552.268290,0
1548930552.280448,0
1548930552.292952,0
1548930552.305067,0
1548930552.317482,0
1548930552.329801,0
1548930552.342079,0
1548930552.354552,0
1548930552.366861,0
1548930552.379071,0
1548930552.391531,0
1548930552.403760,0
1548930552.415995,0
1548930552.428500,0
1548930552.440692,0
1548930552.452841,0
1548930552.464996,0
1548930552.477249,0
1548930552.489371,0
1548930552.501559,0
1548930552.513660,0
1548930552.525976,0
1548930552.538233,0
1548930552.550445,0
1548930552.562715,0
1548930552.574928,0
1548930552.587356,0
1548930552.599587,0
1548930552.611736,0
1548930552.623843,0
1548930552.635985,0
1548930552.648127,0
1548930552.660299,0
1548930552.672394,0
1548930552.684491,0
1548930552.696616,0
1548930552.708748,0
1548930552.720821,0
1548930552.734253,0
1548930552.747024,0
1548930552.759593,0
1548930552.771809,0
1548930552.783922,0
1548930552.795991,0
1548930552.808149,0
1548930552.820255,0
1548930552.832404,0
1548930552.844546,0
1548930552.856650,0
1548930552.868765,0
1548930552.880925,0
1548930552.893062,0
1548930552.905528,0
1548930552.917893,0
1548930552.930109,0
1548930552.942311,0
1548930552.954435,0
1548930552.966542,0
1548930552.978745,0
1548930552.990889,0
1548930553.003022,0
1548930553.015284,0
1548930553.027738,0
1548930553.039892,0
1548930553.052068,0
1548930553.064234,0
1548930553.076339,0
1548930553.088485,0
1548930553.100623,0
1548930553.112767,0
1548930553.124866,0
1548930553.136962,0
1548930553.149335,0
1548930553.161934,0
1548930553.174177,0
1548930553.186689,0
1548930553.198876,0
1548930553.211055,0
1548930553.223579,0
1548930553.235760,0
1548930553.247942,0
1548930553.260460,0
1548930553.272715,0
1548930553.285354,0
1548930553.297586,0
1548930553.309803,0
1548930553.322304,0
1548930553.334651,0
1548930553.346819,0
1548930553.359039,0
1548930553.371361,0
1548930553.384058,0
1548930553.396249,0
1548930553.408317,0
1548930553.420564,0
1548930553.432714,0
1548930553.444944,0
1548930553.457113,0
1548930553.469258,0
1548930553.481512,0
1548930553.493640,0
1548930553.505964,0
1548930553.518141,0
1548930553.530337,0
1548930553.542591,0
1548930553.554854,0
1548930553.567133,0
1548930553.579298,0
1548930553.591404,0
1548930553.603598,0
1548930553.616000,0
1548930553.629105,0
1548930553.641390,0
1548930553.653567,0
1548930553.665697,0
1548930553.678031,0
1548930553.690875,0
1548930553.703468,0
1548930553.715828,0
1548930553.727921,0
1548930553.740022,0
1548930553.752151,0
1548930553.764337,0
1548930553.776505,0
1548930553.788626,0
1548930553.800779,0
1548930553.812865,0
1548930553.825447,0
1548930553.837902,0
1548930553.850138,0
1548930553.862310,0
1548930553.874501,0
1548930553.887089,0
1548930553.899423,0
1548930553.911666,0
1548930553.924366,0
1548930553.936696,0
1548930553.949338,0
1548930553.961627,0
1548930553.973909,0
1548930553.986512,0
1548930553.998915,0
1548930554.011176,0
1548930554.023735,0
1548930554.036247,0
1548930554.048866,0
1548930554.061198,0
1548930554.073458,0
1548930554.085651,0
1548930554.097831,0
1548930554.110032,0
1548930554.122234,0
1548930554.134477,0
1548930554.146763,0
1548930554.159143,0
1548930554.171416,0
1548930554.184091,0
1548930554.196419,0
1548930554.208627,0
1548930554.221112,0
1548930554.233388,0
1548930554.245637,0
1548930554.257983,0
1548930554.270254,0
1548930554.282487,0
1548930554.294707,0
1548930554.307035,0
1548930554.319266,0
1548930554.331582,0
1548930554.343828,0
1548930554.356504,0
1548930554.368746,0
1548930554.381321,0
1548930554.393591,0
1548930554.405873,0
1548930554.418449,0
1548930554.430812,0
1548930554.443119,0
1548930554.455655,0
1548930554.467953,0
1548930554.480414,0
1548930554.492609,0
1548930554.504784,0
1548930554.517213,0
1548930554.529459,0
1548930554.542516,0
1548930554.554980,0
1548930554.567242,0
1548930554.579537,0
1548930554.591771,0
1548930554.603923,0
1548930554.616021,0
1548930554.628109,0
1548930554.640321,0
1548930554.653219,0
1548930554.666052,0
1548930554.678288,0
1548930554.690554,0
1548930554.702769,0
1548930554.715046,0
1548930554.727212,0
1548930554.739418,0
1548930554.751595,0
1548930554.763832,0
1548930554.775936,0
1548930554.788023,0
1548930554.800193,0
1548930554.812315,0
1548930554.824498,0
1548930554.836557,0
1548930554.848964,0
1548930554.861205,0
1548930554.873338,0
1548930554.885467,0
1548930554.897670,0
1548930554.909770,0
1548930554.922034,0
1548930554.934181,0
1548930554.946697,0
1548930554.958846,0
1548930554.970955,0
1548930554.983094,0
1548930554.995326,0
1548930555.007458,0
1548930555.019555,0
1548930555.031757,0
1548930555.044271,0
1548930555.056546,0
1548930555.068772,0
1548930555.080933,0
1548930555.093107,0
1548930555.105338,0
1548930555.117836,0
1548930555.130048,0
1548930555.142676,0
1548930555.154987,0
1548930555.167310,0
1548930555.179883,0
1548930555.192068,0
1548930555.204289,0
1548930555.216780,0
1548930555.228971,0
1548930555.241350,0
1548930555.253704,0
1548930555.265909,0
1548930555.278423,0
1548930555.290600,0
1548930555.302781,0
1548930555.315167,0
1548930555.327428,0
1548930555.339639,0
1548930555.352977,0
1548930555.365356,0
1548930555.377870,0
1548930555.390132,0
1548930555.402364,0
1548930555.414678,0
1548930555.426871,0
1548930555.439168,0
1548930555.451314,0
1548930555.463547,0
1548930555.475798,0
1548930555.488025,0
1548930555.500364,0
1548930555.512502,0
1548930555.524703,0
1548930555.536886,0
1548930555.549056,0
1548930555.561205,0
1548930555.573348,0
1548930555.585519,0
1548930555.597608,0
1548930555.609776,0
1548930555.621914,0
1548930555.634030,0
1548930555.646201,0
1548930555.658379,0
1548930555.670830,0
1548930555.682919,0
1548930555.695072,0
1548930555.707280,0
1548930555.719504,0
1548930555.731579,0
1548930555.744152,0
1548930555.756387,0
1548930555.768473,0
1548930555.780628,0
1548930555.792699,0
1548930555.804751,0
1548930555.817261,0
1548930555.829400,0
1548930555.841711,0
1548930555.854133,0
1548930555.866341,0
1548930555.878920,0
1548930555.891372,0
1548930555.903552,0
1548930555.916286,0
1548930555.928553,0
1548930555.940928,0
1548930555.953274,0
1548930555.965423,0
1548930555.977885,0
1548930555.990083,0
1548930556.002315,0
1548930556.014462,0
1548930556.026613,0
1548930556.038870,0
1548930556.051063,0
1548930556.063424,0
1548930556.075648,0
1548930556.087984,0
1548930556.100772,0
1548930556.113238,0
1548930556.125364,0
1548930556.137480,0
1548930556.149665,0
1548930556.161893,0
1548930556.174075,0
1548930556.186283,0
1548930556.198471,0
1548930556.210651,0
1548930556.222845,0
1548930556.235006,0
1548930556.247169,0
1548930556.259306,0
1548930556.271599,0
1548930556.283790,0
1548930556.295905,0
1548930556.308017,0
1548930556.320065,0
1548930556.332570,0
1548930556.344798,0
1548930556.356950,0
1548930556.369075,0
1548930556.381193,0
1548930556.393295,0
1548930556.405385,0
1548930556.417453,0
1548930556.429573,0
1548930556.442222,0
1548930556.454548,0
1548930556.466687,0
1548930556.479211,0
1548930556.491389,0
1548930556.503715,0
1548930556.516243,0
1548930556.528727,0
1548930556.541428,0
1548930556.553708,0
1548930556.566088,0
1548930556.578540,0
1548930556.590808,0
1548930556.603063,0
1548930556.615750,0
1548930556.628143,0
1548930556.640376,0
1548930556.652589,0
1548930556.664891,0
1548930556.677412,0
1548930556.689829,0
1548930556.702380,0
1548930556.714810,0
1548930556.727178,0
1548930556.739506,0
1548930556.751735,0
1548930556.764091,0
1548930556.777329,0
1548930556.789960,0
1548930556.802579,0
1548930556.814942,0
1548930556.827221,0
1548930556.839390,0
1548930556.851940,0
1548930556.864170,0
1548930556.876347,0
1548930556.888639,0
1548930556.900808,0
1548930556.913019,0
1548930556.925266,0
1548930556.937523,0
1548930556.950138,0
1548930556.962407,0
1548930556.974676,0
1548930556.987012,0
1548930556.999312,0
1548930557.011749,0
1548930557.023932,0
1548930557.036217,0
1548930557.048776,0
1548930557.061129,0
1548930557.073424,0
1548930557.086018,0
1548930557.098370,0
1548930557.111007,0
1548930557.123302,0
1548930557.135483,0
1548930557.147982,0
1548930557.160411,0
1548930557.172622,0
1548930557.185243,0
1548930557.197915,0
1548930557.210671,0
1548930557.223126,0
1548930557.235549,0
1548930557.248044,0
1548930557.260607,0
1548930557.272954,0
1548930557.285233,0
1548930557.297480,0
1548930557.309719,0
1548930557.322050,0
1548930557.334240,0
1548930557.346505,0
1548930557.358763,0
1548930557.371210,0
1548930557.383732,0
1548930557.396118,0
1548930557.408628,0
1548930557.420843,0
1548930557.433234,0
1548930557.445602,0
1548930557.457787,0
1548930557.470028,0
1548930557.483377,0
1548930557.496872,0
1548930557.510248,0
1548930557.522756,0
1548930557.535315,0
1548930557.547953,0
1548930557.560560,0
1548930557.572823,0
1548930557.585223,0
1548930557.597620,0
1548930557.610151,0
1548930557.622441,0
1548930557.634904,0
1548930557.647099,0
1548930557.659282,0
1548930557.671568,0
1548930557.683839,0
1548930557.695946,0
1548930557.708100,0
1548930557.720289,0
1548930557.732439,0
1548930557.744675,0
1548930557.756798,0
1548930557.768949,0
1548930557.781179,0
1548930557.793356,0
1548930557.805418,0
1548930557.817484,0
1548930557.829582,0
1548930557.841955,0
1548930557.854282,0
1548930557.866526,0
1548930557.878749,0
1548930557.890923,0
1548930557.903326,0
1548930557.915701,0
1548930557.927922,0
1548930557.940125,0
1548930557.952289,0
1548930557.964540,0
1548930557.976693,0
1548930557.988828,0
1548930558.001131,0
1548930558.013355,0
1548930558.025661,0
1548930558.037886,0
1548930558.050210,0
1548930558.062418,0
1548930558.074718,0
1548930558.087289,0
1548930558.099544,0
1548930558.111730,0
1548930558.123990,0
1548930558.136168,0
1548930558.148269,0
1548930558.160492,0
1548930558.172778,0
1548930558.185134,0
1548930558.197437,0
1548930558.209546,0
1548930558.221831,0
1548930558.234130,0
1548930558.246442,0
1548930558.258780,0
1548930558.270994,0
1548930558.283171,0
1548930558.295514,0
1548930558.307742,0
1548930558.319881,0
1548930558.332034,0
1548930558.344194,0
1548930558.356435,0
1548930558.368604,0
1548930558.380757,0
1548930558.392854,0
1548930558.404971,0
1548930558.417116,0
1548930558.429307,0
1548930558.441417,0
1548930558.453542,0
1548930558.465704,0
1548930558.478086,0
1548930558.490296,0
1548930558.502684,0
1548930558.515031,0
1548930558.527324,0
1548930558.539659,0
1548930558.551814,0
1548930558.564048,0
1548930558.576293,0
1548930558.588487,0
1548930558.600674,0
1548930558.612813,0
1548930558.625058,0
1548930558.638195,0
1548930558.651080,0
1548930558.663721,0
1548930558.675918,0
1548930558.688548,0
1548930558.700793,0
1548930558.712874,0
1548930558.724966,0
1548930558.737077,0
1548930558.749176,0
1548930558.761403,0
1548930558.773557,0
1548930558.785630,0
1548930558.797824,0
1548930558.810022,0
1548930558.822175,0
1548930558.834319,0
1548930558.846443,0
1548930558.858644,0
1548930558.870892,0
1548930558.883041,0
1548930558.895181,0
1548930558.907311,0
1548930558.919532,0
1548930558.931793,0
1548930558.943876,0
1548930558.955976,0
1548930558.968093,0
1548930558.980290,0
1548930558.992471,0
1548930559.004547,0
1548930559.016623,0
1548930559.028686,0
1548930559.040891,0
1548930559.053004,0
1548930559.065122,0
1548930559.077238,0
1548930559.089354,0
1548930559.101458,0
1548930559.113577,0
1548930559.125643,0
1548930559.137766,0
1548930559.149894,0
1548930559.162156,0
1548930559.174293,0
1548930559.186472,0
1548930559.198587,0
1548930559.210792,0
1548930559.223021,0
1548930559.235106,0
1548930559.247269,0
1548930559.259384,0
1548930559.271634,0
1548930559.283902,0
1548930559.296236,0
1548930559.308328,0
1548930559.320412,0
1548930559.332647,0
1548930559.344786,0
1548930559.356841,0
1548930559.368942,0
1548930559.380994,0
1548930559.393191,0
1548930559.405322,0
1548930559.417379,0
1548930559.429803,0
1548930559.442111,0
1548930559.454320,0
1548930559.466479,0
1548930559.478618,0
1548930559.490696,0
1548930559.502955,0
1548930559.515218,0
1548930559.527401,0
1548930559.539514,0
1548930559.551621,0
1548930559.563837,0
1548930559.576117,0
1548930559.588213,0
1548930559.600288,0
1548930559.612357,0
1548930559.624551,0
1548930559.637279,0
1548930559.649395,0
1548930559.661548,0
1548930559.673730,0
1548930559.685961,0
1548930559.698111,0
1548930559.710214,0
1548930559.722302,0
1548930559.734502,0
1548930559.746718,0
1548930559.758812,0
1548930559.770923,0
1548930559.783089,0
