1548929905.456495,0
1548929905.470552,2
1548929905.482950,77
1548929905.494915,182
1548929905.507819,200
1548929905.520835,200
1548929905.533997,199
1548929905.545830,199
1548929905.558312,199
1548929905.571199,200
1548929905.584578,185
1548929905.596959,187
1548929905.609715,200
1548929905.622874,198
1548929905.637231,199
1548929905.650837,199
1548929905.665397,176
1548929905.678423,169
1548929905.691716,190
1548929905.705305,173
1548929905.718501,160
1548929905.731911,148
1548929905.746205,113
1548929905.760539,59
1548929905.774529,13
1548929905.788171,1
1548929905.801537,0
1548929905.815388,0
1548929905.828993,1
1548929905.842147,1
1548929905.855511,1
1548929905.868895,3
1548929905.882322,2
1548929905.895257,3
1548929905.908360,2
1548929905.921385,1
1548929905.934071,1
1548929905.947051,1
1548929905.960872,2
1548929905.973835,2
1548929905.987464,2
1548929906.000809,2
1548929906.014602,3
1548929906.027955,1
1548929906.041517,2
1548929906.055504,2
1548929906.069018,1
1548929906.082356,0
1548929906.095920,2
1548929906.109120,1
1548929906.123868,1
1548929906.137666,1
1548929906.151668,2
1548929906.165248,2
1548929906.178656,1
1548929906.192079,2
1548929906.205793,1
1548929906.219387,3
1548929906.232645,2
1548929906.245944,1
1548929906.259356,2
1548929906.272852,4
1548929906.286256,0
1548929906.299519,1
1548929906.312853,2
1548929906.326137,2
1548929906.339314,0
1548929906.353087,1
1548929906.366725,2
1548929906.380116,2
1548929906.393763,1
1548929906.407194,2
1548929906.420622,0
1548929906.434025,1
1548929906.447526,2
1548929906.460830,2
1548929906.474263,1
1548929906.487675,2
1548929906.500978,2
1548929906.514451,2
1548929906.527881,1
1548929906.541394,1
1548929906.555071,0
1548929906.568781,1
1548929906.582235,5
1548929906.595477,13
1548929906.608758,17
1548929906.622388,22
1548929906.636411,29
1548929906.648852,55
1548929906.660963,86
1548929906.674117,117
1548929906.686776,38
1548929906.698813,22
1548929906.711869,13
1548929906.725506,1
1548929906.739038,0
1548929906.752656,1
1548929906.766158,1
1548929906.779937,1
1548929906.793518,15
1548929906.807072,1
1548929906.820648,1
1548929906.834211,2
1548929906.847814,1
1548929906.861219,2
1548929906.874876,2
1548929906.888220,2
1548929906.901647,2
1548929906.915280,2
1548929906.928598,2
1548929906.942000,2
1548929906.955475,2
1548929906.969196,10
1548929906.982583,2
1548929906.995952,2
1548929907.009545,2
1548929907.023146,1
1548929907.036630,2
1548929907.050469,2
1548929907.063862,6
1548929907.077306,2
1548929907.090614,4
1548929907.104346,5
1548929907.117849,4
1548929907.131212,5
1548929907.144941,4
1548929907.158431,5
1548929907.171824,4
1548929907.185304,4
1548929907.199092,5
1548929907.212915,5
1548929907.226470,5
1548929907.240273,4
1548929907.253713,4
1548929907.267482,4
1548929907.280942,5
1548929907.294395,4
1548929907.307977,4
1548929907.321410,4
1548929907.335081,4
1548929907.348495,4
1548929907.361826,4
1548929907.375319,5
1548929907.388916,5
1548929907.402838,5
1548929907.416451,5
1548929907.429780,5
1548929907.443554,4
1548929907.456956,5
1548929907.470353,4
1548929907.483757,5
1548929907.497064,4
1548929907.510427,4
1548929907.523757,5
1548929907.537231,4
1548929907.550607,5
1548929907.564162,4
1548929907.578024,5
1548929907.592174,4
1548929907.606462,4
1548929907.619959,4
1548929907.633319,4
1548929907.646700,4
1548929907.660628,5
1548929907.673484,5
1548929907.686499,5
1548929907.700578,4
1548929907.714047,4
1548929907.727661,4
1548929907.741283,5
1548929907.754725,4
1548929907.768367,5
1548929907.781776,5
1548929907.795202,4
1548929907.808765,4
1548929907.822277,4
1548929907.837155,4
1548929907.850959,5
1548929907.864544,5
1548929907.878158,4
1548929907.891474,4
1548929907.905005,5
1548929907.918340,5
1548929907.931858,5
1548929907.945221,5
1548929907.958600,4
1548929907.972160,4
1548929907.985519,4
1548929907.999076,5
1548929908.012706,5
1548929908.026258,5
1548929908.039662,5
1548929908.052998,4
1548929908.066513,5
1548929908.079861,5
1548929908.093253,4
1548929908.106742,5
1548929908.120138,4
1548929908.133469,4
1548929908.147153,5
1548929908.160469,5
1548929908.173904,5
1548929908.187565,5
1548929908.201133,5
1548929908.214446,5
1548929908.227893,4
1548929908.241166,4
1548929908.254937,5
1548929908.268351,4
1548929908.281696,4
1548929908.295181,5
1548929908.308602,4
1548929908.322086,5
1548929908.335742,4
1548929908.348973,4
1548929908.362357,4
1548929908.375720,5
1548929908.389179,5
1548929908.402933,4
1548929908.416341,4
1548929908.429656,4
1548929908.443349,3
1548929908.457044,5
1548929908.470735,4
1548929908.484093,5
1548929908.497395,5
1548929908.511362,5
1548929908.524908,5
1548929908.538562,4
1548929908.552055,4
1548929908.565588,4
1548929908.578848,5
1548929908.592247,4
1548929908.605569,4
1548929908.619270,4
1548929908.632648,4
1548929908.646106,5
1548929908.659575,4
1548929908.672882,4
1548929908.686444,5
1548929908.700488,5
1548929908.713792,4
1548929908.727344,5
1548929908.741019,4
1548929908.754529,4
1548929908.768168,4
1548929908.781852,5
1548929908.795553,5
1548929908.809390,5
1548929908.822982,5
1548929908.836787,5
1548929908.850580,5
1548929908.864528,4
1548929908.878080,4
1548929908.891764,5
1548929908.905203,4
1548929908.918650,5
1548929908.932063,4
1548929908.945764,5
1548929908.959376,4
1548929908.973027,4
1548929908.986643,5
1548929909.000142,4
1548929909.013555,5
1548929909.027067,4
1548929909.040496,4
1548929909.053852,6
1548929909.067262,6
1548929909.081007,5
1548929909.094452,5
1548929909.107919,4
1548929909.121427,4
1548929909.134854,5
1548929909.148242,5
1548929909.161588,4
1548929909.174909,4
1548929909.188249,4
1548929909.201651,5
1548929909.215142,4
1548929909.229181,5
1548929909.243298,5
1548929909.257201,5
1548929909.270954,5
1548929909.284633,4
1548929909.298031,4
1548929909.311427,5
1548929909.324777,4
1548929909.338229,3
1548929909.351569,5
1548929909.364883,5
1548929909.378699,4
1548929909.392171,4
1548929909.405519,4
1548929909.418901,3
1548929909.432251,5
1548929909.445737,4
1548929909.459242,4
1548929909.472627,6
1548929909.485704,6
1548929909.498903,5
1548929909.512565,4
1548929909.526042,5
1548929909.539579,5
1548929909.552996,4
1548929909.565814,5
1548929909.579231,5
1548929909.592856,4
1548929909.606356,4
1548929909.619682,5
1548929909.633102,5
1548929909.646622,5
1548929909.660124,5
1548929909.673499,5
1548929909.686910,4
1548929909.700339,5
1548929909.713632,5
1548929909.727456,5
1548929909.741082,5
1548929909.754591,5
1548929909.767883,5
1548929909.781307,5
1548929909.794968,6
1548929909.808648,5
1548929909.822060,5
1548929909.835658,4
1548929909.849095,5
1548929909.862431,5
1548929909.875849,4
1548929909.889257,5
1548929909.902723,4
1548929909.916226,5
1548929909.929905,5
1548929909.943420,4
1548929909.956855,5
1548929909.970399,5
1548929909.983817,4
1548929909.997414,4
1548929910.010743,4
1548929910.024290,4
1548929910.037843,4
1548929910.051327,5
1548929910.065023,5
1548929910.078645,5
1548929910.092163,3
1548929910.105434,5
1548929910.118782,5
1548929910.132386,4
1548929910.146375,4
1548929910.160116,5
1548929910.173893,5
1548929910.187316,5
1548929910.200811,4
1548929910.214293,5
1548929910.227743,5
1548929910.241322,4
1548929910.254931,5
1548929910.268583,4
1548929910.281909,5
1548929910.295625,5
1548929910.308983,5
1548929910.322214,5
1548929910.335576,5
1548929910.349105,5
1548929910.362966,5
1548929910.376451,4
1548929910.389919,4
1548929910.403478,5
1548929910.417128,5
1548929910.430521,5
1548929910.444276,4
1548929910.458047,4
1548929910.471545,4
1548929910.484833,4
1548929910.498370,5
1548929910.512236,4
1548929910.525961,5
1548929910.539715,4
1548929910.553062,5
1548929910.566662,5
1548929910.580064,4
1548929910.593332,4
1548929910.606904,4
1548929910.620262,4
1548929910.633590,4
1548929910.647143,4
1548929910.660713,4
1548929910.674365,3
1548929910.687748,5
1548929910.701279,5
1548929910.714710,4
1548929910.728122,4
1548929910.741536,5
1548929910.755108,4
1548929910.768506,4
1548929910.781831,5
1548929910.795370,4
1548929910.808982,4
1548929910.822299,5
1548929910.835588,4
1548929910.849007,5
1548929910.862767,4
1548929910.876323,4
1548929910.889894,5
1548929910.903491,5
1548929910.916820,5
1548929910.930105,5
1548929910.943500,5
1548929910.956835,4
1548929910.970125,5
1548929910.983198,2
1548929910.996260,6
1548929911.009572,2
1548929911.022956,5
1548929911.036757,4
1548929911.050142,3
1548929911.064463,4
1548929911.078552,0
1548929911.091909,5
1548929911.105477,11
1548929911.119181,12
1548929911.132648,18
1548929911.146123,22
1548929911.159405,31
1548929911.172856,37
1548929911.186586,39
1548929911.199940,44
1548929911.213353,43
1548929911.226935,47
1548929911.240194,50
1548929911.253805,50
1548929911.267176,54
1548929911.280373,56
1548929911.294020,63
1548929911.307383,66
1548929911.320787,68
1548929911.334156,70
1548929911.347625,73
1548929911.360955,72
1548929911.374269,76
1548929911.387622,81
1548929911.400931,82
1548929911.414423,83
1548929911.428041,81
1548929911.441399,85
1548929911.454928,90
1548929911.468405,89
1548929911.481702,90
1548929911.495119,91
1548929911.508486,95
1548929911.522152,96
1548929911.535488,100
1548929911.548803,105
1548929911.562668,107
1548929911.576306,110
1548929911.589600,110
1548929911.603089,110
1548929911.616808,114
1548929911.630074,115
1548929911.643700,111
1548929911.657025,112
1548929911.670322,117
1548929911.683790,118
1548929911.697566,122
1548929911.710875,122
1548929911.724259,123
1548929911.737580,121
1548929911.750915,122
1548929911.764259,125
1548929911.777566,127
1548929911.790988,132
1548929911.804426,133
1548929911.817757,136
1548929911.831142,135
1548929911.844443,138
1548929911.857790,141
1548929911.871299,139
1548929911.884751,142
1548929911.898132,143
1548929911.911566,146
1548929911.924887,149
1548929911.938256,145
1548929911.951708,145
1548929911.965043,149
1548929911.978418,149
1548929911.992215,149
1548929912.005872,154
1548929912.020271,153
1548929912.034436,152
1548929912.047875,156
1548929912.061217,158
1548929912.074574,161
1548929912.087738,162
1548929912.101123,164
1548929912.114529,164
1548929912.127907,168
1548929912.141405,169
1548929912.154951,169
1548929912.168271,169
1548929912.181911,169
1548929912.195539,170
1548929912.208832,174
1548929912.221938,174
1548929912.235537,176
1548929912.248851,178
1548929912.262639,177
1548929912.274837,181
1548929912.287722,180
1548929912.300908,183
1548929912.314539,183
1548929912.327891,181
1548929912.341479,182
1548929912.354906,184
1548929912.368484,187
1548929912.382009,190
1548929912.395462,192
1548929912.409140,194
1548929912.422090,194
1548929912.435356,194
1548929912.448622,195
1548929912.462075,194
1548929912.475407,195
1548929912.488771,197
1548929912.502203,197
1548929912.515593,198
1548929912.528986,197
1548929912.542314,197
1548929912.555644,131
1548929912.569003,183
1548929912.582362,197
1548929912.595801,196
1548929912.609481,195
1548929912.622951,144
1548929912.636389,173
1548929912.649826,198
1548929912.663745,196
1548929912.677602,196
1548929912.691196,141
1548929912.704509,160
1548929912.718066,198
1548929912.731379,193
1548929912.744744,185
1548929912.758057,109
1548929912.771542,181
1548929912.784172,193
1548929912.797401,196
1548929912.811399,168
1548929912.824688,136
1548929912.838031,174
1548929912.851508,196
1548929912.864906,196
1548929912.878401,189
1548929912.891819,178
1548929912.905521,196
1548929912.918977,192
1548929912.932349,196
1548929912.945558,137
1548929912.959154,127
1548929912.973149,187
1548929912.986628,155
1548929913.000049,168
1548929913.013283,107
1548929913.027041,200
1548929913.040502,153
1548929913.054151,165
1548929913.067575,152
1548929913.080969,199
1548929913.094764,193
1548929913.108149,154
1548929913.119739,168
1548929913.132037,162
1548929913.145628,197
1548929913.158891,185
1548929913.172286,200
1548929913.186011,148
1548929913.199270,175
1548929913.211942,199
1548929913.224800,139
1548929913.238171,140
1548929913.251310,155
1548929913.264657,197
1548929913.278121,177
1548929913.291755,155
1548929913.304799,191
1548929913.318038,162
1548929913.331350,129
1548929913.344736,114
1548929913.358377,138
1548929913.372215,128
1548929913.385711,123
1548929913.399254,113
1548929913.412535,98
1548929913.425941,88
1548929913.439300,69
1548929913.452743,53
1548929913.466132,34
1548929913.479623,10
1548929913.493221,3
1548929913.506661,3
1548929913.520090,31
1548929913.533465,3
1548929913.546677,2
1548929913.560204,2
1548929913.573772,30
1548929913.586963,20
1548929913.600272,7
1548929913.613662,4
1548929913.627092,5
1548929913.640615,5
1548929913.654167,5
1548929913.667732,5
1548929913.681319,4
1548929913.694977,4
1548929913.707490,4
1548929913.720874,4
1548929913.733985,4
1548929913.747782,4
1548929913.761300,4
1548929913.774892,4
1548929913.788341,4
1548929913.801666,5
1548929913.815421,4
1548929913.828894,4
1548929913.842705,4
1548929913.856052,4
1548929913.869381,6
1548929913.882841,5
1548929913.896233,4
1548929913.910093,4
1548929913.923749,5
1548929913.937390,5
1548929913.950750,4
1548929913.964698,5
1548929913.978083,5
1548929913.991560,5
1548929914.005225,5
1548929914.019281,4
1548929914.032821,4
1548929914.046254,5
1548929914.059562,5
1548929914.072965,5
1548929914.086318,4
1548929914.099734,5
1548929914.113170,5
1548929914.126759,4
1548929914.140360,4
1548929914.153619,4
1548929914.167244,4
1548929914.180791,4
1548929914.194403,5
1548929914.207865,4
1548929914.221268,5
1548929914.234764,4
1548929914.248439,5
1548929914.261823,5
1548929914.275837,5
1548929914.289899,5
1548929914.304196,4
1548929914.317760,4
1548929914.331372,5
1548929914.345080,4
1548929914.358505,5
1548929914.372070,5
1548929914.385932,5
1548929914.399643,5
1548929914.413348,4
1548929914.426903,4
1548929914.440795,3
1548929914.454438,5
1548929914.467900,5
1548929914.481505,5
1548929914.494918,4
1548929914.508427,4
1548929914.522127,4
1548929914.535633,4
1548929914.549195,4
1548929914.562844,5
1548929914.576423,5
1548929914.589788,4
1548929914.603084,5
1548929914.616461,4
1548929914.629832,4
1548929914.643004,4
1548929914.655919,4
1548929914.668917,4
1548929914.682480,5
1548929914.695756,4
1548929914.709071,6
1548929914.722523,5
1548929914.735933,6
1548929914.750010,4
1548929914.763133,4
1548929914.776608,4
1548929914.790350,5
1548929914.804228,4
1548929914.817881,5
1548929914.831295,5
1548929914.844764,5
1548929914.858392,5
1548929914.871897,5
1548929914.885238,4
1548929914.898796,4
1548929914.912114,4
1548929914.925760,4
1548929914.939180,5
1548929914.953069,4
1548929914.966489,6
1548929914.979976,4
1548929914.993421,4
1548929915.006812,5
1548929915.020201,4
1548929915.033500,4
1548929915.046824,4
1548929915.060453,4
1548929915.073869,5
1548929915.087375,6
1548929915.100383,4
1548929915.113485,5
1548929915.127386,5
1548929915.141007,4
1548929915.154700,4
1548929915.168010,3
1548929915.181248,6
1548929915.194758,5
1548929915.208050,4
1548929915.221321,5
1548929915.234984,5
1548929915.248408,4
1548929915.261943,6
1548929915.275945,5
1548929915.289503,4
1548929915.303496,4
1548929915.317353,4
1548929915.330841,4
1548929915.344209,4
1548929915.357572,4
1548929915.371154,4
1548929915.385182,5
1548929915.398716,4
1548929915.412201,5
1548929915.425440,5
1548929915.439059,5
1548929915.452533,5
1548929915.465907,4
1548929915.479770,4
1548929915.492733,4
1548929915.506591,4
1548929915.520088,4
1548929915.533448,5
1548929915.547093,5
1548929915.560432,4
1548929915.573966,5
1548929915.587384,4
1548929915.600914,4
1548929915.614781,4
1548929915.628657,6
1548929915.642515,5
1548929915.656463,4
1548929915.671044,4
1548929915.684756,4
1548929915.698511,4
1548929915.711953,5
1548929915.725289,5
1548929915.738655,4
1548929915.752201,5
1548929915.765733,5
1548929915.779106,5
1548929915.792685,5
1548929915.806279,5
1548929915.819958,5
1548929915.833407,4
1548929915.847185,5
1548929915.860594,4
1548929915.873837,4
1548929915.887224,4
1548929915.900554,5
1548929915.913800,4
1548929915.927054,4
1548929915.940667,6
1548929915.954489,6
1548929915.968074,11
1548929915.981812,12
1548929915.995368,10
1548929916.008625,12
1548929916.021543,11
1548929916.034739,13
1548929916.047671,13
1548929916.060566,14
1548929916.073731,17
1548929916.087284,15
1548929916.100865,20
1548929916.114821,19
1548929916.128331,23
1548929916.141427,23
1548929916.154950,24
1548929916.168269,24
1548929916.182064,25
1548929916.196063,28
1548929916.210078,27
1548929916.224012,26
1548929916.237562,29
1548929916.251092,30
1548929916.264456,26
1548929916.278504,28
1548929916.291869,29
1548929916.305223,28
1548929916.318748,30
1548929916.332297,28
1548929916.345517,30
1548929916.358623,25
1548929916.371873,26
1548929916.384896,30
1548929916.398245,30
1548929916.411591,30
1548929916.424990,32
1548929916.438692,32
1548929916.452779,31
1548929916.466326,31
1548929916.479949,32
1548929916.493095,35
1548929916.506470,37
1548929916.519952,32
1548929916.533363,33
1548929916.546464,34
1548929916.559787,33
1548929916.573258,33
1548929916.587197,34
1548929916.600656,35
1548929916.613943,34
1548929916.627438,33
1548929916.640875,34
1548929916.654186,35
1548929916.667659,36
1548929916.680788,35
1548929916.694470,35
1548929916.707996,34
1548929916.721312,35
1548929916.734983,37
1548929916.748667,35
1548929916.762373,37
1548929916.775327,38
1548929916.788817,40
1548929916.802655,37
1548929916.816108,40
1548929916.829394,40
1548929916.842727,42
1548929916.855925,38
1548929916.869311,42
1548929916.882914,40
1548929916.896786,29
1548929916.910205,22
1548929916.923680,10
1548929916.936968,4
1548929916.950809,2
1548929916.964263,2
1548929916.977595,2
1548929916.991004,2
1548929917.004498,3
1548929917.017818,2
1548929917.031388,2
1548929917.044801,2
1548929917.058294,3
1548929917.071720,5
1548929917.085219,2
1548929917.098703,2
1548929917.112025,2
1548929917.125665,3
1548929917.139113,9
1548929917.152768,3
1548929917.166125,5
1548929917.180441,7
1548929917.194197,22
1548929917.207433,31
1548929917.220849,44
1548929917.234462,45
1548929917.248046,47
1548929917.261436,49
1548929917.274839,54
1548929917.288528,57
1548929917.302090,61
1548929917.315547,61
1548929917.329168,65
1548929917.342635,75
1548929917.356110,78
1548929917.369983,82
1548929917.383462,87
1548929917.396892,92
1548929917.410487,95
1548929917.424060,98
1548929917.437410,100
1548929917.450813,103
1548929917.464390,107
1548929917.478309,114
1548929917.491935,113
1548929917.505469,118
1548929917.519147,119
1548929917.532873,122
1548929917.546190,124
1548929917.559737,125
1548929917.573275,91
1548929917.586631,77
1548929917.600090,65
1548929917.613666,65
1548929917.627149,59
1548929917.640612,46
1548929917.654121,29
1548929917.667620,10
1548929917.681231,10
1548929917.694732,3
1548929917.708177,2
1548929917.721557,3
1548929917.734896,3
1548929917.748326,2
1548929917.761828,2
1548929917.775238,3
1548929917.789016,2
1548929917.802461,3
1548929917.815784,4
1548929917.829550,2
1548929917.843949,3
1548929917.858612,10
1548929917.872978,4
1548929917.886641,5
1548929917.900872,4
1548929917.914142,4
1548929917.928007,5
1548929917.941090,5
1548929917.954518,5
1548929917.968089,5
1548929917.981723,4
1548929917.995145,5
1548929918.008750,4
1548929918.022013,5
1548929918.035709,4
1548929918.048616,5
1548929918.062026,5
1548929918.074775,5
1548929918.088076,4
1548929918.101520,5
1548929918.115102,4
1548929918.128548,5
1548929918.141978,5
1548929918.155378,4
1548929918.168764,5
1548929918.182154,5
1548929918.195762,4
1548929918.209429,5
1548929918.222916,6
1548929918.236628,5
1548929918.250345,4
1548929918.264019,5
1548929918.277516,5
1548929918.291053,5
1548929918.304524,4
1548929918.318040,5
1548929918.331384,4
1548929918.344700,4
1548929918.357990,5
1548929918.371559,4
1548929918.385268,4
1548929918.398670,4
1548929918.411977,4
1548929918.425446,5
1548929918.439110,4
1548929918.452622,4
1548929918.466000,4
1548929918.479597,5
1548929918.492898,4
1548929918.506312,5
1548929918.519815,4
1548929918.533386,4
1548929918.546813,5
1548929918.560207,4
1548929918.573620,4
1548929918.587027,5
1548929918.601521,5
1548929918.615589,5
1548929918.629408,5
1548929918.643105,4
1548929918.656743,5
1548929918.670403,4
1548929918.684289,5
1548929918.697901,4
1548929918.711436,5
1548929918.724768,5
1548929918.738512,4
1548929918.751950,5
1548929918.765297,5
1548929918.778961,4
1548929918.792398,5
1548929918.805800,4
1548929918.819225,5
1548929918.832601,5
1548929918.845865,5
1548929918.859275,4
1548929918.872638,4
1548929918.885802,5
1548929918.899234,5
1548929918.912692,3
1548929918.926166,4
1548929918.939513,6
1548929918.953015,5
1548929918.966602,4
1548929918.980911,4
1548929918.994976,4
1548929919.008765,4
1548929919.022241,4
1548929919.035807,5
1548929919.049149,4
1548929919.062826,4
1548929919.076566,5
1548929919.089955,4
1548929919.103290,5
1548929919.116581,6
1548929919.130211,4
1548929919.143676,3
1548929919.157267,4
1548929919.170611,4
1548929919.184050,4
1548929919.197536,5
1548929919.211180,5
1548929919.224590,4
1548929919.237640,5
1548929919.251245,4
1548929919.264955,4
1548929919.278333,3
1548929919.291838,4
1548929919.305369,4
1548929919.318578,5
1548929919.332042,4
1548929919.345272,5
1548929919.358462,4
1548929919.371866,5
1548929919.385514,4
1548929919.398754,5
1548929919.412522,4
1548929919.425326,5
1548929919.439064,5
1548929919.452594,5
1548929919.466051,4
1548929919.479391,5
1548929919.493372,4
1548929919.506764,5
1548929919.520048,5
1548929919.533636,4
1548929919.547228,4
1548929919.560709,4
1548929919.574382,4
1548929919.588144,3
1548929919.601454,4
1548929919.615110,5
1548929919.628685,4
1548929919.642152,4
1548929919.655749,5
1548929919.669165,4
1548929919.682547,4
1548929919.696283,4
1548929919.710063,5
1548929919.723700,4
1548929919.737137,4
1548929919.750578,3
1548929919.764240,5
1548929919.777532,3
1548929919.790739,4
1548929919.804511,5
1548929919.818518,5
1548929919.832155,4
1548929919.845419,4
1548929919.858840,4
1548929919.872239,5
1548929919.885712,4
1548929919.899048,5
1548929919.912354,5
1548929919.926155,6
1548929919.940539,5
1548929919.954379,4
1548929919.968630,4
1548929919.982184,5
1548929919.995881,3
1548929920.008867,3
1548929920.022178,5
1548929920.035380,6
1548929920.049063,7
1548929920.062711,9
1548929920.076133,14
1548929920.089519,21
1548929920.103124,27
1548929920.116572,36
1548929920.130354,36
1548929920.143751,39
1548929920.157032,36
1548929920.170723,39
1548929920.184680,36
1548929920.198085,24
1548929920.212541,9
1548929920.226039,3
1548929920.239438,5
1548929920.253131,5
1548929920.266640,4
1548929920.280046,5
1548929920.293416,5
1548929920.306955,5
1548929920.320424,5
1548929920.333858,5
1548929920.347259,4
1548929920.360635,6
1548929920.374156,8
1548929920.387675,10
1548929920.401232,16
1548929920.414401,16
1548929920.427972,24
1548929920.441326,36
1548929920.454891,38
1548929920.468315,39
1548929920.482436,39
1548929920.495749,43
1548929920.509028,48
1548929920.522415,49
1548929920.536103,52
1548929920.549447,55
1548929920.563094,57
1548929920.576576,61
1548929920.590386,70
1548929920.603813,69
1548929920.617166,71
1548929920.630798,69
1548929920.644229,74
1548929920.657587,77
1548929920.669537,81
1548929920.682590,82
1548929920.696087,83
1548929920.709335,81
1548929920.722776,85
1548929920.736410,92
1548929920.750075,93
1548929920.763646,93
1548929920.777222,97
1548929920.790681,104
1548929920.804039,114
1548929920.817526,130
1548929920.830816,128
1548929920.844027,123
1548929920.857353,147
1548929920.870805,147
1548929920.884583,151
1548929920.898276,153
1548929920.911871,154
1548929920.925641,155
1548929920.938932,153
1548929920.952288,155
1548929920.965565,156
1548929920.979010,160
1548929920.992375,162
1548929921.005776,163
1548929921.019377,165
1548929921.032806,166
1548929921.046140,167
1548929921.059620,167
1548929921.072888,170
1548929921.086217,173
1548929921.099625,177
1548929921.112939,187
1548929921.126675,189
1548929921.140088,196
1548929921.153449,199
1548929921.166825,195
1548929921.180675,193
1548929921.193961,187
1548929921.207320,172
1548929921.220650,145
1548929921.234323,85
1548929921.248768,175
1548929921.262744,190
1548929921.276569,190
1548929921.290346,193
1548929921.303885,193
1548929921.317256,196
1548929921.330576,195
1548929921.344097,197
1548929921.357795,199
1548929921.371065,197
1548929921.384331,190
1548929921.397582,137
1548929921.410975,114
1548929921.424578,140
1548929921.438119,86
1548929921.451680,72
1548929921.465022,69
1548929921.478265,107
1548929921.490836,82
1548929921.503921,44
1548929921.517205,29
1548929921.530843,48
1548929921.544448,0
1548929921.557824,2
1548929921.571197,11
1548929921.584714,7
1548929921.598142,1
1548929921.611569,1
1548929921.625322,24
1548929921.638974,1
1548929921.652447,2
1548929921.665962,26
1548929921.679377,1
1548929921.692811,2
1548929921.706508,16
1548929921.720229,9
1548929921.733719,5
1548929921.747099,2
1548929921.760777,9
1548929921.774207,13
1548929921.787574,5
1548929921.801018,4
1548929921.814726,5
1548929921.828422,5
1548929921.842090,5
1548929921.855543,4
1548929921.869026,5
1548929921.882874,4
1548929921.896477,6
1548929921.910030,5
1548929921.923446,5
1548929921.936839,4
1548929921.950483,5
1548929921.964038,5
1548929921.977401,5
1548929921.991057,5
1548929922.004656,5
1548929922.018343,4
1548929922.032015,4
1548929922.045400,4
1548929922.058749,5
1548929922.072129,5
1548929922.085833,4
1548929922.099291,5
1548929922.113016,5
1548929922.126410,4
1548929922.139892,5
1548929922.153355,4
1548929922.166868,4
1548929922.180387,5
1548929922.193635,5
1548929922.207122,4
1548929922.220650,4
1548929922.234039,6
1548929922.247534,4
1548929922.261169,4
1548929922.274482,5
1548929922.287827,3
1548929922.301333,4
1548929922.314749,5
1548929922.328300,5
1548929922.341561,4
1548929922.355138,4
1548929922.368492,5
1548929922.382141,5
1548929922.395685,5
1548929922.409300,5
1548929922.422932,5
1548929922.436915,4
1548929922.450394,5
1548929922.463895,4
1548929922.477353,4
1548929922.490725,5
1548929922.504088,5
1548929922.517501,5
1548929922.531161,4
1548929922.544528,5
1548929922.557908,5
1548929922.571467,5
1548929922.584887,4
1548929922.598312,5
1548929922.611600,5
1548929922.625002,5
1548929922.638483,3
1548929922.651846,5
1548929922.665414,5
1548929922.678872,4
1548929922.692513,5
1548929922.706089,4
1548929922.719674,4
1548929922.732988,3
1548929922.746500,4
1548929922.759921,3
1548929922.773182,3
1548929922.786703,0
1548929922.799823,5
1548929922.813061,3
1548929922.826554,5
1548929922.840110,5
1548929922.853561,5
1548929922.867327,2
1548929922.880792,2
1548929922.894139,4
1548929922.907646,3
1548929922.921019,4
1548929922.934932,4
1548929922.947859,3
1548929922.960493,4
1548929922.973664,4
1548929922.987398,4
1548929923.001172,4
1548929923.014569,8
1548929923.028034,10
1548929923.041657,13
1548929923.055265,20
1548929923.068668,28
1548929923.082234,41
1548929923.095661,41
1548929923.109023,42
1548929923.122399,50
1548929923.135800,54
1548929923.149585,59
1548929923.163134,63
1548929923.176522,67
1548929923.189858,73
1548929923.203146,79
1548929923.216515,86
1548929923.229645,98
1548929923.243231,85
1548929923.256934,85
1548929923.270435,63
1548929923.284120,29
1548929923.297509,26
1548929923.311020,10
1548929923.324400,2
1548929923.337758,0
1548929923.351457,1
1548929923.364918,7
1548929923.378339,2
1548929923.391834,2
1548929923.405454,10
1548929923.418938,1
1548929923.432660,2
1548929923.446670,2
1548929923.460121,1
1548929923.473530,0
1548929923.487454,1
1548929923.501172,10
1548929923.514553,3
1548929923.527928,2
1548929923.541455,13
1548929923.554982,2
1548929923.568562,2
1548929923.581994,3
1548929923.595918,3
1548929923.609557,2
1548929923.623318,2
1548929923.636795,8
1548929923.650786,4
1548929923.664527,4
1548929923.678095,5
1548929923.691705,4
1548929923.705208,4
1548929923.718766,4
1548929923.732372,4
1548929923.746144,5
1548929923.759998,4
1548929923.773416,5
1548929923.786813,4
1548929923.800244,5
1548929923.813875,5
1548929923.827454,5
1548929923.841050,4
1548929923.854604,4
1548929923.867944,4
1548929923.882132,4
1548929923.895704,5
1548929923.909340,5
1548929923.923072,5
1548929923.936496,4
1548929923.949919,5
1548929923.963525,5
1548929923.977462,4
1548929923.991154,5
1548929924.004660,5
1548929924.018333,4
1548929924.031888,5
1548929924.045392,5
1548929924.058848,6
1548929924.072298,5
1548929924.085823,5
1548929924.099274,4
1548929924.112700,5
1548929924.126198,4
1548929924.139737,5
1548929924.153015,4
1548929924.166376,5
1548929924.179775,5
1548929924.193245,4
1548929924.206739,4
1548929924.220476,5
1548929924.233785,5
1548929924.247468,5
1548929924.260699,5
1548929924.273916,5
1548929924.287280,5
1548929924.300685,4
1548929924.313940,5
1548929924.327380,4
1548929924.340603,4
1548929924.354843,4
1548929924.368882,5
1548929924.382379,4
1548929924.395947,4
1548929924.409387,5
1548929924.422897,4
1548929924.436318,4
1548929924.449744,4
1548929924.463060,5
1548929924.476457,5
1548929924.490031,5
1548929924.503384,4
1548929924.516722,5
1548929924.530366,3
1548929924.544167,4
1548929924.557608,4
1548929924.571149,4
1548929924.584527,3
1548929924.597835,1
1548929924.611571,4
1548929924.625234,4
1548929924.639160,4
1548929924.651737,6
1548929924.665492,3
1548929924.678745,7
1548929924.692196,4
1548929924.705730,2
1548929924.719102,5
1548929924.732357,4
1548929924.745190,5
1548929924.758031,5
1548929924.770906,2
1548929924.784053,4
1548929924.797337,5
1548929924.810569,6
1548929924.823570,6
1548929924.836567,3
1548929924.849263,4
1548929924.862129,4
1548929924.875037,4
1548929924.887859,5
1548929924.900582,5
1548929924.914363,5
1548929924.927361,4
1548929924.940918,5
1548929924.954096,6
1548929924.967437,5
1548929924.981108,5
1548929924.994470,3
1548929925.007829,6
1548929925.021246,5
1548929925.033709,5
1548929925.046758,5
1548929925.059384,2
1548929925.071859,3
1548929925.084523,3
1548929925.097315,4
1548929925.111043,3
1548929925.124602,6
1548929925.138798,4
1548929925.152671,4
1548929925.166337,3
1548929925.180262,4
1548929925.193716,4
1548929925.206662,5
1548929925.220073,4
1548929925.234260,4
1548929925.248331,3
1548929925.261558,4
1548929925.275458,5
1548929925.288882,3
1548929925.302654,4
1548929925.314961,3
1548929925.327889,5
1548929925.341139,4
1548929925.354286,2
1548929925.367105,4
1548929925.380079,2
1548929925.393093,4
1548929925.406350,3
1548929925.420009,3
1548929925.432368,5
1548929925.445135,2
1548929925.458082,2
1548929925.470917,3
1548929925.484004,4
1548929925.496782,4
1548929925.509081,5
1548929925.522027,4
1548929925.534928,4
1548929925.548335,5
1548929925.561592,5
1548929925.574700,3
1548929925.588056,5
1548929925.601708,0
1548929925.615489,4
1548929925.628973,3
1548929925.641909,4
1548929925.655853,2
1548929925.668624,3
1548929925.681872,6
1548929925.695117,5
1548929925.708253,4
1548929925.721714,6
1548929925.735682,4
1548929925.749313,3
1548929925.762669,6
1548929925.776092,5
1548929925.789358,4
1548929925.802288,5
1548929925.816173,4
1548929925.829812,5
1548929925.843599,3
1548929925.857463,3
1548929925.871429,4
1548929925.885097,4
1548929925.898720,5
1548929925.912456,2
1548929925.925235,3
1548929925.938735,4
1548929925.951670,5
1548929925.965018,4
1548929925.978592,3
1548929925.992569,3
1548929926.005719,4
1548929926.019168,5
1548929926.032227,4
1548929926.045567,4
1548929926.058946,2
1548929926.072323,4
1548929926.085574,3
1548929926.098029,3
1548929926.111111,3
1548929926.124513,6
1548929926.137771,4
1548929926.151704,5
1548929926.165446,5
1548929926.178856,5
1548929926.192563,3
1548929926.206604,3
1548929926.219700,2
1548929926.233344,3
1548929926.247171,5
1548929926.260647,5
1548929926.273744,5
1548929926.286951,4
1548929926.300112,4
1548929926.313250,5
1548929926.326864,4
1548929926.341275,3
1548929926.354046,3
1548929926.366930,4
1548929926.379819,3
1548929926.393586,4
1548929926.407654,3
1548929926.420915,3
1548929926.433637,3
1548929926.446623,6
1548929926.459817,2
1548929926.472872,6
1548929926.486542,9
1548929926.500066,15
1548929926.513354,16
1548929926.527174,22
1548929926.541077,31
1548929926.554639,37
1548929926.568143,45
1548929926.581642,50
1548929926.595188,49
1548929926.608802,54
1548929926.622599,58
1548929926.636180,62
1548929926.649568,67
1548929926.663027,73
1548929926.676485,83
1548929926.690083,87
1548929926.703394,89
1548929926.716743,94
1548929926.730162,95
1548929926.743618,96
1548929926.757312,101
1548929926.773018,103
1548929926.786887,109
1548929926.800479,115
1548929926.814049,117
1548929926.827391,121
1548929926.840889,123
1548929926.854448,124
1548929926.867634,126
1548929926.881015,129
1548929926.895015,132
1548929926.908491,135
1548929926.922326,136
1548929926.935718,138
1548929926.949041,141
1548929926.962439,142
1548929926.976082,146
1548929926.989708,148
1548929927.003042,150
1548929927.016321,154
1548929927.029650,160
1548929927.042988,162
1548929927.056391,165
1548929927.069717,168
1548929927.083295,167
1548929927.096663,171
1548929927.110060,173
1548929927.123413,173
1548929927.136743,174
1548929927.150114,180
1548929927.163592,184
1548929927.177148,188
1548929927.190473,190
1548929927.203558,193
1548929927.216838,194
1548929927.230165,193
1548929927.243632,195
1548929927.256834,198
1548929927.270234,197
1548929927.283601,198
1548929927.297006,188
1548929927.310407,134
1548929927.323793,143
1548929927.337492,196
1548929927.350920,197
1548929927.364271,177
1548929927.377885,96
1548929927.391553,155
1548929927.404708,197
1548929927.417987,198
1548929927.431371,184
1548929927.444717,165
1548929927.458090,165
1548929927.471447,195
1548929927.485169,193
1548929927.498554,196
1548929927.511935,198
1548929927.525820,164
1548929927.539400,151
1548929927.553091,130
1548929927.566871,176
1548929927.581044,176
1548929927.594402,177
1548929927.607705,179
1548929927.620974,180
1548929927.634297,185
1548929927.647604,184
1548929927.660912,186
1548929927.674248,190
1548929927.687932,197
1548929927.701521,197
1548929927.714908,198
1548929927.728848,199
1548929927.742285,199
1548929927.756015,171
1548929927.769342,118
1548929927.782944,140
1548929927.796340,168
1548929927.809639,158
1548929927.822986,190
1548929927.836371,188
1548929927.849624,192
1548929927.864205,193
1548929927.877848,199
1548929927.891351,198
1548929927.904780,197
1548929927.918309,176
1548929927.931659,145
1548929927.945169,191
1548929927.958557,197
1548929927.971863,196
1548929927.985353,145
1548929927.999053,80
1548929928.011994,178
1548929928.025572,186
1548929928.039139,183
1548929928.052660,185
1548929928.066096,187
1548929928.079999,191
1548929928.093316,191
1548929928.106730,196
1548929928.120353,196
1548929928.134242,198
1548929928.147777,197
1548929928.161175,178
1548929928.174506,157
1548929928.187993,149
1548929928.201660,186
1548929928.215240,199
1548929928.229059,173
1548929928.242437,156
1548929928.255799,125
1548929928.269382,199
1548929928.282873,195
1548929928.296612,194
1548929928.310534,140
1548929928.323910,125
1548929928.337574,200
1548929928.351095,198
1548929928.364443,187
1548929928.377719,148
1548929928.391100,182
1548929928.405075,139
1548929928.418522,119
1548929928.432175,197
1548929928.444868,196
1548929928.456696,190
1548929928.469310,120
1548929928.481621,94
1548929928.494431,192
1548929928.506132,165
1548929928.518501,154
1548929928.531375,135
1548929928.544553,155
1548929928.558145,143
1548929928.571824,135
1548929928.585262,100
1548929928.598656,86
1548929928.612230,86
1548929928.625858,133
1548929928.639197,73
1548929928.652763,62
1548929928.666493,47
1548929928.680409,72
1548929928.693945,23
1548929928.707484,0
1548929928.721025,10
1548929928.734839,2
1548929928.748557,1
1548929928.762057,0
1548929928.775407,4
1548929928.788752,1
1548929928.802396,2
1548929928.815960,2
1548929928.829287,2
1548929928.842959,2
1548929928.856471,13
1548929928.869828,7
1548929928.883521,2
1548929928.897000,3
1548929928.910465,9
1548929928.923952,9
1548929928.937714,3
1548929928.951268,5
1548929928.964578,6
1548929928.978224,5
1548929928.991724,5
1548929929.005237,4
1548929929.018767,4
1548929929.032494,5
1548929929.045952,4
1548929929.059374,5
1548929929.072794,6
1548929929.086204,5
1548929929.099622,5
1548929929.112903,5
1548929929.126234,4
1548929929.140021,5
1548929929.153455,5
1548929929.167443,5
1548929929.180881,5
1548929929.194604,4
1548929929.208312,5
1548929929.221596,5
1548929929.235269,4
1548929929.248846,5
1548929929.262394,4
1548929929.275921,4
1548929929.289570,4
1548929929.303148,5
1548929929.316734,5
1548929929.330301,4
1548929929.343979,4
1548929929.357334,4
1548929929.371059,5
1548929929.384654,5
1548929929.398255,4
1548929929.411697,5
1548929929.425148,4
1548929929.438631,4
1548929929.452152,5
1548929929.465807,4
1548929929.479509,5
1548929929.493002,5
1548929929.506338,5
1548929929.519756,4
1548929929.533047,4
1548929929.546586,5
1548929929.560089,5
1548929929.574135,5
1548929929.587621,4
1548929929.600930,4
1548929929.614426,5
1548929929.628007,5
1548929929.641491,5
1548929929.655118,5
1548929929.668586,5
1548929929.681819,4
1548929929.695499,5
1548929929.708977,4
1548929929.722834,5
1548929929.736537,4
1548929929.750419,4
1548929929.763913,4
1548929929.777351,5
1548929929.790825,4
1548929929.804331,4
1548929929.817914,5
1548929929.831484,4
1548929929.845067,4
1548929929.858667,4
1548929929.872120,5
1548929929.885730,4
1548929929.899412,5
1548929929.912690,5
1548929929.926128,5
1548929929.939633,5
1548929929.952911,5
1548929929.966505,4
1548929929.979990,4
1548929929.993357,5
1548929930.007156,4
1548929930.020571,4
1548929930.033871,5
1548929930.047490,5
1548929930.060904,5
1548929930.074269,5
1548929930.087635,5
1548929930.100939,5
1548929930.114348,5
1548929930.127854,5
1548929930.141202,4
1548929930.154783,4
1548929930.168366,4
1548929930.181708,4
1548929930.195245,4
1548929930.208652,5
1548929930.222071,5
1548929930.235777,2
1548929930.249281,6
1548929930.262571,3
1548929930.275836,4
1548929930.289492,5
1548929930.303192,3
1548929930.316885,3
1548929930.330336,5
1548929930.343446,4
1548929930.356212,4
1548929930.369231,5
1548929930.382398,5
1548929930.395776,4
1548929930.409101,4
1548929930.422884,2
1548929930.434584,5
1548929930.447088,8
1548929930.460054,9
1548929930.473457,11
1548929930.486891,17
1548929930.500384,22
1548929930.513795,32
1548929930.527149,37
1548929930.540720,46
1548929930.554155,56
1548929930.567563,60
1548929930.581093,66
1548929930.594685,74
1548929930.607991,71
1548929930.621393,75
1548929930.635674,72
1548929930.647685,77
1548929930.659450,83
1548929930.671536,86
1548929930.684220,96
1548929930.696742,102
1548929930.710235,103
1548929930.723044,110
1548929930.736681,110
1548929930.750502,117
1548929930.763968,119
1548929930.777377,120
1548929930.791387,124
1548929930.804475,131
1548929930.818194,133
1548929930.831643,136
1548929930.845497,138
1548929930.859529,144
1548929930.872960,145
1548929930.886893,149
1548929930.900842,152
1548929930.914192,154
1548929930.926859,156
1548929930.939912,160
1548929930.953015,161
1548929930.966749,163
1548929930.980218,166
1548929930.993522,169
1548929931.007150,177
1548929931.020443,177
1548929931.033990,175
1548929931.047301,178
1548929931.060698,178
1548929931.074488,183
1548929931.087890,184
1548929931.101353,189
1548929931.114994,188
1548929931.128485,190
1548929931.141845,192
1548929931.155567,197
1548929931.168779,199
1548929931.182396,198
1548929931.195365,187
1548929931.209297,167
1548929931.222721,117
1548929931.236317,115
1548929931.250013,176
1548929931.263462,179
1548929931.276774,180
1548929931.290149,185
1548929931.303506,188
1548929931.317526,192
1548929931.331635,195
1548929931.345569,197
1548929931.359061,199
1548929931.372454,198
1548929931.385857,195
1548929931.399286,174
1548929931.412891,149
1548929931.426486,169
1548929931.440654,172
1548929931.454272,175
1548929931.467655,177
1548929931.481118,179
1548929931.494533,182
1548929931.507949,182
1548929931.521315,183
1548929931.534722,188
1548929931.548307,192
1548929931.561613,198
1548929931.575320,198
1548929931.589043,199
1548929931.602657,153
1548929931.616091,82
1548929931.629556,63
1548929931.642976,88
1548929931.656696,74
1548929931.670123,78
1548929931.683607,53
1548929931.697129,40
1548929931.710437,23
1548929931.722861,13
1548929931.735708,1
1548929931.749817,2
1548929931.762507,2
1548929931.774896,1
1548929931.786832,1
1548929931.800389,1
1548929931.814043,10
1548929931.827832,2
1548929931.841338,1
1548929931.854757,1
1548929931.868303,1
1548929931.882121,10
1548929931.895528,2
1548929931.908907,1
1548929931.922587,2
1548929931.936131,1
1548929931.949643,10
1548929931.963759,4
1548929931.977213,4
1548929931.990610,5
1548929932.004471,4
1548929932.017768,5
1548929932.031368,3
1548929932.044792,4
1548929932.058259,5
1548929932.071880,4
1548929932.085182,5
1548929932.098987,5
1548929932.112488,4
1548929932.126279,4
1548929932.139867,5
1548929932.153439,5
1548929932.166914,5
1548929932.180426,4
1548929932.193877,3
1548929932.207326,4
1548929932.220584,4
1548929932.234099,5
1548929932.247638,5
1548929932.261122,4
1548929932.275087,5
1548929932.288627,4
1548929932.302183,4
1548929932.315925,5
1548929932.329416,4
1548929932.343010,3
1548929932.356715,4
1548929932.370130,4
1548929932.383578,5
1548929932.396941,4
1548929932.410465,4
1548929932.423909,5
1548929932.437379,4
1548929932.450812,5
1548929932.464199,5
1548929932.477635,4
1548929932.491055,5
1548929932.504953,5
1548929932.518301,4
1548929932.531179,5
1548929932.544440,4
1548929932.557562,2
1548929932.570940,5
1548929932.583997,4
1548929932.597386,5
1548929932.610935,5
1548929932.624519,4
1548929932.637882,5
1548929932.651423,2
1548929932.665034,3
1548929932.679003,3
1548929932.692442,4
1548929932.706082,2
1548929932.719459,6
1548929932.733602,2
1548929932.747035,5
1548929932.760838,3
1548929932.774308,4
1548929932.787662,2
1548929932.801221,5
1548929932.814592,3
1548929932.828482,3
1548929932.841556,4
1548929932.855109,5
1548929932.868264,4
1548929932.881486,3
1548929932.895455,2
1548929932.909390,4
1548929932.923151,4
1548929932.935933,4
1548929932.948969,3
1548929932.961993,4
1548929932.975339,3
1548929932.988122,2
1548929933.001524,4
1548929933.015063,5
1548929933.028449,9
1548929933.041725,13
1548929933.054967,13
1548929933.068402,19
1548929933.082044,26
1548929933.094763,36
1548929933.106742,36
1548929933.119810,39
1548929933.132297,41
1548929933.144945,45
1548929933.157922,49
1548929933.171700,50
1548929933.185037,52
1548929933.198975,56
1548929933.212542,58
1548929933.226601,63
1548929933.240031,69
1548929933.253564,73
1548929933.266965,70
1548929933.280838,69
1548929933.294227,70
1548929933.307824,66
1548929933.321254,53
1548929933.334141,39
1548929933.347649,23
1548929933.361003,2
1548929933.374425,5
1548929933.387833,4
1548929933.401158,4
1548929933.414509,4
1548929933.427972,4
1548929933.441302,4
1548929933.454766,5
1548929933.468391,5
1548929933.482328,4
1548929933.495704,6
1548929933.508999,8
1548929933.522199,13
1548929933.535840,13
1548929933.549601,20
1548929933.563540,32
1548929933.577352,39
1548929933.590805,40
1548929933.604375,43
1548929933.617907,43
1548929933.631690,45
1548929933.645271,49
1548929933.658837,50
1548929933.672344,52
1548929933.686155,58
1548929933.699954,61
1548929933.713632,67
1548929933.726720,69
1548929933.739989,71
1548929933.753322,72
1548929933.767035,73
1548929933.781029,75
1548929933.794265,78
1548929933.807970,82
1548929933.821339,84
1548929933.834912,82
1548929933.848371,84
1548929933.861728,88
1548929933.875203,90
1548929933.888884,91
1548929933.902295,93
1548929933.915845,96
1548929933.929339,101
1548929933.942731,100
1548929933.956028,104
1548929933.970201,105
1548929933.983861,105
1548929933.997879,112
1548929934.011257,112
1548929934.024764,118
1548929934.038132,118
1548929934.051527,120
1548929934.065101,121
1548929934.078676,122
1548929934.092187,123
1548929934.105894,127
1548929934.119334,130
1548929934.132730,132
1548929934.146164,133
1548929934.159707,133
1548929934.173060,124
1548929934.186617,129
1548929934.200309,129
1548929934.213658,130
1548929934.227088,128
1548929934.240454,123
1548929934.253904,119
1548929934.267344,108
1548929934.280634,97
1548929934.294069,80
1548929934.307811,63
1548929934.320363,45
1548929934.331943,22
1548929934.344436,7
1548929934.357500,4
1548929934.371588,5
1548929934.385068,5
1548929934.398376,4
1548929934.410700,6
1548929934.422794,5
1548929934.435383,4
1548929934.447283,5
1548929934.460096,5
1548929934.473755,4
1548929934.486423,4
1548929934.499867,5
1548929934.513242,5
1548929934.527054,5
1548929934.540809,5
1548929934.554448,4
1548929934.567914,5
1548929934.581579,4
1548929934.595029,4
1548929934.608351,4
1548929934.622213,5
1548929934.635648,5
1548929934.649103,4
1548929934.662537,5
1548929934.675920,4
1548929934.689398,4
1548929934.702946,4
1548929934.716360,4
1548929934.729744,4
1548929934.743553,4
1548929934.757079,4
1548929934.770791,3
1548929934.784276,4
1548929934.797851,4
1548929934.811487,4
1548929934.825512,4
1548929934.839204,3
1548929934.852784,3
1548929934.866186,3
1548929934.879479,3
1548929934.892741,4
1548929934.906729,1
1548929934.920133,3
1548929934.933933,5
1548929934.947162,5
1548929934.960885,2
1548929934.973886,2
1548929934.986931,5
1548929935.000803,10
1548929935.014248,11
1548929935.027672,13
1548929935.041383,20
1548929935.054727,26
1548929935.068127,37
1548929935.081721,38
1548929935.095375,40
1548929935.109107,40
1548929935.122476,43
1548929935.135790,42
1548929935.149271,38
1548929935.162760,28
1548929935.176236,18
1548929935.189537,6
1548929935.203423,3
1548929935.216760,5
1548929935.230078,5
1548929935.244101,4
1548929935.256816,4
1548929935.271214,4
1548929935.284742,0
1548929935.298162,5
1548929935.311720,8
1548929935.325226,11
1548929935.338727,16
1548929935.352600,22
1548929935.366314,34
1548929935.379737,39
1548929935.393366,38
1548929935.407222,36
1548929935.420686,38
1548929935.434629,32
1548929935.448410,18
1548929935.461808,6
1548929935.475407,5
1548929935.488981,5
1548929935.502482,5
1548929935.516233,4
1548929935.529808,4
1548929935.543307,4
1548929935.556934,4
1548929935.570430,4
1548929935.584042,4
1548929935.597341,4
1548929935.610761,5
1548929935.624499,4
1548929935.636726,5
1548929935.649039,5
1548929935.661542,4
1548929935.673388,6
1548929935.685833,4
1548929935.699082,4
1548929935.711219,5
1548929935.724227,5
1548929935.737254,4
1548929935.751039,4
1548929935.764815,5
1548929935.778598,4
1548929935.792223,4
1548929935.805600,4
1548929935.819163,4
1548929935.833103,4
1548929935.846680,4
1548929935.860041,4
1548929935.873517,5
1548929935.886970,4
1548929935.900872,5
1548929935.914533,5
1548929935.928201,4
1548929935.941884,5
1548929935.955321,5
1548929935.968690,5
1548929935.982819,5
1548929935.996364,5
1548929936.009758,4
1548929936.023132,5
1548929936.036644,4
1548929936.050012,4
1548929936.063407,5
1548929936.076892,5
1548929936.090595,5
1548929936.104123,4
1548929936.117513,4
1548929936.130960,5
1548929936.144381,4
1548929936.157696,4
1548929936.171222,4
1548929936.184834,4
1548929936.198182,4
1548929936.211577,5
1548929936.225098,3
1548929936.238673,5
1548929936.252139,4
1548929936.265466,4
1548929936.278990,4
1548929936.292415,5
1548929936.306087,5
1548929936.319852,5
1548929936.333279,4
1548929936.346801,4
1548929936.360392,4
1548929936.374020,4
1548929936.387494,4
1548929936.401103,4
1548929936.414871,4
1548929936.428173,4
1548929936.441554,5
1548929936.454925,5
1548929936.468368,4
1548929936.481772,4
1548929936.495434,5
1548929936.508972,5
1548929936.522278,5
1548929936.535718,4
1548929936.549444,5
1548929936.562796,4
1548929936.575959,5
1548929936.589390,5
1548929936.603061,4
1548929936.616749,5
1548929936.630327,5
1548929936.643671,4
1548929936.657170,5
1548929936.670568,4
1548929936.683968,4
1548929936.697521,4
1548929936.710956,5
1548929936.724439,4
1548929936.737899,1
1548929936.751379,5
1548929936.765070,10
1548929936.779239,13
1548929936.791243,15
1548929936.803356,21
1548929936.815466,28
1548929936.827740,40
1548929936.840503,38
1548929936.853559,39
1548929936.867031,41
1548929936.880408,46
1548929936.893883,48
1548929936.907240,50
1548929936.920894,51
1548929936.934496,56
1548929936.947894,59
1548929936.961278,63
1548929936.974756,69
1548929936.988178,70
1548929937.001629,72
1548929937.015184,70
1548929937.028850,73
1548929937.042223,80
1548929937.055706,81
1548929937.069262,84
1548929937.082719,84
1548929937.096151,83
1548929937.109449,85
1548929937.122702,91
1548929937.136466,89
1548929937.150016,92
1548929937.163423,97
1548929937.176839,99
1548929937.190172,101
1548929937.203553,102
1548929937.216842,106
1548929937.230336,105
1548929937.243713,107
1548929937.256983,110
1548929937.270790,112
1548929937.284269,115
1548929937.297428,113
1548929937.310752,114
1548929937.324469,116
1548929937.337964,117
1548929937.351392,122
1548929937.364696,124
1548929937.378549,122
1548929937.392199,125
1548929937.405487,125
1548929937.418945,127
1548929937.432410,128
1548929937.446073,130
1548929937.459659,131
1548929937.472887,130
1548929937.486170,129
1548929937.499600,131
1548929937.512975,128
1548929937.526359,123
1548929937.539789,108
1548929937.553183,98
1548929937.566958,78
1548929937.580446,65
1548929937.593845,43
1548929937.607270,22
1548929937.620771,3
1548929937.634219,5
1548929937.647891,5
1548929937.661627,5
1548929937.675379,4
1548929937.688599,5
1548929937.702083,5
1548929937.715563,4
1548929937.728977,5
1548929937.741813,4
1548929937.755911,5
1548929937.769119,4
1548929937.782919,4
1548929937.796398,4
1548929937.809965,4
1548929937.823315,5
1548929937.838039,5
1548929937.850105,5
1548929937.862051,5
1548929937.876271,5
1548929937.888636,5
1548929937.901575,5
1548929937.914598,4
1548929937.927590,5
1548929937.940671,4
1548929937.953897,5
1548929937.967360,4
1548929937.981102,4
1548929937.994950,5
1548929938.008086,5
1548929938.022023,4
1548929938.035233,4
1548929938.048385,5
1548929938.062042,4
1548929938.075540,4
1548929938.089891,4
1548929938.103704,5
1548929938.117565,4
1548929938.131512,5
1548929938.144259,5
1548929938.157305,4
1548929938.170322,5
1548929938.184531,4
1548929938.198399,5
1548929938.211835,5
1548929938.224710,4
1548929938.237461,5
1548929938.250488,4
1548929938.263811,4
1548929938.277263,5
1548929938.290517,3
1548929938.303966,4
1548929938.317236,4
1548929938.330661,4
1548929938.344399,4
1548929938.357979,5
1548929938.371366,4
1548929938.384564,4
1548929938.398060,4
1548929938.411580,4
1548929938.424925,5
1548929938.438883,5
1548929938.452512,5
1548929938.466249,4
1548929938.480098,5
1548929938.494251,3
1548929938.508274,2
1548929938.521629,3
1548929938.534076,3
1548929938.547331,6
1548929938.560325,6
1548929938.573568,4
1548929938.587096,3
1548929938.599898,3
1548929938.612057,4
1548929938.624716,6
1548929938.637963,2
1548929938.650895,4
1548929938.663267,3
1548929938.676387,5
1548929938.689821,4
1548929938.703300,5
1548929938.716835,4
1548929938.729721,5
1548929938.743534,2
1548929938.755557,2
1548929938.768379,4
1548929938.780991,4
1548929938.793569,2
1548929938.806812,5
1548929938.819646,4
1548929938.832723,3
1548929938.845749,5
1548929938.858995,5
1548929938.871451,4
1548929938.883341,6
1548929938.895566,3
1548929938.908103,4
1548929938.920880,4
1548929938.933704,2
1548929938.945574,6
1548929938.959024,4
1548929938.972321,4
1548929938.985820,6
1548929939.000274,4
1548929939.013627,6
1548929939.027264,4
1548929939.039872,2
1548929939.052614,3
1548929939.065962,4
1548929939.079651,4
1548929939.092981,4
1548929939.106365,5
1548929939.119884,6
1548929939.133169,5
1548929939.147256,2
1548929939.160687,7
1548929939.174194,12
1548929939.187660,23
1548929939.200929,15
1548929939.214257,40
1548929939.227339,44
1548929939.240913,49
1548929939.254381,56
1548929939.268191,61
1548929939.281727,64
1548929939.295182,67
1548929939.308800,69
1548929939.322462,70
1548929939.335864,75
1548929939.349240,75
1548929939.362584,80
1548929939.376402,80
1548929939.389763,82
1548929939.403224,92
1548929939.416627,97
1548929939.430058,97
1548929939.443604,101
1548929939.457519,103
1548929939.471236,108
1548929939.484720,112
1548929939.498496,115
1548929939.511828,119
1548929939.525165,120
1548929939.538939,123
1548929939.552268,126
1548929939.566219,129
1548929939.579882,134
1548929939.593252,134
1548929939.606866,136
1548929939.620419,136
1548929939.633785,136
1548929939.647065,141
1548929939.660515,144
1548929939.673980,144
1548929939.687416,146
1548929939.700849,148
1548929939.714507,149
1548929939.727870,152
1548929939.741296,153
1548929939.754665,156
1548929939.768049,159
1548929939.781644,160
1548929939.795562,163
1548929939.809069,168
1548929939.822880,167
1548929939.836178,172
1548929939.849556,173
1548929939.862947,176
1548929939.876910,176
1548929939.890407,180
1548929939.904098,182
1548929939.917750,184
1548929939.931556,189
1548929939.945416,189
1548929939.958942,189
1548929939.972805,191
1548929939.986475,192
1548929940.000050,193
1548929940.014482,194
1548929940.028412,197
1548929940.042200,196
1548929940.055954,200
1548929940.069631,199
1548929940.083594,197
1548929940.097284,166
1548929940.110934,152
1548929940.124901,137
1548929940.138887,172
1548929940.152492,171
1548929940.166101,172
1548929940.179613,178
1548929940.193110,179
1548929940.206582,184
1548929940.220595,184
1548929940.234186,188
1548929940.247843,188
1548929940.261379,188
1548929940.275143,191
1548929940.289384,191
1548929940.302787,190
1548929940.316440,195
1548929940.330171,197
1548929940.343915,199
1548929940.357171,198
1548929940.370818,182
1548929940.384427,198
1548929940.398007,196
1548929940.411050,184
1548929940.424640,162
1548929940.438857,151
1548929940.452845,186
1548929940.466724,189
1548929940.480169,189
1548929940.494028,188
1548929940.507614,194
1548929940.520995,196
1548929940.534525,195
1548929940.548006,198
1548929940.561446,199
1548929940.575223,197
1548929940.588675,178
1548929940.602177,121
1548929940.615897,178
1548929940.629225,193
1548929940.642817,194
1548929940.656240,170
1548929940.669856,128
1548929940.683728,119
1548929940.696968,103
1548929940.710576,101
1548929940.723960,99
1548929940.737432,111
1548929940.750816,82
1548929940.764520,72
1548929940.777928,58
1548929940.791246,49
1548929940.804668,29
1548929940.818795,4
1548929940.832526,2
1548929940.846245,10
1548929940.859738,1
1548929940.873101,0
1548929940.886666,2
1548929940.900290,1
1548929940.913729,1
1548929940.927325,3
1548929940.940749,1
1548929940.954365,2
1548929940.967937,1
1548929940.981575,8
1548929940.995621,6
1548929941.009020,5
1548929941.022669,6
1548929941.037054,4
1548929941.050733,5
1548929941.064263,4
1548929941.077786,4
1548929941.091471,5
1548929941.103797,6
1548929941.117309,4
1548929941.130819,5
1548929941.144438,4
1548929941.157597,5
1548929941.171188,4
1548929941.185156,4
1548929941.199760,3
1548929941.213579,5
1548929941.227187,4
1548929941.241938,5
1548929941.255584,4
1548929941.269123,4
1548929941.283052,5
1548929941.296696,4
1548929941.310211,5
1548929941.323900,3
1548929941.337327,4
1548929941.350950,4
1548929941.364388,5
1548929941.378042,5
1548929941.391551,5
1548929941.405269,5
1548929941.418079,4
1548929941.431323,4
1548929941.444742,2
1548929941.458100,4
1548929941.471901,3
1548929941.485794,3
1548929941.499612,5
1548929941.513399,9
1548929941.526916,10
1548929941.540937,13
1548929941.554270,21
1548929941.567914,28
1548929941.581457,37
1548929941.594865,38
1548929941.608391,44
1548929941.622271,56
1548929941.635891,58
1548929941.649808,46
1548929941.663544,50
1548929941.677533,50
1548929941.691524,50
1548929941.705031,51
1548929941.718654,45
1548929941.732271,30
1548929941.746005,18
1548929941.760354,5
1548929941.774673,5
1548929941.787365,5
1548929941.800730,4
1548929941.814436,5
1548929941.828578,6
1548929941.843403,7
1548929941.857712,10
1548929941.871161,12
1548929941.884493,13
1548929941.898104,17
1548929941.912467,21
1548929941.925797,24
1548929941.939100,29
1548929941.952642,29
1548929941.966222,28
1548929941.978905,26
1548929941.992135,25
1548929942.006111,20
1548929942.019642,20
1548929942.032705,9
1548929942.045665,12
1548929942.058956,10
1548929942.072631,11
1548929942.086142,10
1548929942.100112,11
1548929942.113420,10
1548929942.127538,8
1548929942.141186,9
1548929942.154953,5
1548929942.168465,4
1548929942.182401,6
1548929942.196188,3
1548929942.209859,2
1548929942.223960,5
1548929942.238108,3
1548929942.251686,6
1548929942.266464,4
1548929942.281246,4
1548929942.294529,4
1548929942.307719,3
1548929942.321203,5
1548929942.334568,3
1548929942.347357,6
1548929942.359833,5
1548929942.373118,4
1548929942.386545,3
1548929942.400347,4
1548929942.413746,2
1548929942.426948,4
1548929942.440107,4
1548929942.453207,4
1548929942.466544,4
1548929942.479435,3
1548929942.492885,4
1548929942.506396,3
1548929942.519600,4
1548929942.533059,4
1548929942.546911,4
1548929942.560755,4
1548929942.574236,3
1548929942.588310,3
1548929942.602633,4
1548929942.615588,5
1548929942.629003,5
1548929942.642491,4
1548929942.655830,3
1548929942.669459,4
1548929942.682055,3
1548929942.694871,2
1548929942.707874,3
1548929942.720453,4
1548929942.733312,3
1548929942.746650,4
1548929942.759917,3
1548929942.773161,4
1548929942.786183,2
1548929942.799722,3
1548929942.812625,4
1548929942.825887,2
1548929942.839389,3
1548929942.853588,4
1548929942.866580,4
1548929942.879181,4
1548929942.892617,5
1548929942.905918,4
1548929942.919678,2
1548929942.933398,3
1548929942.947365,3
1548929942.961264,3
1548929942.973912,4
1548929942.987493,5
1548929943.001408,5
1548929943.015667,3
1548929943.029946,3
1548929943.042985,4
1548929943.057436,3
1548929943.070796,4
1548929943.084793,2
1548929943.098812,4
1548929943.112627,1
1548929943.125977,4
1548929943.139856,5
1548929943.154938,3
1548929943.168285,1
1548929943.181727,3
1548929943.195070,2
1548929943.208096,4
1548929943.221223,3
1548929943.234563,5
1548929943.247128,4
1548929943.260545,4
1548929943.273897,4
1548929943.287195,2
1548929943.299853,3
1548929943.312624,5
1548929943.325915,4
1548929943.339030,4
1548929943.352436,4
1548929943.365722,3
1548929943.378952,3
1548929943.392282,4
1548929943.405110,1
1548929943.417816,4
1548929943.430434,5
1548929943.443262,2
1548929943.456391,4
1548929943.468890,4
1548929943.482106,4
1548929943.494781,3
1548929943.507309,4
1548929943.520340,6
1548929943.533357,4
1548929943.546641,4
1548929943.560047,2
1548929943.573333,4
1548929943.587392,2
1548929943.600436,4
1548929943.613671,4
1548929943.627225,3
1548929943.639886,5
1548929943.652766,2
1548929943.666234,2
1548929943.680295,5
1548929943.694043,3
1548929943.706880,4
1548929943.720506,5
1548929943.734612,5
1548929943.748635,3
1548929943.763643,3
1548929943.777338,2
1548929943.790338,5
1548929943.803721,4
1548929943.817385,3
1548929943.830601,3
1548929943.843469,4
1548929943.857224,2
1548929943.871027,3
1548929943.883426,3
1548929943.895846,5
1548929943.909140,3
1548929943.921164,2
1548929943.934318,5
1548929943.948838,5
1548929943.962226,5
1548929943.976478,6
1548929943.990580,3
1548929944.004824,2
1548929944.017353,5
1548929944.030682,4
1548929944.044545,2
1548929944.059043,3
1548929944.073592,4
1548929944.087497,5
1548929944.100888,4
1548929944.113970,5
1548929944.127069,3
1548929944.140356,4
1548929944.153820,4
1548929944.167082,3
1548929944.180527,1
1548929944.194038,2
1548929944.207640,4
1548929944.221037,4
1548929944.234539,4
1548929944.248076,5
1548929944.261218,3
1548929944.274347,4
1548929944.287565,5
1548929944.300545,3
1548929944.313944,4
1548929944.327724,5
1548929944.340921,4
1548929944.354208,3
1548929944.366932,3
1548929944.380341,4
1548929944.393875,3
1548929944.407292,6
1548929944.420567,5
1548929944.433693,2
1548929944.446647,5
1548929944.460172,4
1548929944.473725,3
1548929944.487425,4
1548929944.500797,5
1548929944.513579,4
1548929944.527221,2
1548929944.540398,3
1548929944.553612,4
1548929944.567264,2
1548929944.579404,2
1548929944.592630,4
1548929944.605718,5
1548929944.618800,3
1548929944.632209,5
1548929944.645550,2
1548929944.659001,4
1548929944.672208,8
1548929944.685645,12
1548929944.699210,13
1548929944.713091,17
1548929944.726586,25
1548929944.739932,35
1548929944.753350,37
1548929944.766792,41
1548929944.780373,42
1548929944.794007,43
1548929944.807634,48
1548929944.821018,50
1548929944.834503,51
1548929944.847956,53
1548929944.861324,59
1548929944.874765,64
1548929944.888254,67
1548929944.901654,69
1548929944.915124,71
1548929944.928640,74
1548929944.942002,79
1548929944.955530,84
1548929944.968849,85
1548929944.982348,86
1548929944.995892,90
1548929945.009880,91
1548929945.024435,90
1548929945.037981,99
1548929945.051384,100
1548929945.064717,104
1548929945.078363,103
1548929945.092076,106
1548929945.105438,110
1548929945.118835,112
1548929945.132184,119
1548929945.145493,122
1548929945.158773,123
1548929945.172135,127
1548929945.185547,130
1548929945.199188,133
1548929945.212573,137
1548929945.226971,144
1548929945.240789,132
1548929945.254307,147
1548929945.267713,148
1548929945.280953,151
1548929945.294366,155
1548929945.308319,153
1548929945.321937,160
1548929945.335396,162
1548929945.348740,161
1548929945.362391,164
1548929945.375809,166
1548929945.389243,166
1548929945.402839,170
1548929945.416475,173
1548929945.431064,179
1548929945.444836,179
1548929945.459093,182
1548929945.471155,188
1548929945.483945,188
1548929945.497623,185
1548929945.511663,188
1548929945.525159,191
1548929945.538770,196
1548929945.552901,195
1548929945.567055,200
1548929945.580884,197
1548929945.594475,197
1548929945.607818,190
1548929945.621369,170
1548929945.634803,188
1548929945.648087,188
1548929945.661442,188
1548929945.674808,158
1548929945.688209,183
1548929945.701607,199
1548929945.714999,198
1548929945.728357,196
1548929945.741707,189
1548929945.755024,148
1548929945.768376,181
1548929945.782536,180
1548929945.796459,184
1548929945.809032,188
1548929945.822537,189
1548929945.836312,190
1548929945.849813,193
1548929945.864192,197
1548929945.878160,198
1548929945.892613,199
1548929945.907101,193
1548929945.920650,158
1548929945.934335,160
1548929945.948890,200
1548929945.962953,196
1548929945.976268,189
1548929945.989567,154
1548929946.002999,157
1548929946.016836,199
1548929946.030265,196
1548929946.043891,197
1548929946.057422,185
1548929946.071225,167
1548929946.084657,167
1548929946.098091,156
1548929946.110957,132
1548929946.124222,119
1548929946.138290,135
1548929946.151481,152
1548929946.164840,112
1548929946.178268,99
1548929946.191801,91
1548929946.205341,104
1548929946.218640,78
1548929946.232058,47
1548929946.245763,29
1548929946.259167,22
1548929946.272652,2
1548929946.286113,1
1548929946.299689,0
1548929946.313050,3
1548929946.326478,2
1548929946.339888,2
1548929946.353343,12
1548929946.366747,2
1548929946.380152,1
1548929946.393476,12
1548929946.407031,1
1548929946.420566,2
1548929946.434135,1
1548929946.447524,14
1548929946.461212,6
1548929946.474955,4
1548929946.488450,5
1548929946.502073,4
1548929946.515565,5
1548929946.529258,4
1548929946.542787,4
1548929946.556226,5
1548929946.570050,4
1548929946.583386,4
1548929946.597194,5
1548929946.610934,4
1548929946.624844,4
1548929946.638228,4
1548929946.651829,5
1548929946.665151,5
1548929946.678699,5
1548929946.692161,4
1548929946.705481,4
1548929946.718838,4
1548929946.732448,4
1548929946.745855,5
1548929946.759207,4
1548929946.772606,4
1548929946.786030,4
1548929946.799421,5
1548929946.813269,5
1548929946.827025,5
1548929946.840737,4
1548929946.854299,5
1548929946.867767,4
1548929946.881133,6
1548929946.894801,5
1548929946.908294,4
1548929946.921985,5
1548929946.935758,5
1548929946.949074,5
1548929946.962596,5
1548929946.976105,4
1548929946.989587,4
1548929947.003105,4
1548929947.016789,4
1548929947.030404,5
1548929947.043746,5
1548929947.057090,4
1548929947.070547,4
1548929947.084009,4
1548929947.097547,5
1548929947.110944,4
1548929947.124491,4
1548929947.138028,4
1548929947.151621,4
1548929947.165240,6
1548929947.178685,4
1548929947.192249,5
1548929947.205591,4
1548929947.219149,4
1548929947.232593,5
1548929947.246542,5
1548929947.260152,4
1548929947.273371,4
1548929947.286863,5
1548929947.300238,4
1548929947.313641,4
1548929947.327735,4
1548929947.340861,5
1548929947.354416,5
1548929947.367823,4
1548929947.381279,5
1548929947.394710,4
1548929947.408168,4
1548929947.421576,5
1548929947.435011,5
1548929947.448439,5
1548929947.462041,5
1548929947.475924,4
1548929947.489444,4
1548929947.503134,5
1548929947.516577,4
1548929947.529986,5
1548929947.543483,4
1548929947.557110,4
1548929947.570745,5
1548929947.584620,5
1548929947.598271,4
1548929947.611960,5
1548929947.625400,5
1548929947.639111,5
1548929947.652589,5
1548929947.666093,4
1548929947.679619,4
1548929947.692985,5
1548929947.706514,4
1548929947.719999,4
1548929947.733343,5
1548929947.746772,5
1548929947.760380,4
1548929947.773785,4
1548929947.787108,4
1548929947.800687,4
1548929947.814251,4
1548929947.827945,5
1548929947.841236,5
1548929947.854731,5
1548929947.867925,5
1548929947.881883,5
1548929947.895362,4
1548929947.908842,4
1548929947.922451,5
1548929947.936196,5
1548929947.949616,4
1548929947.963166,4
1548929947.976684,5
1548929947.990274,5
1548929948.003771,4
1548929948.017224,5
1548929948.030880,5
1548929948.044443,5
1548929948.057841,5
1548929948.071229,6
1548929948.084780,4
1548929948.098147,4
1548929948.111704,4
1548929948.125023,5
1548929948.138533,4
1548929948.151812,4
1548929948.165387,4
1548929948.178950,4
1548929948.192709,5
1548929948.206112,4
1548929948.219617,4
1548929948.233353,5
1548929948.247025,4
1548929948.260503,4
1548929948.273923,4
1548929948.287366,4
1548929948.300979,4
1548929948.314567,4
1548929948.328097,4
1548929948.341549,5
1548929948.355078,5
1548929948.368622,4
1548929948.381973,4
1548929948.395479,4
1548929948.408990,4
1548929948.422652,5
1548929948.436119,4
1548929948.449514,6
1548929948.462986,4
1548929948.476512,4
1548929948.490249,4
1548929948.503740,5
1548929948.517146,5
1548929948.530465,5
1548929948.543861,4
1548929948.557187,4
1548929948.570690,5
1548929948.584383,5
1548929948.597864,4
1548929948.611252,5
1548929948.624638,5
1548929948.638350,4
1548929948.651783,5
1548929948.665257,4
1548929948.678737,5
1548929948.692507,5
1548929948.705831,5
1548929948.719635,5
1548929948.732937,5
1548929948.746524,5
1548929948.759892,4
1548929948.773316,5
1548929948.786721,4
1548929948.800156,3
1548929948.813548,5
1548929948.827174,5
1548929948.840827,4
1548929948.854338,5
1548929948.867790,5
1548929948.881191,4
1548929948.894569,4
1548929948.908146,4
1548929948.921562,5
1548929948.934886,5
1548929948.948275,4
1548929948.961487,5
1548929948.975073,5
1548929948.988430,5
1548929949.002274,5
1548929949.015837,5
1548929949.029158,5
1548929949.042606,5
1548929949.056058,4
1548929949.069529,5
1548929949.082902,5
1548929949.096292,4
1548929949.109654,4
1548929949.122963,4
1548929949.136808,5
1548929949.150415,3
1548929949.163819,4
1548929949.177637,5
1548929949.191187,5
1548929949.205014,5
1548929949.218618,4
1548929949.232196,4
1548929949.245605,5
1548929949.259318,5
1548929949.272907,5
1548929949.287036,4
1548929949.300513,5
1548929949.313567,6
1548929949.326808,4
1548929949.340355,4
1548929949.353727,4
1548929949.366953,4
1548929949.380372,4
1548929949.393939,4
1548929949.408456,4
1548929949.422279,4
1548929949.435773,4
1548929949.449185,4
1548929949.462682,4
1548929949.476375,4
1548929949.489929,4
1548929949.503398,4
1548929949.516924,4
1548929949.530228,4
1548929949.543977,4
1548929949.557380,4
1548929949.570737,5
1548929949.584040,4
1548929949.597381,4
1548929949.610843,4
1548929949.624098,5
1548929949.637414,5
1548929949.650985,5
1548929949.664428,4
1548929949.678024,5
1548929949.691778,4
1548929949.705278,5
1548929949.718910,4
1548929949.732168,4
1548929949.745728,5
1548929949.759067,4
1548929949.772381,5
1548929949.785810,4
1548929949.799288,4
1548929949.812594,4
1548929949.826116,5
1548929949.840073,4
1548929949.854153,4
1548929949.867973,5
1548929949.881549,5
1548929949.895308,5
1548929949.908993,4
1548929949.923020,5
1548929949.936436,4
1548929949.950134,5
1548929949.963763,4
1548929949.977083,4
1548929949.990593,4
1548929950.004083,5
1548929950.017617,4
1548929950.031212,5
1548929950.044676,4
1548929950.058494,4
1548929950.071794,5
1548929950.085563,4
1548929950.099154,4
1548929950.112434,4
1548929950.125755,4
1548929950.139252,5
1548929950.152492,5
1548929950.165852,5
1548929950.179431,4
1548929950.193051,4
1548929950.206407,4
1548929950.219893,5
1548929950.233535,4
1548929950.246874,4
1548929950.260245,4
1548929950.273538,5
1548929950.287296,4
1548929950.300694,4
1548929950.314153,7
1548929950.328024,14
1548929950.340094,11
1548929950.353383,17
1548929950.367784,17
1548929950.382003,18
1548929950.395651,22
1548929950.409050,26
1548929950.422916,30
1548929950.435864,30
1548929950.449339,35
1548929950.463070,41
1548929950.477045,44
1548929950.490580,40
1548929950.503436,46
1548929950.516531,40
1548929950.529825,27
1548929950.543027,16
1548929950.556556,5
1548929950.570126,5
1548929950.583570,5
1548929950.596971,5
1548929950.610527,5
1548929950.623825,5
1548929950.636401,6
1548929950.649214,5
1548929950.662991,4
1548929950.676548,4
1548929950.689833,4
1548929950.703353,4
1548929950.716603,5
1548929950.729874,4
1548929950.743208,5
1548929950.757272,5
1548929950.770799,8
1548929950.784511,6
1548929950.796956,12
1548929950.809849,8
1548929950.822692,12
1548929950.835356,14
1548929950.848250,13
1548929950.861932,10
1548929950.875122,10
1548929950.888707,12
1548929950.902717,13
1548929950.915476,12
1548929950.929157,13
1548929950.941971,11
1548929950.954995,13
1548929950.968795,17
1548929950.982270,23
1548929950.996269,25
1548929951.009943,33
1548929951.023884,33
1548929951.037296,36
1548929951.050936,39
1548929951.064214,44
1548929951.077980,48
1548929951.090740,51
1548929951.103885,53
1548929951.117373,60
1548929951.130819,63
1548929951.144122,67
1548929951.157504,71
1548929951.171336,69
1548929951.184911,73
1548929951.198366,74
1548929951.211775,74
1548929951.225092,77
1548929951.238405,80
1548929951.251771,80
1548929951.265112,82
1548929951.278867,84
1548929951.292535,85
1548929951.305878,90
1548929951.319237,91
1548929951.332558,91
1548929951.345809,94
1548929951.359114,95
1548929951.372408,101
1548929951.386081,104
1548929951.399649,104
1548929951.413206,106
1548929951.426681,110
1548929951.440083,111
1548929951.453374,106
1548929951.467172,108
1548929951.480595,107
1548929951.493604,104
1548929951.506953,97
1548929951.520281,92
1548929951.533470,75
1548929951.546947,60
1548929951.560987,40
1548929951.574590,22
1548929951.588111,5
1548929951.601761,4
1548929951.615442,4
1548929951.629246,6
1548929951.642848,4
1548929951.656535,4
1548929951.670033,4
1548929951.683568,5
1548929951.696636,5
1548929951.709764,4
1548929951.722862,4
1548929951.736906,5
1548929951.750661,4
1548929951.764221,5
1548929951.777886,4
1548929951.791771,4
1548929951.805226,4
1548929951.818689,4
1548929951.832577,5
1548929951.846019,4
1548929951.859103,4
1548929951.872292,4
1548929951.885563,5
1548929951.899666,5
1548929951.913272,4
1548929951.926560,4
1548929951.939986,5
1548929951.953578,5
1548929951.966351,4
1548929951.979755,4
1548929951.993063,8
1548929952.006503,7
1548929952.020019,13
1548929952.033743,19
1548929952.047136,26
1548929952.060728,36
1548929952.074433,34
1548929952.088131,33
1548929952.101523,21
1548929952.115143,10
1548929952.129066,5
1548929952.142368,4
1548929952.155933,4
1548929952.168515,3
1548929952.181632,3
1548929952.193889,5
1548929952.207048,4
1548929952.220254,5
1548929952.233620,6
1548929952.246898,8
1548929952.259799,9
1548929952.273086,14
1548929952.286434,18
1548929952.299795,22
1548929952.313567,36
1548929952.327200,37
1548929952.340494,38
1548929952.353936,40
1548929952.367311,47
1548929952.380748,48
1548929952.394176,49
1548929952.407640,53
1548929952.421430,52
1548929952.434844,55
1548929952.448232,53
1548929952.461721,41
1548929952.475718,28
1548929952.488974,10
1548929952.502314,3
1548929952.516050,5
1548929952.529414,5
1548929952.543000,4
1548929952.556625,4
1548929952.570356,5
1548929952.584064,5
1548929952.597464,4
1548929952.611150,5
1548929952.624422,4
1548929952.638001,4
1548929952.651655,4
1548929952.665272,5
1548929952.678851,4
1548929952.692718,4
1548929952.707340,5
1548929952.721181,5
1548929952.734974,5
1548929952.748856,4
1548929952.762600,5
1548929952.776608,3
1548929952.790512,4
1548929952.804058,4
1548929952.817884,5
1548929952.831586,5
1548929952.845357,5
1548929952.859078,2
1548929952.872314,2
1548929952.884452,2
1548929952.897488,5
1548929952.909692,6
1548929952.923019,3
1548929952.936544,4
1548929952.950083,5
1548929952.963998,5
1548929952.977488,4
1548929952.991356,3
1548929953.003217,5
1548929953.015607,5
1548929953.028695,3
1548929953.042086,4
1548929953.054633,5
1548929953.067775,1
1548929953.081610,5
1548929953.094562,6
1548929953.107904,3
1548929953.121225,3
1548929953.133626,5
1548929953.146523,4
1548929953.159742,3
1548929953.172568,4
1548929953.185356,5
1548929953.199317,5
1548929953.212552,5
1548929953.226083,5
1548929953.239925,1
1548929953.253188,4
1548929953.266997,6
1548929953.280998,4
1548929953.294651,3
1548929953.308638,3
1548929953.321813,5
1548929953.335181,2
1548929953.347749,4
1548929953.360764,2
1548929953.373308,3
1548929953.386687,6
1548929953.399648,5
1548929953.412126,4
1548929953.425060,3
1548929953.438824,1
1548929953.451421,5
1548929953.463716,4
1548929953.478916,6
1548929953.491430,6
1548929953.503925,5
1548929953.516869,5
1548929953.531127,5
1548929953.543853,6
1548929953.557372,6
1548929953.571049,4
1548929953.585338,4
1548929953.599113,5
1548929953.612863,2
1548929953.626600,6
1548929953.640472,3
1548929953.654122,5
1548929953.667832,3
1548929953.681312,6
1548929953.695191,3
1548929953.708860,6
1548929953.722190,5
1548929953.735604,5
1548929953.748910,7
1548929953.762549,4
1548929953.776082,1
1548929953.788756,6
1548929953.801834,2
1548929953.814991,6
1548929953.827638,6
1548929953.840683,5
1548929953.853985,7
1548929953.867526,4
1548929953.881038,7
1548929953.894629,4
1548929953.908019,5
1548929953.920947,7
1548929953.934299,5
1548929953.947612,7
1548929953.961166,6
1548929953.974688,5
1548929953.988049,8
1548929954.001704,7
1548929954.014987,9
1548929954.028172,8
1548929954.041058,6
1548929954.053702,6
1548929954.066669,8
1548929954.079461,8
1548929954.092567,5
1548929954.105858,6
1548929954.119227,7
1548929954.132645,8
1548929954.145235,9
1548929954.158357,7
1548929954.171430,9
1548929954.184898,8
1548929954.198217,11
1548929954.211411,8
1548929954.224404,9
1548929954.237064,9
1548929954.250051,8
1548929954.263499,8
1548929954.276725,9
1548929954.290084,8
1548929954.303775,9
1548929954.317597,8
1548929954.330491,7
1548929954.343379,8
1548929954.356327,8
1548929954.369753,4
1548929954.383495,5
1548929954.397223,8
1548929954.410984,8
1548929954.424315,8
1548929954.437939,7
1548929954.451031,4
1548929954.464503,8
1548929954.477374,8
1548929954.490636,5
1548929954.503656,6
1548929954.516076,7
1548929954.528398,6
1548929954.541206,6
1548929954.554055,5
1548929954.566978,5
1548929954.580760,7
1548929954.594539,7
1548929954.608548,5
1548929954.621888,6
1548929954.635118,6
1548929954.648458,5
1548929954.661638,7
1548929954.674593,8
1548929954.687853,8
1548929954.701093,6
1548929954.713838,8
1548929954.725962,7
1548929954.738539,8
1548929954.751933,8
1548929954.765322,5
1548929954.778490,4
1548929954.791760,6
1548929954.804327,3
1548929954.817089,7
1548929954.830139,7
1548929954.843024,7
1548929954.856084,6
1548929954.869488,4
1548929954.882611,6
1548929954.895597,7
1548929954.908476,7
1548929954.921587,3
1548929954.934828,6
1548929954.948274,5
1548929954.961902,6
1548929954.975290,6
1548929954.988782,7
1548929955.002623,3
1548929955.016401,7
1548929955.030406,4
1548929955.043923,7
1548929955.057833,3
1548929955.071452,6
1548929955.085124,5
1548929955.098660,4
1548929955.112443,4
1548929955.125954,8
1548929955.139506,7
1548929955.152460,6
1548929955.165061,5
1548929955.177649,6
1548929955.190785,7
1548929955.204409,4
1548929955.217917,4
1548929955.231319,6
1548929955.244976,6
1548929955.258677,5
1548929955.272317,5
1548929955.285726,6
1548929955.299352,3
1548929955.312964,8
1548929955.326364,6
1548929955.340347,3
1548929955.353761,6
1548929955.367690,6
1548929955.381367,3
1548929955.394470,6
1548929955.407758,5
1548929955.420712,7
1548929955.433823,5
1548929955.447337,5
1548929955.460885,5
1548929955.474083,8
1548929955.486806,5
1548929955.499839,5
1548929955.512866,6
1548929955.526263,3
1548929955.540102,6
1548929955.553636,6
1548929955.566462,8
1548929955.578831,7
1548929955.591704,6
1548929955.604397,6
1548929955.617668,5
1548929955.630948,7
1548929955.644594,2
1548929955.657971,6
1548929955.671696,8
1548929955.685063,7
1548929955.697926,6
1548929955.711303,5
1548929955.724955,4
1548929955.738665,6
1548929955.752572,7
1548929955.765365,5
1548929955.778668,6
1548929955.791963,7
1548929955.806215,9
1548929955.819041,7
1548929955.832344,7
1548929955.845489,5
1548929955.859281,6
1548929955.872917,6
1548929955.886758,5
1548929955.898543,6
1548929955.911100,4
1548929955.924727,3
1548929955.937719,8
1548929955.950738,6
1548929955.963993,4
1548929955.977443,7
1548929955.991187,6
1548929956.003526,6
1548929956.015958,5
1548929956.027909,5
1548929956.039940,6
1548929956.052480,5
1548929956.065645,7
1548929956.080382,7
1548929956.093994,3
1548929956.107254,6
1548929956.120340,7
1548929956.134029,8
1548929956.147685,5
1548929956.160801,7
1548929956.173513,7
1548929956.186639,7
1548929956.199235,10
1548929956.211498,6
1548929956.224263,7
1548929956.237108,10
1548929956.250286,17
1548929956.263883,21
1548929956.277129,24
1548929956.290743,28
1548929956.303860,34
1548929956.317329,38
1548929956.330988,47
1548929956.344401,55
1548929956.357985,60
1548929956.371508,60
1548929956.385070,62
1548929956.398497,65
1548929956.412143,68
1548929956.425793,73
1548929956.439251,73
1548929956.452781,75
1548929956.466206,77
1548929956.480094,81
1548929956.493643,84
1548929956.507045,86
1548929956.520922,92
1548929956.534828,93
1548929956.548361,101
1548929956.561913,73
1548929956.575412,49
1548929956.588757,51
1548929956.602446,50
1548929956.616205,40
1548929956.629876,22
1548929956.643809,4
1548929956.657324,1
1548929956.671228,4
1548929956.684968,1
1548929956.698252,2
1548929956.712001,1
1548929956.725638,2
1548929956.739628,2
1548929956.753671,2
1548929956.767117,2
1548929956.780582,1
1548929956.794114,7
1548929956.807722,1
1548929956.821132,2
1548929956.835016,0
1548929956.848443,8
1548929956.861953,4
1548929956.875573,4
1548929956.889087,4
1548929956.902638,4
1548929956.916336,5
1548929956.930175,4
1548929956.943706,5
1548929956.957010,5
1548929956.970402,5
1548929956.983977,5
1548929956.997249,5
1548929957.010735,4
1548929957.024262,4
1548929957.037494,5
1548929957.050837,4
1548929957.064164,4
1548929957.078031,5
1548929957.091268,4
1548929957.104692,6
1548929957.118051,4
1548929957.131362,6
1548929957.144912,5
1548929957.158396,4
1548929957.171796,4
1548929957.185747,5
1548929957.200195,3
1548929957.214137,5
1548929957.228007,5
1548929957.241934,5
1548929957.255739,5
1548929957.269288,4
1548929957.282612,4
1548929957.296510,5
1548929957.309997,4
1548929957.323594,4
1548929957.337220,4
1548929957.350791,6
1548929957.364196,5
1548929957.377511,4
1548929957.391318,5
1548929957.405588,4
1548929957.418941,4
1548929957.432438,5
1548929957.445940,5
1548929957.459443,4
1548929957.473526,5
1548929957.487459,4
1548929957.500547,4
1548929957.513691,6
1548929957.527468,5
1548929957.541153,6
1548929957.554723,9
1548929957.569310,13
1548929957.582977,14
1548929957.596885,18
1548929957.610643,34
1548929957.623737,38
1548929957.637608,39
1548929957.651502,42
1548929957.664940,44
1548929957.678542,46
1548929957.691958,48
1548929957.706152,51
1548929957.719694,51
1548929957.733136,59
1548929957.746795,62
1548929957.760233,64
1548929957.773662,68
1548929957.787068,70
1548929957.800575,73
1548929957.813639,72
1548929957.827097,75
1548929957.841288,77
1548929957.855064,81
1548929957.868509,83
1548929957.882481,83
1548929957.896171,87
1548929957.907989,89
1548929957.919733,92
1548929957.932008,89
1548929957.944322,93
1548929957.957916,94
1548929957.971420,96
1548929957.984763,98
1548929957.998813,103
1548929958.012520,103
1548929958.026126,107
1548929958.039604,110
1548929958.053329,109
1548929958.067133,110
1548929958.081139,111
1548929958.094974,111
1548929958.108542,113
1548929958.122309,116
1548929958.135863,118
1548929958.149316,120
1548929958.162623,121
1548929958.176743,122
1548929958.191299,126
1548929958.205451,128
1548929958.218994,129
1548929958.232335,131
1548929958.246665,138
1548929958.260096,148
1548929958.273458,151
1548929958.286869,145
1548929958.300479,155
1548929958.314550,161
1548929958.328105,162
1548929958.341689,163
1548929958.355781,166
1548929958.369233,163
1548929958.382725,166
1548929958.396297,168
1548929958.410014,170
1548929958.423499,171
1548929958.437558,169
1548929958.450967,173
1548929958.464560,174
1548929958.478078,177
1548929958.491595,175
1548929958.504836,179
1548929958.518150,179
1548929958.531495,180
1548929958.544869,179
1548929958.558265,183
1548929958.571626,185
1548929958.585052,189
1548929958.598646,194
1548929958.612073,196
1548929958.625600,197
1548929958.639154,196
1548929958.652525,156
1548929958.666097,150
1548929958.679472,181
1548929958.692987,182
1548929958.706625,184
1548929958.718688,189
1548929958.731391,188
1548929958.744338,188
1548929958.757666,190
1548929958.771191,193
1548929958.784585,194
1548929958.798540,192
1548929958.812088,193
1548929958.825630,194
1548929958.839359,197
1548929958.853035,197
1548929958.866460,198
1548929958.879843,200
1548929958.893265,198
1548929958.906822,198
1548929958.920172,174
1548929958.933713,190
1548929958.947046,178
1548929958.960529,175
1548929958.973961,198
1548929958.987341,198
1548929959.001393,183
1548929959.014781,123
1548929959.028344,200
1548929959.041883,199
1548929959.055256,183
1548929959.068579,114
1548929959.081974,107
1548929959.096056,188
1548929959.109771,175
1548929959.123301,198
1548929959.136723,167
1548929959.149870,167
1548929959.162427,119
1548929959.175361,116
1548929959.188769,167
1548929959.202496,136
1548929959.216251,129
1548929959.229639,141
1548929959.243069,143
1548929959.256698,117
1548929959.270227,88
1548929959.284775,81
1548929959.298246,65
1548929959.312081,53
1548929959.325965,26
1548929959.339947,4
1548929959.353776,16
1548929959.367533,1
1548929959.381010,2
1548929959.394717,1
1548929959.408199,1
1548929959.422122,2
1548929959.435869,24
1548929959.450043,14
1548929959.463382,6
1548929959.476814,4
1548929959.490423,5
1548929959.503992,5
1548929959.517374,4
1548929959.530967,4
1548929959.544463,4
1548929959.557946,4
1548929959.571552,4
1548929959.585299,5
1548929959.599841,4
1548929959.613545,5
1548929959.627169,5
1548929959.640591,4
1548929959.654244,4
1548929959.668194,5
1548929959.681900,4
1548929959.695520,5
1548929959.709392,5
1548929959.722917,4
1548929959.736419,5
1548929959.749854,4
1548929959.763292,5
1548929959.776687,4
1548929959.790097,4
1548929959.803605,4
1548929959.817138,4
1548929959.830791,5
1548929959.844232,4
1548929959.857861,5
1548929959.871459,4
1548929959.884881,5
1548929959.898270,4
1548929959.912015,5
1548929959.925721,4
1548929959.939084,4
1548929959.952616,4
1548929959.966041,5
1548929959.981438,4
1548929959.996195,5
1548929960.010510,4
1548929960.023822,5
1548929960.037230,5
1548929960.050574,4
1548929960.063901,4
1548929960.077247,4
1548929960.090578,4
1548929960.104208,5
1548929960.117657,5
1548929960.131258,4
1548929960.144808,4
1548929960.158385,4
1548929960.171839,5
1548929960.185720,5
1548929960.200270,4
1548929960.214248,5
1548929960.227678,4
1548929960.241128,2
1548929960.254733,4
1548929960.268880,4
1548929960.282374,4
1548929960.296016,5
1548929960.309949,4
1548929960.324260,5
1548929960.337633,5
1548929960.350980,4
1548929960.364289,3
1548929960.377324,6
1548929960.391443,3
1548929960.404850,4
1548929960.418442,3
1548929960.432327,4
1548929960.445787,5
1548929960.458328,4
1548929960.470879,2
1548929960.483847,3
1548929960.496910,4
1548929960.509974,4
1548929960.523841,5
1548929960.537307,4
1548929960.550694,7
1548929960.564023,6
1548929960.576869,7
1548929960.589874,5
1548929960.603035,5
1548929960.616781,6
1548929960.630398,1
1548929960.643963,5
1548929960.657918,4
1548929960.670940,4
1548929960.684420,6
1548929960.697922,6
1548929960.711521,4
1548929960.724911,4
1548929960.738300,2
1548929960.751790,6
1548929960.765497,4
1548929960.778876,4
1548929960.792645,6
1548929960.806890,4
1548929960.820728,6
1548929960.834183,3
1548929960.847826,7
1548929960.861351,2
1548929960.875110,3
1548929960.888409,4
1548929960.901433,7
1548929960.914501,5
1548929960.928090,6
1548929960.940946,6
1548929960.954032,5
1548929960.967269,3
1548929960.980486,4
1548929960.993736,5
1548929961.007210,7
1548929961.020311,6
1548929961.033660,2
1548929961.047340,5
1548929961.060611,6
1548929961.074249,7
1548929961.088162,7
1548929961.101792,6
1548929961.115133,4
1548929961.128779,6
1548929961.142133,7
1548929961.154887,4
1548929961.168221,8
1548929961.181542,5
1548929961.196261,4
1548929961.208649,5
1548929961.221247,5
1548929961.234450,8
1548929961.248222,7
1548929961.262108,8
1548929961.275257,8
1548929961.288361,7
1548929961.301166,9
1548929961.314277,7
1548929961.327381,6
1548929961.340797,6
1548929961.354319,7
1548929961.368096,5
1548929961.381782,10
1548929961.395322,15
1548929961.408877,18
1548929961.422295,23
1548929961.435593,29
1548929961.449022,34
1548929961.462548,38
1548929961.476017,44
1548929961.489582,44
1548929961.503089,49
1548929961.516502,50
1548929961.529942,56
1548929961.543347,56
1548929961.556803,62
1548929961.570289,65
1548929961.583792,64
1548929961.597258,67
1548929961.610840,68
1548929961.624261,71
1548929961.637649,72
1548929961.651134,80
1548929961.664742,83
1548929961.678153,85
1548929961.691650,89
1548929961.705076,90
1548929961.719125,95
1548929961.732542,98
1548929961.745343,100
1548929961.758890,104
1548929961.772744,103
1548929961.786075,104
1548929961.799001,106
1548929961.811152,109
1548929961.824023,115
1548929961.836221,116
1548929961.848429,117
1548929961.860520,122
1548929961.872964,123
1548929961.885223,123
1548929961.897446,126
1548929961.909628,125
1548929961.922059,130
1548929961.934818,133
1548929961.947670,133
1548929961.960784,135
1548929961.974681,136
1548929961.988773,139
1548929962.002137,142
1548929962.014624,144
1548929962.027366,146
1548929962.040917,149
1548929962.055429,148
1548929962.067636,150
1548929962.079701,151
1548929962.092183,152
1548929962.104502,156
1548929962.116490,158
1548929962.128281,162
1548929962.139844,161
1548929962.151410,163
1548929962.163073,164
1548929962.174781,165
1548929962.186550,165
1548929962.198355,166
1548929962.210142,168
1548929962.222570,166
1548929962.235633,169
1548929962.248821,170
1548929962.262237,172
1548929962.275688,174
1548929962.289080,176
1548929962.302645,176
1548929962.315962,179
1548929962.329310,181
1548929962.342716,184
1548929962.355791,185
1548929962.368765,187
1548929962.381560,186
1548929962.394189,189
1548929962.407047,193
1548929962.420067,197
1548929962.433544,194
1548929962.447027,194
1548929962.460666,196
1548929962.473798,197
1548929962.487460,199
1548929962.502177,196
1548929962.515221,198
1548929962.528024,182
1548929962.540952,196
1548929962.554762,196
1548929962.568645,197
1548929962.582170,139
1548929962.595762,88
1548929962.609226,194
1548929962.622714,197
1548929962.636245,196
1548929962.649915,176
1548929962.663680,160
1548929962.677560,158
1548929962.691311,185
1548929962.705446,186
1548929962.719210,186
1548929962.732728,189
1548929962.746164,189
1548929962.759738,193
1548929962.773343,194
1548929962.786871,197
1548929962.800203,199
1548929962.813474,199
1548929962.826840,198
1548929962.840350,147
1548929962.853706,98
1548929962.867064,199
1548929962.880669,196
1548929962.894053,195
1548929962.906342,140
1548929962.919353,124
1548929962.932307,198
1548929962.946222,194
1548929962.959627,194
1548929962.973048,163
1548929962.986634,185
1548929963.000306,199
1548929963.013901,195
1548929963.027099,144
1548929963.040496,126
1548929963.053827,190
1548929963.067133,195
1548929963.080622,194
1548929963.094072,193
1548929963.107487,193
1548929963.120997,198
1548929963.134922,198
1548929963.148840,198
1548929963.162481,187
1548929963.176094,196
1548929963.190245,184
1548929963.204061,156
1548929963.217722,200
1548929963.231609,194
1548929963.245090,188
1548929963.258490,165
1548929963.271803,145
1548929963.285326,179
1548929963.298868,197
1548929963.312315,196
1548929963.325778,199
1548929963.339113,198
1548929963.352638,198
1548929963.366331,191
1548929963.379676,160
1548929963.393140,188
1548929963.406637,197
1548929963.420354,196
1548929963.433643,194
1548929963.447022,145
1548929963.460372,197
1548929963.474037,166
1548929963.487792,187
1548929963.501404,169
1548929963.514792,168
1548929963.528413,180
1548929963.541571,173
1548929963.555072,142
1548929963.568479,137
1548929963.582144,147
1548929963.595566,138
1548929963.609073,125
1548929963.622549,99
1548929963.636429,92
1548929963.649873,64
1548929963.663451,56
1548929963.676963,30
1548929963.690331,20
1548929963.703956,1
1548929963.717379,1
1548929963.730400,1
1548929963.743719,2
1548929963.756341,2
1548929963.769546,1
1548929963.783084,16
1548929963.796519,14
1548929963.810001,8
1548929963.823210,4
1548929963.836819,5
1548929963.850438,4
1548929963.863756,4
1548929963.877205,4
1548929963.890570,4
1548929963.904321,5
1548929963.918199,4
1548929963.931712,4
1548929963.944820,6
1548929963.958235,4
1548929963.971768,4
1548929963.984607,5
1548929963.998314,5
1548929964.011881,4
1548929964.025373,5
1548929964.038987,5
1548929964.052408,5
1548929964.065642,4
1548929964.079274,4
1548929964.092842,4
1548929964.106241,4
1548929964.119770,5
1548929964.133240,4
1548929964.147139,4
1548929964.161043,6
1548929964.175882,4
1548929964.190222,4
1548929964.203713,4
1548929964.216615,5
1548929964.230134,4
1548929964.246655,4
1548929964.259239,5
1548929964.271935,4
1548929964.285959,5
1548929964.299253,4
1548929964.313024,5
1548929964.326795,5
1548929964.340598,4
1548929964.354670,4
1548929964.368767,4
1548929964.382524,5
1548929964.396069,5
1548929964.409191,4
1548929964.422093,4
1548929964.435367,4
1548929964.448645,5
1548929964.461618,4
1548929964.474719,4
1548929964.487824,5
1548929964.500964,5
1548929964.514013,5
1548929964.527329,4
1548929964.540790,4
1548929964.554131,5
1548929964.567918,4
1548929964.581580,4
1548929964.594942,5
1548929964.608753,4
1548929964.622624,5
1548929964.636109,5
1548929964.650064,4
1548929964.663717,5
1548929964.677021,5
1548929964.690198,5
1548929964.703293,5
1548929964.715649,3
1548929964.728168,3
1548929964.741021,5
1548929964.754459,3
1548929964.767809,4
1548929964.781187,6
1548929964.794283,1
1548929964.807180,5
1548929964.820539,4
1548929964.833843,5
1548929964.847571,4
1548929964.861005,4
1548929964.874763,2
1548929964.888131,2
1548929964.901365,2
1548929964.914744,5
1548929964.928566,4
1548929964.941969,4
1548929964.954919,5
1548929964.968115,5
1548929964.981375,5
1548929964.994505,4
1548929965.007486,4
1548929965.020809,5
1548929965.033659,3
1548929965.046825,5
1548929965.059358,4
1548929965.072322,3
1548929965.085760,2
1548929965.098679,3
1548929965.112190,3
1548929965.125430,3
1548929965.139329,2
1548929965.153062,3
1548929965.166556,2
1548929965.179494,6
1548929965.191922,3
1548929965.204720,4
1548929965.217538,5
1548929965.230861,5
1548929965.243643,5
1548929965.256631,5
1548929965.269164,2
1548929965.282210,3
1548929965.295299,5
1548929965.308357,2
1548929965.322006,4
1548929965.335984,3
1548929965.349620,3
1548929965.362688,4
1548929965.375986,2
1548929965.389415,1
1548929965.403375,5
1548929965.416289,3
1548929965.429390,4
1548929965.442401,4
1548929965.456114,4
1548929965.469875,4
1548929965.482768,4
1548929965.495804,3
1548929965.508856,4
1548929965.522476,2
1548929965.535756,4
1548929965.548414,5
