1548930411.901091,0
1548930411.916330,2
1548930411.929764,9
1548930411.942990,36
1548930411.957796,60
1548930411.972259,82
1548930411.987419,112
1548930412.002011,158
1548930412.016633,179
1548930412.031457,215
1548930412.047002,234
1548930412.061300,292
1548930412.075262,318
1548930412.089606,335
1548930412.104800,370
1548930412.120065,387
1548930412.135266,398
1548930412.150768,424
1548930412.166325,481
1548930412.182465,489
1548930412.197517,490
1548930412.212348,491
1548930412.227737,491
1548930412.242418,531
1548930412.256931,532
1548930412.271632,531
1548930412.286617,550
1548930412.301873,577
1548930412.317397,621
1548930412.332400,658
1548930412.347536,664
1548930412.360836,668
1548930412.374603,668
1548930412.388952,667
1548930412.404318,722
1548930412.419992,722
1548930412.435262,722
1548930412.450253,764
1548930412.465433,768
1548930412.480209,793
1548930412.494899,804
1548930412.509557,826
1548930412.524966,860
1548930412.539398,865
1548930412.553233,866
1548930412.568024,866
1548930412.582893,871
1548930412.597402,878
1548930412.612120,878
1548930412.627150,839
1548930412.640933,933
1548930412.654981,947
1548930412.669899,953
1548930412.684752,953
1548930412.699610,931
1548930412.714528,973
1548930412.729261,973
1548930412.744576,993
1548930412.760948,997
1548930412.775461,1000
1548930412.790241,1000
1548930412.805134,962
1548930412.820212,1000
1548930412.835629,999
1548930412.850265,999
1548930412.865829,988
1548930412.880834,984
1548930412.895597,998
1548930412.910391,996
1548930412.925642,1000
1548930412.940372,999
1548930412.955459,998
1548930412.970697,956
1548930412.985418,928
1548930413.000745,846
1548930413.016030,804
1548930413.030182,777
1548930413.044144,751
1548930413.058842,631
1548930413.072599,568
1548930413.085868,543
1548930413.099220,519
1548930413.111801,371
1548930413.125302,313
1548930413.139245,267
1548930413.153621,227
1548930413.168178,188
1548930413.181685,149
1548930413.195594,102
1548930413.210123,75
1548930413.225852,0
1548930413.239930,0
1548930413.252964,0
1548930413.266496,0
1548930413.280068,0
1548930413.293386,0
1548930413.307391,0
1548930413.321770,0
1548930413.335757,0
1548930413.349536,0
1548930413.363683,0
1548930413.377117,0
1548930413.391124,0
1548930413.405156,0
1548930413.418470,0
1548930413.432298,0
1548930413.446322,0
1548930413.459885,0
1548930413.473260,0
1548930413.487016,0
1548930413.500965,0
1548930413.514576,0
1548930413.527673,0
1548930413.541198,0
1548930413.555526,0
1548930413.569280,0
1548930413.582363,0
1548930413.595641,0
1548930413.609635,0
1548930413.623905,0
1548930413.637667,0
1548930413.652147,0
1548930413.666199,0
1548930413.679678,0
1548930413.693539,0
1548930413.706993,0
1548930413.720415,0
1548930413.734896,0
1548930413.748635,0
1548930413.762928,0
1548930413.776505,0
1548930413.790039,0
1548930413.804080,0
1548930413.817427,0
1548930413.831679,0
1548930413.846566,0
1548930413.862332,0
1548930413.877001,0
1548930413.891905,0
1548930413.907040,0
1548930413.922000,0
1548930413.936700,0
1548930413.951762,0
1548930413.966031,0
1548930413.980384,0
1548930413.995709,0
1548930414.010163,0
1548930414.024230,0
1548930414.038898,0
1548930414.054104,0
1548930414.069336,0
1548930414.084206,0
1548930414.099463,0
1548930414.114398,0
1548930414.129256,0
1548930414.144280,0
1548930414.159357,0
1548930414.174451,0
1548930414.189475,0
1548930414.204803,0
1548930414.219887,0
1548930414.234643,0
1548930414.250115,0
1548930414.264774,0
1548930414.279494,0
1548930414.294510,0
1548930414.309141,0
1548930414.324250,0
1548930414.338972,0
1548930414.354094,0
1548930414.368768,0
1548930414.383553,0
1548930414.398142,0
1548930414.413125,0
1548930414.427877,0
1548930414.442889,0
1548930414.457643,0
1548930414.472724,0
1548930414.487528,0
1548930414.502501,0
1548930414.517657,0
1548930414.532482,0
1548930414.547355,0
1548930414.562215,0
1548930414.577052,0
1548930414.591672,0
1548930414.606495,0
1548930414.621071,0
1548930414.636089,0
1548930414.650945,0
1548930414.665585,0
1548930414.680137,0
1548930414.694698,0
1548930414.709233,0
1548930414.723718,0
1548930414.738265,0
1548930414.752877,0
1548930414.767488,0
1548930414.782040,0
1548930414.796567,0
1548930414.811021,0
1548930414.825963,0
1548930414.840575,0
1548930414.854998,0
1548930414.869557,0
1548930414.883961,0
1548930414.898518,0
1548930414.913083,0
1548930414.927991,0
1548930414.942657,0
1548930414.957530,0
1548930414.973349,0
1548930414.988682,0
1548930415.003676,0
1548930415.018888,0
1548930415.033616,0
1548930415.048351,0
1548930415.063321,0
1548930415.077909,0
1548930415.092838,0
1548930415.107403,0
1548930415.121627,0
1548930415.136221,0
1548930415.151289,0
1548930415.166127,0
1548930415.181029,0
1548930415.195619,0
1548930415.210531,0
1548930415.225164,0
1548930415.240099,0
1548930415.255029,0
1548930415.269838,0
1548930415.284749,0
1548930415.299421,0
1548930415.314400,0
1548930415.329069,0
1548930415.344237,0
1548930415.358999,0
1548930415.374115,0
1548930415.389006,0
1548930415.403969,0
1548930415.418681,0
1548930415.433569,0
1548930415.448656,0
1548930415.463593,0
1548930415.478875,0
1548930415.493671,0
1548930415.508344,0
1548930415.522908,0
1548930415.537420,0
1548930415.552087,0
1548930415.566811,0
1548930415.581391,0
1548930415.596011,0
1548930415.610667,0
1548930415.625307,0
1548930415.639993,0
1548930415.654719,0
1548930415.669660,0
1548930415.684323,0
1548930415.698978,0
1548930415.713605,0
1548930415.728210,0
1548930415.742908,0
1548930415.757508,0
1548930415.772168,0
1548930415.786770,0
1548930415.801397,0
1548930415.816030,0
1548930415.830767,0
1548930415.845410,0
1548930415.860053,0
1548930415.874713,0
1548930415.889340,0
1548930415.903908,0
1548930415.918510,0
1548930415.933148,0
1548930415.947735,0
1548930415.962329,0
1548930415.977461,0
1548930415.992506,0
1548930416.007068,0
1548930416.021729,0
1548930416.036328,0
1548930416.051241,0
1548930416.065953,0
1548930416.081040,0
1548930416.095813,0
1548930416.110586,0
1548930416.125302,0
1548930416.139866,0
1548930416.154516,0
1548930416.169068,0
1548930416.183659,0
1548930416.198176,0
1548930416.212729,0
1548930416.227313,0
1548930416.241940,0
1548930416.256502,0
1548930416.271482,0
1548930416.286205,0
1548930416.300909,0
1548930416.315548,0
1548930416.330210,0
1548930416.344896,0
1548930416.359559,0
1548930416.374123,0
1548930416.388595,0
1548930416.403190,0
1548930416.417739,0
1548930416.432371,0
1548930416.447096,0
1548930416.461959,0
1548930416.476921,0
1548930416.492119,0
1548930416.506759,0
1548930416.521298,0
1548930416.535846,0
1548930416.550456,0
1548930416.565117,0
1548930416.579703,0
1548930416.594696,0
1548930416.609271,0
1548930416.624182,0
1548930416.638783,0
1548930416.653745,0
1548930416.668533,0
1548930416.683507,0
1548930416.698587,0
1548930416.713578,0
1548930416.728623,0
1548930416.743553,0
1548930416.758429,0
1548930416.773005,0
1548930416.787874,0
1548930416.802421,0
1548930416.817316,0
1548930416.832118,0
1548930416.847367,0
1548930416.862226,0
1548930416.877492,0
1548930416.892269,0
1548930416.905842,0
1548930416.920220,0
1548930416.934922,0
1548930416.949871,0
1548930416.964676,0
1548930416.979876,0
1548930416.995131,0
1548930417.010164,0
1548930417.024853,0
1548930417.039827,0
1548930417.054577,0
1548930417.069585,0
1548930417.084337,0
1548930417.099496,0
1548930417.115012,0
1548930417.130024,0
1548930417.144983,0
1548930417.159805,0
1548930417.174533,0
1548930417.189279,0
1548930417.204011,0
1548930417.218702,0
1548930417.233390,0
1548930417.248158,0
1548930417.262985,0
1548930417.277751,0
1548930417.292476,0
1548930417.307176,0
1548930417.321889,0
1548930417.336912,0
1548930417.351736,0
1548930417.366466,0
1548930417.381316,0
1548930417.396292,0
1548930417.410990,0
1548930417.425757,0
1548930417.440553,0
1548930417.455439,0
1548930417.470256,0
1548930417.485775,0
1548930417.500826,0
1548930417.515649,0
1548930417.530344,0
1548930417.545175,0
1548930417.558761,0
1548930417.573567,0
1548930417.588265,0
1548930417.602977,0
1548930417.617652,0
1548930417.632420,0
1548930417.647361,0
1548930417.662137,0
1548930417.676824,0
1548930417.691528,0
1548930417.706304,0
1548930417.721048,0
1548930417.735775,0
1548930417.750559,0
1548930417.765190,0
1548930417.779988,0
1548930417.794660,0
1548930417.809375,0
1548930417.824132,0
1548930417.839404,0
1548930417.854224,0
1548930417.869049,0
1548930417.883774,0
1548930417.898478,0
1548930417.913158,0
1548930417.927898,0
1548930417.942540,0
1548930417.957337,0
1548930417.972197,0
1548930417.987713,0
1548930418.002969,0
1548930418.017763,0
1548930418.032489,0
1548930418.047252,0
1548930418.062036,0
1548930418.076754,0
1548930418.091445,0
1548930418.106322,0
1548930418.121149,0
1548930418.135973,0
1548930418.150732,0
1548930418.165913,0
1548930418.180726,0
1548930418.195431,0
1548930418.210198,0
1548930418.224938,0
1548930418.239665,0
1548930418.254345,0
1548930418.269037,0
1548930418.283373,0
1548930418.298011,0
1548930418.312690,0
1548930418.327563,0
1548930418.342678,0
1548930418.357461,0
1548930418.372367,0
1548930418.387223,0
1548930418.401958,0
1548930418.416839,0
1548930418.431536,0
1548930418.446329,0
1548930418.461367,0
1548930418.476207,0
1548930418.491510,0
1548930418.506592,0
1548930418.521322,0
1548930418.536038,0
1548930418.550784,0
1548930418.565516,0
1548930418.580236,0
1548930418.594855,0
1548930418.609557,0
1548930418.624268,0
1548930418.639045,0
1548930418.653835,0
1548930418.668631,0
1548930418.683360,0
1548930418.698206,0
1548930418.712924,0
1548930418.727634,0
1548930418.742362,0
1548930418.757120,0
1548930418.771845,0
1548930418.786467,0
1548930418.801236,0
1548930418.815962,0
1548930418.830657,0
1548930418.845508,0
1548930418.860229,0
1548930418.874944,0
1548930418.889643,0
1548930418.904416,0
1548930418.919174,0
1548930418.934166,0
1548930418.948861,0
1548930418.963820,0
1548930418.978596,0
1548930418.993880,0
1548930419.008953,0
1548930419.023722,0
1548930419.038399,0
1548930419.053150,0
1548930419.067901,0
1548930419.082573,0
1548930419.097303,0
1548930419.112104,0
1548930419.126906,0
1548930419.141576,0
1548930419.156336,0
1548930419.171172,0
1548930419.186328,0
1548930419.201043,0
1548930419.215773,0
1548930419.230563,0
1548930419.245250,0
1548930419.260027,0
1548930419.274761,0
1548930419.289533,0
1548930419.304247,0
1548930419.318982,0
1548930419.333636,0
1548930419.348457,0
1548930419.363189,0
1548930419.377966,0
1548930419.392718,0
1548930419.407422,0
1548930419.422197,0
1548930419.437207,0
1548930419.451961,0
1548930419.466753,0
1548930419.481629,0
1548930419.497147,0
1548930419.512214,0
1548930419.527255,0
1548930419.542190,0
1548930419.557512,0
1548930419.571759,0
1548930419.586653,0
1548930419.601367,0
1548930419.616053,0
1548930419.630793,0
1548930419.645542,0
1548930419.660329,0
1548930419.675113,0
1548930419.689935,0
1548930419.705093,0
1548930419.719890,0
1548930419.734584,0
1548930419.749254,0
1548930419.763953,0
1548930419.778661,0
1548930419.793442,0
1548930419.808152,0
1548930419.822900,0
1548930419.837572,0
1548930419.852341,0
1548930419.867047,0
1548930419.881874,0
1548930419.896587,0
1548930419.911387,0
1548930419.926110,0
1548930419.940839,0
1548930419.955764,0
1548930419.970499,0
1548930419.985247,0
1548930419.999966,0
1548930420.014772,0
1548930420.029540,0
1548930420.044317,0
1548930420.059777,0
1548930420.074766,0
1548930420.090074,0
1548930420.105457,0
1548930420.120432,0
1548930420.135240,0
1548930420.150017,0
1548930420.164786,0
1548930420.179542,0
1548930420.194262,0
1548930420.209317,0
1548930420.224197,0
1548930420.238942,0
1548930420.253706,0
1548930420.268457,0
1548930420.283098,0
1548930420.297923,0
1548930420.312625,0
1548930420.327413,0
1548930420.342146,0
1548930420.356906,0
1548930420.371590,0
1548930420.386346,0
1548930420.401105,0
1548930420.415847,0
1548930420.430609,0
1548930420.445269,0
1548930420.460529,0
1548930420.475327,0
1548930420.490045,0
1548930420.504727,0
1548930420.519452,0
1548930420.534242,0
1548930420.549103,0
1548930420.564438,0
1548930420.579277,0
1548930420.593985,0
1548930420.608699,0
1548930420.623353,0
1548930420.638061,0
1548930420.652805,0
1548930420.667583,0
1548930420.682372,0
1548930420.697054,0
1548930420.712059,0
1548930420.726943,0
1548930420.741594,0
1548930420.756654,0
1548930420.771424,0
1548930420.786453,0
1548930420.801174,0
1548930420.815868,0
1548930420.830624,0
1548930420.845344,0
1548930420.860111,0
1548930420.874859,0
1548930420.889589,0
1548930420.904410,0
1548930420.919131,0
1548930420.933822,0
1548930420.948474,0
1548930420.963269,0
1548930420.978270,0
1548930420.993023,0
1548930421.007777,0
1548930421.022517,0
1548930421.037206,0
1548930421.052048,0
1548930421.067724,0
1548930421.082597,0
1548930421.097355,0
1548930421.112153,0
1548930421.126921,0
1548930421.141629,0
1548930421.156448,0
1548930421.171119,0
1548930421.185792,0
1548930421.200497,0
1548930421.215156,0
1548930421.230297,0
1548930421.245173,0
1548930421.259937,0
1548930421.274714,0
1548930421.289388,0
1548930421.304141,0
1548930421.318786,0
1548930421.333485,0
1548930421.348176,0
1548930421.362962,0
1548930421.377656,0
1548930421.392370,0
1548930421.407064,0
1548930421.421652,0
1548930421.436440,0
1548930421.451139,0
1548930421.466024,0
1548930421.480957,0
1548930421.495917,0
1548930421.510613,0
1548930421.525309,0
1548930421.540133,0
1548930421.554893,0
1548930421.570238,0
1548930421.585064,0
1548930421.599816,0
1548930421.614589,0
1548930421.629358,0
1548930421.644037,0
1548930421.658666,0
1548930421.673407,0
1548930421.688135,0
1548930421.702845,0
1548930421.717541,0
1548930421.732157,0
1548930421.747126,0
1548930421.761896,0
1548930421.776850,0
1548930421.791572,0
1548930421.806303,0
1548930421.821056,0
1548930421.835792,0
1548930421.850448,0
1548930421.865207,0
1548930421.879904,0
1548930421.894614,0
1548930421.909365,0
1548930421.924130,0
1548930421.938854,0
1548930421.953432,0
1548930421.968260,0
1548930421.982974,0
1548930421.997867,0
1548930422.012617,0
1548930422.027321,0
1548930422.042103,0
1548930422.056757,0
1548930422.072286,0
1548930422.087051,0
1548930422.101896,0
1548930422.116667,0
1548930422.131434,0
1548930422.146135,0
1548930422.160884,0
1548930422.175541,0
1548930422.190269,0
1548930422.204956,0
1548930422.219676,0
1548930422.234440,0
1548930422.249464,0
1548930422.264413,0
1548930422.279171,0
1548930422.293923,0
1548930422.308541,0
1548930422.323253,0
1548930422.337912,0
1548930422.352662,0
1548930422.367382,0
1548930422.382181,0
1548930422.396842,0
1548930422.411558,0
1548930422.426256,0
1548930422.440952,0
1548930422.455724,0
1548930422.470535,0
1548930422.485199,0
1548930422.499864,0
1548930422.514770,0
1548930422.529498,0
1548930422.544319,0
1548930422.559057,0
1548930422.574468,0
1548930422.589265,0
1548930422.603977,0
1548930422.618683,0
1548930422.633479,0
1548930422.648159,0
1548930422.662897,0
1548930422.677601,0
1548930422.692329,0
1548930422.707044,0
1548930422.721630,0
1548930422.736317,0
1548930422.751040,0
1548930422.766674,0
1548930422.781599,0
1548930422.796378,0
1548930422.811126,0
1548930422.825929,0
1548930422.840656,0
1548930422.855511,0
1548930422.870309,0
1548930422.885036,0
1548930422.900010,0
1548930422.914782,0
1548930422.929520,0
1548930422.944215,0
1548930422.958888,0
1548930422.973654,0
1548930422.988396,0
1548930423.003181,0
1548930423.017937,0
1548930423.032896,0
1548930423.047767,0
1548930423.062546,0
1548930423.077957,0
1548930423.092676,0
1548930423.107545,0
1548930423.122265,0
1548930423.136977,0
1548930423.151698,0
1548930423.166487,0
1548930423.181285,0
1548930423.195979,0
1548930423.210632,0
1548930423.225323,0
1548930423.240115,0
1548930423.254822,0
1548930423.269533,0
1548930423.284326,0
1548930423.299132,0
1548930423.313457,0
1548930423.327679,0
1548930423.342308,0
1548930423.356774,0
1548930423.371674,0
1548930423.386407,0
1548930423.401146,0
1548930423.415857,0
1548930423.430621,0
1548930423.445261,0
1548930423.460107,0
1548930423.475122,0
1548930423.490478,0
1548930423.506480,0
1548930423.521291,0
1548930423.536093,0
1548930423.550866,0
1548930423.565814,0
1548930423.580735,0
1548930423.595446,0
1548930423.610128,0
1548930423.624725,0
1548930423.639456,0
1548930423.654105,0
1548930423.668844,0
1548930423.683562,0
1548930423.698446,0
1548930423.713208,0
1548930423.727937,0
1548930423.742631,0
1548930423.757313,0
1548930423.772033,0
1548930423.786858,0
1548930423.801611,0
1548930423.816346,0
1548930423.831094,0
1548930423.845860,0
1548930423.860532,0
1548930423.875309,0
1548930423.890093,0
1548930423.904858,0
1548930423.919589,0
1548930423.934333,0
1548930423.949020,0
1548930423.963839,0
1548930423.978560,0
1548930423.993283,0
1548930424.008034,0
1548930424.022749,0
1548930424.037526,0
1548930424.052198,0
1548930424.066955,0
1548930424.082141,0
1548930424.097435,0
1548930424.112265,0
1548930424.127090,0
1548930424.141874,0
1548930424.156604,0
1548930424.171312,0
1548930424.186083,0
1548930424.200763,0
1548930424.215426,0
1548930424.230145,0
1548930424.244837,0
1548930424.259576,0
1548930424.274252,0
1548930424.288907,0
1548930424.303615,0
1548930424.318309,0
1548930424.333007,0
1548930424.347833,0
1548930424.362569,0
1548930424.377354,0
1548930424.392038,0
1548930424.406792,0
1548930424.421426,0
1548930424.436182,0
1548930424.451023,0
1548930424.465835,0
1548930424.480484,0
1548930424.495219,0
1548930424.509962,0
1548930424.524900,0
1548930424.539634,0
1548930424.554374,0
1548930424.569095,0
1548930424.583814,0
1548930424.598621,0
1548930424.613274,0
1548930424.627833,0
1548930424.642563,0
1548930424.657213,0
1548930424.671888,0
1548930424.687257,0
1548930424.702149,0
1548930424.716875,0
1548930424.731648,0
1548930424.746350,0
1548930424.761097,0
1548930424.775788,0
1548930424.790702,0
1548930424.805540,0
1548930424.820858,0
1548930424.836189,0
1548930424.851566,0
1548930424.866456,0
1548930424.881333,0
1548930424.896216,0
1548930424.911132,0
1548930424.926427,0
1548930424.941450,0
1548930424.956325,0
1548930424.971179,0
1548930424.985993,0
1548930425.000815,0
1548930425.015851,0
1548930425.030778,0
1548930425.045498,0
1548930425.060339,0
1548930425.075242,0
1548930425.090383,0
1548930425.105621,0
1548930425.120498,0
1548930425.135351,0
1548930425.150259,0
1548930425.165150,0
1548930425.180014,0
1548930425.194851,0
1548930425.209716,0
1548930425.224579,0
1548930425.239438,0
1548930425.254310,0
1548930425.269328,0
1548930425.284539,0
1548930425.299442,0
1548930425.314382,0
1548930425.329057,0
1548930425.343832,0
1548930425.358662,0
1548930425.373437,0
1548930425.388238,0
1548930425.403015,0
1548930425.417905,0
1548930425.432753,0
1548930425.447638,0
1548930425.462613,0
1548930425.477446,0
1548930425.492378,0
1548930425.507297,0
1548930425.522186,0
1548930425.536987,0
1548930425.551748,0
1548930425.566496,0
1548930425.581314,0
1548930425.596155,0
1548930425.610909,0
1548930425.625827,0
1548930425.640688,0
1548930425.655518,0
1548930425.670470,0
1548930425.685244,0
1548930425.699999,0
1548930425.714660,0
1548930425.729272,0
1548930425.743966,0
1548930425.758715,0
1548930425.773621,0
1548930425.788833,0
1548930425.803729,0
1548930425.818519,0
1548930425.833443,0
1548930425.848454,0
1548930425.863269,0
1548930425.878205,0
1548930425.893328,0
1548930425.908192,0
1548930425.922987,0
1548930425.937848,0
1548930425.952717,0
1548930425.967604,0
1548930425.982353,0
1548930425.997083,0
1548930426.011886,0
1548930426.026693,0
1548930426.041478,0
1548930426.056244,0
1548930426.071083,0
1548930426.085872,0
1548930426.100582,0
1548930426.115304,0
1548930426.130152,0
1548930426.144851,0
1548930426.159627,0
1548930426.174424,0
1548930426.189188,0
1548930426.203910,0
1548930426.218587,0
1548930426.233344,0
1548930426.248109,0
1548930426.262911,0
1548930426.278138,0
1548930426.292929,0
1548930426.307752,0
1548930426.322556,0
1548930426.337386,0
1548930426.352170,0
1548930426.366885,0
1548930426.381601,0
1548930426.396358,0
1548930426.411076,0
1548930426.425797,0
1548930426.440387,0
1548930426.455136,0
1548930426.469879,0
1548930426.485159,0
1548930426.500273,0
1548930426.515367,0
1548930426.530271,0
1548930426.546429,0
1548930426.560306,0
1548930426.575499,0
1548930426.590565,0
1548930426.606430,0
1548930426.621755,0
1548930426.636887,0
1548930426.651953,0
1548930426.667124,0
1548930426.682364,0
1548930426.697508,0
1548930426.712209,0
1548930426.726982,0
1548930426.741669,0
1548930426.756468,0
1548930426.771242,0
1548930426.786076,0
1548930426.800921,0
1548930426.815794,0
1548930426.830613,0
1548930426.846835,0
1548930426.863099,0
1548930426.882489,0
1548930426.897739,0
1548930426.912672,0
1548930426.927662,0
1548930426.942689,0
1548930426.958136,0
1548930426.973032,0
1548930426.988170,0
1548930427.003015,0
1548930427.018247,0
1548930427.033078,0
1548930427.048214,0
1548930427.063120,0
1548930427.078317,0
1548930427.093219,0
1548930427.108329,0
1548930427.123664,0
1548930427.138419,0
1548930427.153211,0
1548930427.167878,0
1548930427.182916,0
1548930427.197620,0
1548930427.212446,0
1548930427.227156,0
1548930427.241889,0
1548930427.256554,0
1548930427.271280,0
1548930427.286008,0
1548930427.300700,0
1548930427.315389,0
1548930427.330212,0
1548930427.345047,0
1548930427.359869,0
1548930427.374645,0
1548930427.389513,0
1548930427.404263,0
1548930427.419103,0
1548930427.434232,0
1548930427.448764,0
1548930427.463643,0
1548930427.478438,0
1548930427.493560,0
1548930427.508639,0
1548930427.523680,0
1548930427.538657,0
1548930427.553780,0
1548930427.568780,0
1548930427.583560,0
1548930427.598376,0
1548930427.613540,0
1548930427.628525,0
1548930427.643327,0
1548930427.658154,0
1548930427.673064,0
1548930427.688389,0
1548930427.703717,0
1548930427.718974,0
1548930427.734217,0
1548930427.749404,0
1548930427.764546,0
1548930427.779931,0
1548930427.795108,0
1548930427.810376,0
1548930427.825650,0
1548930427.840593,0
1548930427.855345,0
1548930427.870140,0
1548930427.885394,0
1548930427.900226,0
1548930427.914961,0
1548930427.929617,0
1548930427.944322,0
1548930427.959026,0
1548930427.974256,0
1548930427.989167,0
1548930428.004005,0
1548930428.018724,0
1548930428.033596,0
1548930428.048742,0
1548930428.063615,0
1548930428.078411,0
1548930428.093146,0
1548930428.107862,0
1548930428.122709,0
1548930428.137819,0
1548930428.152896,0
1548930428.167657,0
1548930428.182738,0
1548930428.197909,0
1548930428.213161,0
1548930428.227641,0
1548930428.242128,0
1548930428.256913,0
1548930428.271635,0
1548930428.286357,0
1548930428.301128,0
1548930428.315833,0
1548930428.330643,0
1548930428.343930,0
1548930428.357915,0
1548930428.372095,0
1548930428.386814,0
1548930428.401643,0
1548930428.416362,0
1548930428.431686,0
1548930428.447466,0
1548930428.462428,0
1548930428.477327,0
1548930428.492078,0
1548930428.506878,0
1548930428.521645,0
1548930428.536466,0
1548930428.551229,0
1548930428.565980,0
1548930428.580772,0
1548930428.595568,0
1548930428.610384,0
1548930428.625235,0
1548930428.640128,0
1548930428.655512,0
1548930428.670527,0
1548930428.685339,0
1548930428.700127,0
1548930428.714919,0
1548930428.729789,0
1548930428.744466,0
1548930428.759179,0
1548930428.774023,0
1548930428.788754,0
1548930428.803557,0
1548930428.818353,0
1548930428.833278,0
1548930428.847986,0
1548930428.862812,0
1548930428.877602,0
1548930428.892465,0
1548930428.907553,0
1548930428.922410,0
1548930428.937427,0
1548930428.952234,0
1548930428.967981,0
1548930428.983987,0
1548930429.000119,0
1548930429.015182,0
1548930429.030020,0
1548930429.044740,0
1548930429.059489,0
1548930429.074270,0
1548930429.089018,0
1548930429.103848,0
1548930429.118647,0
1548930429.133385,0
1548930429.148059,0
1548930429.162829,0
1548930429.177524,0
1548930429.192230,0
1548930429.206966,0
1548930429.221622,0
1548930429.236372,0
1548930429.251042,0
1548930429.265915,0
1548930429.281242,0
1548930429.296127,0
1548930429.311188,0
1548930429.326067,0
1548930429.340884,0
1548930429.355691,0
1548930429.370443,0
1548930429.385239,0
1548930429.400078,0
1548930429.414861,0
1548930429.429559,0
1548930429.444291,0
1548930429.459301,0
1548930429.474208,0
1548930429.489120,0
1548930429.503929,0
1548930429.518632,0
1548930429.533280,0
1548930429.547997,0
1548930429.562723,0
1548930429.577439,0
1548930429.592151,0
1548930429.606834,0
1548930429.621561,0
1548930429.636408,0
1548930429.651173,0
1548930429.666150,0
1548930429.680888,0
1548930429.695541,0
1548930429.710310,0
1548930429.724908,0
1548930429.739603,0
1548930429.754394,0
1548930429.769238,0
1548930429.783976,0
1548930429.798738,0
1548930429.813518,0
1548930429.828300,0
1548930429.843121,0
1548930429.858026,0
1548930429.872795,0
1548930429.887518,0
1548930429.902400,0
1548930429.917182,0
1548930429.932028,0
1548930429.946782,0
1548930429.961487,0
1548930429.976169,0
1548930429.990934,0
1548930430.005644,0
1548930430.020375,0
1548930430.035007,0
1548930430.049651,0
1548930430.064405,0
1548930430.079086,0
1548930430.093819,0
1548930430.108751,0
1548930430.123597,0
1548930430.138268,0
1548930430.152920,0
1548930430.167843,0
1548930430.182697,0
1548930430.197472,0
1548930430.212212,0
1548930430.226928,0
1548930430.241632,0
1548930430.256378,0
1548930430.271181,0
1548930430.285862,0
1548930430.300548,0
1548930430.315372,0
1548930430.330115,0
1548930430.344941,0
1548930430.359598,0
1548930430.375071,0
1548930430.389900,0
1548930430.404806,0
1548930430.419627,0
1548930430.434410,0
1548930430.449179,0
1548930430.463983,0
1548930430.478791,0
1548930430.493542,0
1548930430.508305,0
1548930430.522990,0
1548930430.537761,0
1548930430.552405,0
1548930430.567290,0
1548930430.582062,0
1548930430.596770,0
1548930430.611520,0
1548930430.626382,0
1548930430.641064,0
1548930430.655982,0
1548930430.670780,0
1548930430.685509,0
1548930430.700184,0
1548930430.714920,0
1548930430.729583,0
1548930430.744263,0
1548930430.759024,0
1548930430.773734,0
1548930430.788372,0
1548930430.802974,0
1548930430.817598,0
1548930430.832505,0
1548930430.847209,0
1548930430.861916,0
1548930430.876608,0
1548930430.891316,0
1548930430.906090,0
1548930430.920806,0
1548930430.935429,0
1548930430.950180,0
1548930430.964815,0
1548930430.979447,0
1548930430.994162,0
1548930431.008835,0
1548930431.023474,0
1548930431.038193,0
1548930431.052858,0
1548930431.067562,0
1548930431.082289,0
1548930431.096958,0
1548930431.111896,0
1548930431.126842,0
1548930431.141666,0
1548930431.155581,0
1548930431.169857,0
1548930431.184622,0
1548930431.199525,0
1548930431.214400,0
1548930431.229166,0
1548930431.243902,0
1548930431.258630,0
1548930431.273321,0
1548930431.287978,0
1548930431.302707,0
1548930431.317386,0
1548930431.332064,0
1548930431.346768,0
1548930431.361491,0
1548930431.376194,0
1548930431.390967,0
1548930431.405810,0
1548930431.420553,0
1548930431.435283,0
1548930431.450137,0
1548930431.464914,0
1548930431.479601,0
1548930431.494303,0
1548930431.509173,0
1548930431.524067,0
1548930431.538842,0
1548930431.553609,0
1548930431.568554,0
1548930431.583390,0
1548930431.598120,0
1548930431.612790,0
1548930431.627490,0
1548930431.642244,0
1548930431.656947,0
1548930431.671759,0
1548930431.686436,0
1548930431.701081,0
1548930431.715778,0
1548930431.730398,0
1548930431.745113,0
1548930431.759902,0
1548930431.774696,0
1548930431.789477,0
1548930431.804229,0
1548930431.818959,0
1548930431.833764,0
1548930431.848491,0
1548930431.863197,0
1548930431.878021,0
1548930431.892828,0
1548930431.907732,0
1548930431.922517,0
1548930431.937434,0
1548930431.952532,0
1548930431.967293,0
1548930431.982110,0
1548930431.996905,0
1548930432.011604,0
1548930432.026293,0
1548930432.040974,0
1548930432.055732,0
1548930432.070460,0
1548930432.085331,0
1548930432.100101,0
1548930432.114871,0
1548930432.129624,0
1548930432.144310,0
1548930432.159137,0
1548930432.174044,0
1548930432.188669,0
1548930432.203355,0
1548930432.218149,0
1548930432.233112,0
1548930432.247917,0
1548930432.262735,0
1548930432.277595,0
1548930432.292328,0
1548930432.307106,0
1548930432.321886,0
1548930432.336617,0
1548930432.352050,0
1548930432.366873,0
1548930432.381564,0
1548930432.396264,0
1548930432.411075,0
1548930432.425663,0
1548930432.440427,0
1548930432.455133,0
1548930432.469906,0
1548930432.484689,0
1548930432.499486,0
1548930432.514403,0
1548930432.529104,0
1548930432.543820,0
1548930432.558452,0
1548930432.573270,0
1548930432.587940,0
1548930432.602635,0
1548930432.617238,0
1548930432.631968,0
1548930432.646656,0
1548930432.661470,0
1548930432.676162,0
1548930432.690894,0
1548930432.705573,0
1548930432.720292,0
1548930432.734966,0
1548930432.750665,0
1548930432.765448,0
1548930432.780194,0
1548930432.794950,0
1548930432.809649,0
1548930432.824365,0
1548930432.839042,0
1548930432.853805,0
1548930432.868517,0
1548930432.883332,0
1548930432.898109,0
1548930432.912969,0
1548930432.927739,0
1548930432.942435,0
1548930432.957186,0
1548930432.971931,0
1548930432.986636,0
1548930433.001567,0
1548930433.016384,0
1548930433.031289,0
1548930433.046042,0
1548930433.060649,0
1548930433.075532,0
1548930433.090369,0
1548930433.105151,0
1548930433.119895,0
1548930433.134613,0
1548930433.149275,0
1548930433.164013,0
1548930433.178740,0
1548930433.193364,0
1548930433.208105,0
1548930433.222752,0
1548930433.237542,0
1548930433.252234,0
1548930433.266974,0
1548930433.281605,0
1548930433.296393,0
1548930433.311085,0
1548930433.325822,0
1548930433.340477,0
1548930433.355551,0
1548930433.370809,0
1548930433.384898,0
1548930433.399291,0
1548930433.413726,0
1548930433.428388,0
1548930433.443053,0
1548930433.457842,0
1548930433.472537,0
1548930433.487283,0
1548930433.501966,0
1548930433.516688,0
1548930433.531359,0
1548930433.546004,0
1548930433.560523,0
1548930433.575138,0
1548930433.589782,0
1548930433.604471,0
1548930433.619127,0
1548930433.633759,0
1548930433.648432,0
1548930433.663087,0
1548930433.677895,0
1548930433.692452,0
1548930433.707006,0
1548930433.721674,0
1548930433.736321,0
1548930433.751009,0
1548930433.765768,0
1548930433.780464,0
1548930433.795137,0
1548930433.809867,0
1548930433.824487,0
1548930433.839265,0
1548930433.853909,0
1548930433.868587,0
1548930433.883332,0
1548930433.898000,0
1548930433.912805,0
1548930433.927399,0
1548930433.942139,0
1548930433.956736,0
1548930433.971438,0
1548930433.986166,0
1548930434.000908,0
1548930434.015594,0
1548930434.030303,0
1548930434.044965,0
1548930434.059603,0
1548930434.074321,0
1548930434.088972,0
1548930434.103592,0
1548930434.118352,0
1548930434.133073,0
1548930434.147754,0
1548930434.162451,0
1548930434.177115,0
1548930434.191845,0
1548930434.206459,0
1548930434.221077,0
1548930434.235835,0
1548930434.250558,0
1548930434.265274,0
1548930434.279924,0
1548930434.294574,0
1548930434.309233,0
1548930434.323948,0
1548930434.338580,0
1548930434.353219,0
1548930434.367902,0
1548930434.382556,0
1548930434.397282,0
1548930434.412260,0
1548930434.427044,0
1548930434.441646,0
1548930434.456379,0
1548930434.471063,0
1548930434.485884,0
1548930434.500601,0
1548930434.515361,0
1548930434.530062,0
1548930434.544837,0
1548930434.559487,0
1548930434.574163,0
1548930434.588859,0
1548930434.603501,0
1548930434.618245,0
1548930434.632857,0
1548930434.647542,0
1548930434.662220,0
1548930434.676914,0
1548930434.691600,0
1548930434.706292,0
1548930434.720957,0
1548930434.735664,0
1548930434.750557,0
1548930434.765244,0
1548930434.780000,0
1548930434.794657,0
1548930434.809261,0
1548930434.823886,0
1548930434.838691,0
1548930434.853320,0
1548930434.868025,0
1548930434.882647,0
1548930434.897304,0
1548930434.912512,0
1548930434.927672,0
1548930434.942569,0
1548930434.957417,0
1548930434.972160,0
1548930434.986925,0
1548930435.001879,0
1548930435.015604,0
1548930435.029933,0
1548930435.044483,0
1548930435.059265,0
1548930435.074031,0
1548930435.088802,0
1548930435.103468,0
1548930435.118276,0
1548930435.132734,0
1548930435.147423,0
1548930435.162123,0
1548930435.176890,0
1548930435.191633,0
1548930435.206351,0
1548930435.221095,0
1548930435.235778,0
1548930435.250552,0
1548930435.265298,0
1548930435.280041,0
1548930435.294711,0
1548930435.309416,0
1548930435.324198,0
1548930435.338873,0
1548930435.353527,0
1548930435.368161,0
1548930435.382913,0
1548930435.397596,0
1548930435.412336,0
1548930435.427103,0
1548930435.441934,0
1548930435.456631,0
1548930435.471495,0
1548930435.486311,0
1548930435.500973,0
1548930435.515740,0
1548930435.530343,0
1548930435.544982,0
1548930435.559609,0
1548930435.574342,0
1548930435.589027,0
1548930435.603742,0
1548930435.618379,0
1548930435.633067,0
1548930435.647705,0
1548930435.662327,0
1548930435.677064,0
1548930435.691757,0
1548930435.706404,0
1548930435.720956,0
1548930435.735682,0
1548930435.750356,0
1548930435.765128,0
1548930435.779780,0
1548930435.794428,0
1548930435.809103,0
1548930435.823770,0
1548930435.838622,0
1548930435.853301,0
1548930435.868051,0
1548930435.883512,0
1548930435.898636,0
1548930435.913766,0
1548930435.928808,0
1548930435.943623,0
1548930435.958420,0
1548930435.973244,0
1548930435.988080,0
1548930436.002932,0
1548930436.017834,0
1548930436.032596,0
1548930436.047386,0
1548930436.062207,0
1548930436.077030,0
1548930436.091822,0
1548930436.106615,0
1548930436.121488,0
1548930436.136296,0
1548930436.151172,0
1548930436.165949,0
1548930436.180799,0
1548930436.195493,0
1548930436.210312,0
1548930436.224930,0
1548930436.239726,0
1548930436.254458,0
1548930436.269178,0
1548930436.283867,0
1548930436.298667,0
1548930436.313420,0
1548930436.328197,0
1548930436.342924,0
1548930436.357773,0
1548930436.372577,0
1548930436.387247,0
1548930436.402003,0
1548930436.416636,0
1548930436.431379,0
1548930436.446159,0
1548930436.460909,0
1548930436.475627,0
1548930436.490333,0
1548930436.505036,0
1548930436.519765,0
1548930436.534496,0
1548930436.549202,0
1548930436.563953,0
1548930436.578710,0
1548930436.593479,0
1548930436.608110,0
1548930436.622835,0
1548930436.637514,0
1548930436.652188,0
1548930436.666880,0
1548930436.681813,0
1548930436.696487,0
1548930436.711206,0
1548930436.725885,0
1548930436.740593,0
1548930436.755388,0
1548930436.770091,0
1548930436.784822,0
1548930436.799535,0
1548930436.814378,0
1548930436.829009,0
1548930436.843815,0
1548930436.858535,0
1548930436.873316,0
1548930436.887993,0
1548930436.902769,0
1548930436.917568,0
1548930436.932283,0
1548930436.947001,0
1548930436.961645,0
1548930436.976493,0
1548930436.991095,0
1548930437.005748,0
1548930437.020381,0
1548930437.035049,0
1548930437.049746,0
1548930437.064421,0
1548930437.079138,0
1548930437.093891,0
1548930437.108544,0
1548930437.123338,0
1548930437.138200,0
1548930437.152860,0
1548930437.167638,0
1548930437.182272,0
1548930437.197014,0
1548930437.211647,0
1548930437.226331,0
1548930437.241015,0
1548930437.255780,0
1548930437.270682,0
1548930437.285484,0
1548930437.300204,0
1548930437.314816,0
1548930437.329646,0
1548930437.344362,0
1548930437.359132,0
1548930437.373809,0
1548930437.388640,0
1548930437.403410,0
1548930437.418207,0
1548930437.432965,0
1548930437.447736,0
1548930437.462518,0
1548930437.477337,0
1548930437.492075,0
1548930437.506743,0
1548930437.521497,0
1548930437.536131,0
1548930437.550894,0
1548930437.565562,0
1548930437.580272,0
1548930437.595027,0
1548930437.610239,0
1548930437.625255,0
1548930437.640123,0
1548930437.654961,0
1548930437.669895,0
1548930437.684674,0
1548930437.699473,0
1548930437.714277,0
1548930437.729157,0
1548930437.743932,0
1548930437.758650,0
1548930437.773569,0
1548930437.788294,0
1548930437.803072,0
1548930437.817668,0
1548930437.832501,0
1548930437.847220,0
1548930437.862043,0
1548930437.876856,0
1548930437.891604,0
1548930437.906362,0
1548930437.921249,0
1548930437.936022,0
1548930437.950831,0
1548930437.965595,0
1548930437.980371,0
1548930437.995167,0
1548930438.009871,0
1548930438.024713,0
1548930438.039440,0
1548930438.054317,0
1548930438.068992,0
1548930438.083813,0
1548930438.098583,0
1548930438.113494,0
1548930438.128339,0
1548930438.143090,0
1548930438.157894,0
1548930438.172675,0
1548930438.187604,0
1548930438.202367,0
1548930438.217242,0
1548930438.231685,0
1548930438.246487,0
1548930438.261182,0
1548930438.276016,0
1548930438.290742,0
1548930438.305502,0
1548930438.320246,0
1548930438.334970,0
1548930438.349852,0
1548930438.364699,0
1548930438.379440,0
1548930438.394606,0
1548930438.409516,0
1548930438.424242,0
1548930438.439000,0
1548930438.453747,0
1548930438.468541,0
1548930438.483203,0
1548930438.497951,0
1548930438.512660,0
1548930438.527417,0
1548930438.542205,0
1548930438.556905,0
1548930438.571670,0
1548930438.586461,0
1548930438.601237,0
1548930438.616222,0
1548930438.631000,0
1548930438.645837,0
1548930438.660684,0
1548930438.675445,0
1548930438.690324,0
1548930438.705049,0
1548930438.719902,0
1548930438.734580,0
1548930438.749420,0
1548930438.764189,0
1548930438.779035,0
1548930438.793998,0
1548930438.808803,0
1548930438.823659,0
1548930438.838705,0
1548930438.853483,0
1548930438.868308,0
1548930438.883092,0
1548930438.898001,0
1548930438.912783,0
1548930438.927593,0
1548930438.942604,0
1548930438.957469,0
1548930438.972385,0
1548930438.987226,0
1548930439.002120,0
1548930439.016794,0
1548930439.031594,0
1548930439.046457,0
1548930439.061208,0
1548930439.075990,0
1548930439.090793,0
1548930439.105571,0
1548930439.120558,0
1548930439.135364,0
1548930439.150327,0
1548930439.165104,0
1548930439.179959,0
1548930439.194718,0
1548930439.209483,0
1548930439.224379,0
1548930439.239129,0
1548930439.253936,0
1548930439.268654,0
1548930439.283483,0
1548930439.298246,0
1548930439.313001,0
1548930439.327744,0
1548930439.342553,0
1548930439.357302,0
1548930439.372184,0
1548930439.386983,0
1548930439.401856,0
1548930439.416634,0
1548930439.431406,0
1548930439.446339,0
1548930439.461136,0
1548930439.476028,0
1548930439.490761,0
1548930439.505793,0
1548930439.520433,0
1548930439.535204,0
1548930439.549913,0
1548930439.564672,0
1548930439.579308,0
1548930439.594048,0
1548930439.608617,0
1548930439.623372,0
1548930439.638024,0
1548930439.652665,0
1548930439.667411,0
1548930439.682024,0
1548930439.696690,0
1548930439.711336,0
1548930439.726064,0
1548930439.740703,0
1548930439.755365,0
1548930439.770090,0
1548930439.784779,0
1548930439.799404,0
1548930439.814125,0
1548930439.828840,0
1548930439.843503,0
1548930439.858360,0
1548930439.873001,0
1548930439.887760,0
1548930439.902485,0
1548930439.918060,0
1548930439.932872,0
1548930439.947598,0
1548930439.962331,0
1548930439.977070,0
1548930439.991730,0
1548930440.006437,0
1548930440.021172,0
1548930440.035794,0
1548930440.050583,0
1548930440.065305,0
1548930440.080232,0
1548930440.094986,0
1548930440.109805,0
1548930440.124980,0
1548930440.139782,0
1548930440.154543,0
1548930440.170614,0
1548930440.183814,0
1548930440.197236,0
1548930440.211837,0
1548930440.226486,0
1548930440.241389,0
1548930440.255970,0
1548930440.270739,0
1548930440.285565,0
1548930440.300289,0
1548930440.315056,0
1548930440.329915,0
1548930440.344793,0
1548930440.359627,0
1548930440.374471,0
1548930440.389191,0
1548930440.403956,0
1548930440.418598,0
1548930440.432383,0
1548930440.446585,0
1548930440.461124,0
1548930440.475852,0
1548930440.490566,0
1548930440.505331,0
1548930440.520086,0
1548930440.534810,0
1548930440.549471,0
1548930440.564316,0
1548930440.578923,0
1548930440.593593,0
1548930440.608247,0
1548930440.623041,0
1548930440.637889,0
1548930440.652638,0
1548930440.667380,0
1548930440.682266,0
1548930440.697325,0
1548930440.712128,0
1548930440.726867,0
1548930440.741527,0
1548930440.756499,0
1548930440.771278,0
1548930440.786181,0
1548930440.800801,0
1548930440.815573,0
1548930440.830175,0
1548930440.844897,0
1548930440.859587,0
1548930440.874318,0
1548930440.889054,0
1548930440.903796,0
1548930440.918493,0
1548930440.933240,0
1548930440.947999,0
1548930440.962698,0
1548930440.977449,0
1548930440.992049,0
1548930441.006864,0
1548930441.021242,0
1548930441.036034,0
1548930441.050724,0
1548930441.065457,0
1548930441.080138,0
1548930441.094859,0
1548930441.109487,0
1548930441.124207,0
1548930441.138997,0
1548930441.153604,0
1548930441.168558,0
1548930441.183195,0
1548930441.198236,0
1548930441.213046,0
1548930441.227854,0
1548930441.242506,0
1548930441.257147,0
1548930441.271862,0
1548930441.286738,0
1548930441.301345,0
1548930441.316678,0
1548930441.331101,0
1548930441.345956,0
1548930441.359356,0
1548930441.373610,0
1548930441.388665,0
1548930441.403136,0
1548930441.417087,0
1548930441.431654,0
1548930441.444386,0
1548930441.457604,0
1548930441.470963,0
1548930441.484327,0
1548930441.497610,0
1548930441.510400,0
1548930441.523216,0
1548930441.536406,0
1548930441.550107,0
1548930441.563355,0
1548930441.576689,0
1548930441.589945,0
1548930441.603060,0
1548930441.616603,0
1548930441.630052,0
1548930441.643413,0
1548930441.657150,0
1548930441.671699,0
1548930441.686007,0
1548930441.700098,0
1548930441.714156,0
1548930441.728712,0
1548930441.742781,0
1548930441.756195,0
1548930441.770009,0
1548930441.784204,0
1548930441.798388,0
1548930441.811986,0
1548930441.825968,0
1548930441.840804,0
1548930441.855459,0
1548930441.869644,0
1548930441.884385,0
1548930441.898928,0
1548930441.914386,0
1548930441.928144,0
1548930441.942605,0
1548930441.957439,0
1548930441.971614,0
1548930441.986490,0
1548930442.001973,0
1548930442.016650,0
1548930442.031628,0
1548930442.046896,0
1548930442.060117,0
1548930442.073468,0
1548930442.086660,0
1548930442.099985,0
1548930442.112961,0
1548930442.125917,0
1548930442.138835,0
1548930442.152761,0
1548930442.166847,0
1548930442.180493,0
1548930442.193653,0
1548930442.206958,0
1548930442.220903,0
1548930442.234900,0
1548930442.249048,0
1548930442.263365,0
1548930442.277466,0
1548930442.292165,0
1548930442.306871,0
1548930442.321494,0
1548930442.336222,0
1548930442.350925,0
1548930442.365647,0
1548930442.380372,0
1548930442.395055,0
1548930442.409749,0
1548930442.424458,0
1548930442.439199,0
1548930442.453869,0
1548930442.468662,0
1548930442.483973,0
1548930442.498805,0
1548930442.513516,0
1548930442.528224,0
1548930442.543277,0
1548930442.558015,0
1548930442.572953,0
1548930442.587989,0
1548930442.603395,0
1548930442.618148,0
1548930442.632216,0
1548930442.646212,0
1548930442.660909,0
1548930442.675599,0
1548930442.689623,0
1548930442.703838,0
1548930442.718760,0
1548930442.733314,0
1548930442.747125,0
1548930442.761460,0
1548930442.774376,0
1548930442.787228,0
1548930442.800438,0
1548930442.813477,0
1548930442.826546,0
1548930442.839701,0
1548930442.852842,0
1548930442.866388,0
1548930442.879475,0
1548930442.892934,0
1548930442.906267,0
1548930442.920296,0
1548930442.935059,0
1548930442.950726,0
1548930442.963954,0
1548930442.976894,0
1548930442.989697,0
1548930443.002506,0
1548930443.015728,0
1548930443.028685,0
1548930443.041938,0
1548930443.055174,0
1548930443.068601,0
1548930443.082043,0
1548930443.095090,0
1548930443.108375,0
1548930443.122390,0
1548930443.137237,0
1548930443.152110,0
1548930443.167151,0
1548930443.182081,0
1548930443.196961,0
1548930443.212044,0
1548930443.226769,0
1548930443.241576,0
1548930443.256278,0
1548930443.271391,0
1548930443.286147,0
1548930443.300895,0
1548930443.315543,0
1548930443.330210,0
1548930443.345017,0
1548930443.359580,0
1548930443.374331,0
1548930443.388856,0
1548930443.403680,0
1548930443.418345,0
1548930443.433087,0
1548930443.448503,0
1548930443.462499,0
1548930443.477057,0
1548930443.491963,0
1548930443.506499,0
1548930443.519641,0
1548930443.532896,0
1548930443.546093,0
1548930443.558833,0
1548930443.571289,0
1548930443.583479,0
1548930443.595767,0
1548930443.607974,0
1548930443.620264,0
1548930443.632666,0
1548930443.645030,0
1548930443.657485,0
1548930443.669927,0
1548930443.682379,0
1548930443.696232,0
1548930443.711131,0
1548930443.725935,0
1548930443.740682,0
1548930443.755394,0
1548930443.769786,0
1548930443.784509,0
1548930443.798855,0
1548930443.812172,0
1548930443.825951,0
1548930443.838817,0
1548930443.851322,0
1548930443.863592,0
1548930443.876146,0
1548930443.888525,0
1548930443.901291,0
1548930443.913770,0
1548930443.926300,0
1548930443.939078,0
1548930443.951685,0
1548930443.964231,0
1548930443.977556,0
1548930443.991369,0
1548930444.005481,0
1548930444.020243,0
1548930444.034904,0
1548930444.049631,0
1548930444.064410,0
1548930444.079610,0
1548930444.094480,0
1548930444.109904,0
1548930444.124679,0
1548930444.139566,0
1548930444.154180,0
1548930444.169033,0
1548930444.183822,0
1548930444.198688,0
1548930444.213474,0
1548930444.228403,0
1548930444.243575,0
1548930444.258330,0
1548930444.273456,0
1548930444.288332,0
1548930444.303427,0
1548930444.318270,0
1548930444.333483,0
1548930444.348397,0
1548930444.363330,0
1548930444.378461,0
1548930444.393278,0
1548930444.408355,0
1548930444.423137,0
1548930444.437861,0
1548930444.452651,0
1548930444.467729,0
1548930444.482829,0
1548930444.497598,0
1548930444.512519,0
1548930444.527250,0
1548930444.541990,0
1548930444.556697,0
1548930444.571497,0
1548930444.586279,0
1548930444.601020,0
1548930444.615706,0
1548930444.630405,0
1548930444.645084,0
1548930444.659742,0
1548930444.674475,0
1548930444.689083,0
1548930444.703972,0
1548930444.718584,0
1548930444.733290,0
1548930444.747992,0
1548930444.762729,0
1548930444.777923,0
1548930444.792927,0
1548930444.807667,0
1548930444.822366,0
1548930444.837036,0
1548930444.851796,0
1548930444.866515,0
1548930444.881230,0
1548930444.896143,0
1548930444.911120,0
1548930444.925923,0
1548930444.940559,0
1548930444.955299,0
1548930444.970383,0
1548930444.985145,0
1548930445.000168,0
1548930445.015049,0
1548930445.030113,0
1548930445.045079,0
1548930445.059933,0
1548930445.075015,0
1548930445.089768,0
1548930445.104795,0
1548930445.119634,0
1548930445.134786,0
1548930445.149565,0
1548930445.164369,0
1548930445.179098,0
1548930445.193939,0
1548930445.209498,0
1548930445.224833,0
1548930445.237670,0
1548930445.250767,0
1548930445.264065,0
1548930445.277846,0
1548930445.290610,0
1548930445.303142,0
1548930445.315492,0
1548930445.327886,0
1548930445.340292,0
1548930445.352693,0
1548930445.365192,0
1548930445.377630,0
1548930445.391046,0
1548930445.404986,0
1548930445.419523,0
1548930445.434652,0
1548930445.449499,0
1548930445.464489,0
1548930445.479672,0
1548930445.494567,0
1548930445.509631,0
1548930445.524351,0
1548930445.539419,0
1548930445.554445,0
1548930445.569655,0
1548930445.584500,0
1548930445.599723,0
1548930445.614511,0
1548930445.629277,0
1548930445.643969,0
1548930445.658706,0
1548930445.673906,0
1548930445.688818,0
1548930445.703504,0
1548930445.718278,0
1548930445.732956,0
1548930445.747636,0
1548930445.762423,0
1548930445.777109,0
1548930445.792073,0
1548930445.806713,0
1548930445.821440,0
1548930445.836097,0
1548930445.850858,0
1548930445.865605,0
1548930445.880419,0
1548930445.895134,0
1548930445.909864,0
1548930445.924541,0
1548930445.939274,0
1548930445.953907,0
1548930445.968542,0
1548930445.983334,0
1548930445.997971,0
1548930446.012662,0
1548930446.027331,0
1548930446.042106,0
1548930446.056886,0
1548930446.071650,0
1548930446.086303,0
1548930446.101425,0
1548930446.116191,0
1548930446.131042,0
1548930446.145800,0
1548930446.160654,0
1548930446.175763,0
1548930446.189926,0
1548930446.204359,0
1548930446.219016,0
1548930446.233480,0
1548930446.247573,0
1548930446.262310,0
1548930446.277233,0
1548930446.291925,0
1548930446.306027,0
1548930446.320807,0
1548930446.335310,0
1548930446.349432,0
1548930446.363712,0
1548930446.378217,0
1548930446.394320,0
1548930446.407859,0
1548930446.420606,0
1548930446.433444,0
1548930446.446054,0
1548930446.458380,0
1548930446.471171,0
1548930446.483685,0
1548930446.496093,0
1548930446.508617,0
1548930446.521052,0
1548930446.533500,0
1548930446.546805,0
1548930446.561281,0
1548930446.576557,0
1548930446.591346,0
1548930446.605408,0
1548930446.618933,0
1548930446.633527,0
1548930446.648636,0
1548930446.662664,0
1548930446.677547,0
1548930446.692424,0
1548930446.707615,0
1548930446.722669,0
1548930446.737414,0
1548930446.752451,0
1548930446.767261,0
1548930446.782370,0
1548930446.797287,0
1548930446.812047,0
1548930446.826757,0
1548930446.842288,0
1548930446.857280,0
1548930446.871937,0
1548930446.886714,0
1548930446.901463,0
1548930446.916161,0
1548930446.930857,0
1548930446.945416,0
1548930446.960176,0
1548930446.974775,0
1548930446.989458,0
1548930447.004032,0
1548930447.018767,0
1548930447.033462,0
1548930447.048181,0
1548930447.062953,0
1548930447.077889,0
1548930447.092897,0
1548930447.107389,0
1548930447.120733,0
1548930447.134415,0
1548930447.148389,0
1548930447.163008,0
1548930447.177621,0
1548930447.191648,0
1548930447.207032,0
1548930447.221761,0
1548930447.237460,0
1548930447.252469,0
1548930447.265278,0
1548930447.278138,0
1548930447.291054,0
1548930447.304558,0
1548930447.318815,0
1548930447.332194,0
1548930447.345348,0
1548930447.358468,0
1548930447.372410,0
1548930447.386680,0
1548930447.401521,0
1548930447.416856,0
1548930447.430152,0
1548930447.443219,0
1548930447.456388,0
1548930447.469204,0
1548930447.482347,0
1548930447.495442,0
1548930447.509013,0
1548930447.521988,0
1548930447.535625,0
1548930447.548871,0
1548930447.562073,0
1548930447.576579,0
1548930447.591398,0
1548930447.605882,0
1548930447.620663,0
1548930447.634535,0
1548930447.648356,0
1548930447.663156,0
1548930447.677851,0
1548930447.692598,0
1548930447.707369,0
1548930447.722140,0
1548930447.736852,0
1548930447.751455,0
1548930447.766305,0
1548930447.780928,0
1548930447.795744,0
1548930447.810445,0
1548930447.825176,0
1548930447.839833,0
1548930447.854587,0
1548930447.869304,0
1548930447.884026,0
1548930447.898754,0
1548930447.913421,0
1548930447.928168,0
1548930447.942901,0
1548930447.957645,0
1548930447.972256,0
1548930447.986953,0
1548930448.001582,0
1548930448.016251,0
1548930448.030936,0
1548930448.045621,0
1548930448.060371,0
1548930448.075092,0
1548930448.089815,0
1548930448.104835,0
1548930448.119608,0
1548930448.134253,0
1548930448.149030,0
1548930448.163625,0
1548930448.178427,0
1548930448.193120,0
1548930448.207849,0
1548930448.222523,0
1548930448.237239,0
1548930448.251611,0
1548930448.265325,0
1548930448.279122,0
1548930448.293138,0
1548930448.307783,0
1548930448.322074,0
1548930448.335386,0
1548930448.349447,0
1548930448.364027,0
1548930448.378340,0
1548930448.392159,0
1548930448.406187,0
1548930448.420574,0
1548930448.433747,0
1548930448.447042,0
1548930448.460138,0
1548930448.473878,0
1548930448.486811,0
1548930448.499738,0
1548930448.512624,0
1548930448.525845,0
1548930448.539766,0
1548930448.553045,0
1548930448.566119,0
1548930448.579308,0
1548930448.592821,0
1548930448.607433,0
1548930448.622180,0
1548930448.637330,0
1548930448.650703,0
1548930448.664095,0
1548930448.677193,0
1548930448.690437,0
1548930448.703624,0
1548930448.716558,0
1548930448.729301,0
1548930448.741785,0
1548930448.754282,0
1548930448.766748,0
1548930448.780192,0
1548930448.794387,0
1548930448.808856,0
1548930448.823492,0
1548930448.837276,0
1548930448.851527,0
1548930448.866460,0
1548930448.880586,0
1548930448.894464,0
1548930448.909256,0
1548930448.923910,0
1548930448.937601,0
1548930448.952021,0
1548930448.966950,0
1548930448.981578,0
1548930448.995665,0
1548930449.010163,0
1548930449.025211,0
1548930449.039146,0
1548930449.052593,0
1548930449.066153,0
1548930449.079156,0
1548930449.092030,0
1548930449.105153,0
1548930449.118414,0
1548930449.131993,0
1548930449.144901,0
1548930449.158216,0
1548930449.171385,0
1548930449.184906,0
1548930449.198537,0
1548930449.212864,0
1548930449.227052,0
1548930449.241584,0
1548930449.256247,0
1548930449.270112,0
1548930449.284492,0
1548930449.299553,0
1548930449.313866,0
1548930449.328156,0
1548930449.342939,0
1548930449.358009,0
1548930449.372029,0
1548930449.387182,0
1548930449.400150,0
1548930449.415249,0
1548930449.428806,0
1548930449.441587,0
1548930449.454439,0
1548930449.467199,0
1548930449.480015,0
1548930449.493037,0
1548930449.505906,0
1548930449.519096,0
1548930449.532314,0
1548930449.545357,0
1548930449.557904,0
1548930449.570541,0
1548930449.583011,0
1548930449.596687,0
1548930449.610614,0
1548930449.624950,0
1548930449.639813,0
1548930449.654513,0
1548930449.669200,0
1548930449.683914,0
1548930449.698587,0
1548930449.713767,0
1548930449.728499,0
1548930449.743189,0
1548930449.757966,0
1548930449.773113,0
1548930449.787997,0
1548930449.803224,0
1548930449.818154,0
1548930449.833054,0
1548930449.848111,0
1548930449.862926,0
1548930449.878041,0
1548930449.892762,0
1548930449.907847,0
1548930449.922547,0
1548930449.937572,0
1548930449.952371,0
1548930449.966950,0
1548930449.981550,0
1548930449.996173,0
1548930450.010902,0
1548930450.025626,0
1548930450.040348,0
1548930450.055078,0
1548930450.070189,0
1548930450.084942,0
1548930450.099803,0
1548930450.114790,0
1548930450.129509,0
1548930450.144237,0
1548930450.158919,0
1548930450.173809,0
1548930450.188436,0
1548930450.203133,0
1548930450.217839,0
1548930450.232843,0
1548930450.247858,0
1548930450.262663,0
1548930450.278321,0
1548930450.292310,0
1548930450.306947,0
1548930450.321660,0
1548930450.336032,0
1548930450.350544,0
1548930450.366164,0
1548930450.379798,0
1548930450.392765,0
1548930450.405905,0
1548930450.418807,0
1548930450.431799,0
1548930450.444654,0
1548930450.458105,0
1548930450.471540,0
1548930450.485424,0
1548930450.499011,0
1548930450.512230,0
1548930450.526396,0
1548930450.540129,0
1548930450.554906,0
1548930450.569891,0
1548930450.585064,0
1548930450.598801,0
1548930450.612982,0
1548930450.625734,0
1548930450.638614,0
1548930450.651884,0
1548930450.666012,0
1548930450.679256,0
1548930450.692225,0
1548930450.705107,0
1548930450.717898,0
1548930450.731193,0
1548930450.744457,0
1548930450.757510,0
1548930450.769956,0
1548930450.782203,0
1548930450.794520,0
1548930450.806936,0
1548930450.819340,0
1548930450.831718,0
1548930450.844124,0
1548930450.856622,0
1548930450.869314,0
1548930450.883612,0
1548930450.898059,0
1548930450.912722,0
1548930450.927455,0
1548930450.942533,0
1548930450.957386,0
1548930450.972095,0
1548930450.987129,0
1548930451.001939,0
1548930451.017056,0
1548930451.031800,0
1548930451.047014,0
1548930451.061336,0
1548930451.075140,0
1548930451.089094,0
1548930451.102015,0
1548930451.114776,0
1548930451.127691,0
1548930451.140616,0
1548930451.153931,0
1548930451.167166,0
1548930451.180473,0
1548930451.193817,0
1548930451.207012,0
1548930451.219554,0
1548930451.233778,0
1548930451.248065,0
1548930451.262466,0
1548930451.275573,0
1548930451.289815,0
1548930451.305033,0
1548930451.319266,0
1548930451.332936,0
1548930451.347624,0
1548930451.362227,0
1548930451.376212,0
1548930451.390178,0
1548930451.404543,0
1548930451.419311,0
1548930451.433621,0
1548930451.447715,0
1548930451.462329,0
1548930451.476768,0
1548930451.490651,0
1548930451.504599,0
1548930451.517321,0
1548930451.530105,0
1548930451.543316,0
1548930451.557119,0
1548930451.571167,0
1548930451.584024,0
1548930451.596730,0
1548930451.609551,0
1548930451.621945,0
1548930451.634347,0
1548930451.646733,0
1548930451.659132,0
1548930451.671604,0
1548930451.684129,0
1548930451.696640,0
1548930451.710186,0
1548930451.724509,0
1548930451.739070,0
1548930451.753862,0
1548930451.768605,0
1548930451.783323,0
1548930451.798091,0
1548930451.812829,0
1548930451.827631,0
1548930451.842363,0
1548930451.857083,0
1548930451.871675,0
1548930451.886441,0
1548930451.901048,0
1548930451.915881,0
1548930451.930482,0
1548930451.945174,0
1548930451.959842,0
1548930451.974572,0
1548930451.989313,0
1548930452.004041,0
1548930452.018631,0
1548930452.033343,0
1548930452.048041,0
1548930452.062659,0
1548930452.077460,0
1548930452.092100,0
1548930452.106856,0
1548930452.121457,0
1548930452.136202,0
1548930452.150966,0
1548930452.165654,0
1548930452.180457,0
1548930452.195372,0
1548930452.210161,0
1548930452.224864,0
1548930452.239568,0
1548930452.254165,0
1548930452.268982,0
1548930452.283661,0
1548930452.298504,0
1548930452.313154,0
1548930452.327823,0
1548930452.342484,0
1548930452.357165,0
1548930452.371860,0
1548930452.386560,0
1548930452.401282,0
1548930452.415908,0
1548930452.430666,0
1548930452.445263,0
1548930452.459979,0
1548930452.474710,0
1548930452.489447,0
1548930452.504131,0
1548930452.518830,0
1548930452.533508,0
1548930452.548197,0
1548930452.562868,0
1548930452.577498,0
1548930452.592162,0
1548930452.606744,0
1548930452.621471,0
1548930452.636022,0
1548930452.650687,0
1548930452.665384,0
1548930452.680092,0
1548930452.694904,0
1548930452.709602,0
1548930452.724364,0
1548930452.739024,0
1548930452.753667,0
1548930452.768305,0
1548930452.783175,0
1548930452.797807,0
1548930452.812585,0
1548930452.827182,0
1548930452.841922,0
1548930452.856628,0
1548930452.871317,0
1548930452.886054,0
1548930452.900741,0
1548930452.915455,0
1548930452.930129,0
1548930452.944779,0
1548930452.959340,0
1548930452.974169,0
1548930452.988767,0
1548930453.003453,0
1548930453.018088,0
1548930453.032818,0
1548930453.047462,0
1548930453.062159,0
1548930453.076799,0
1548930453.091391,0
1548930453.106054,0
1548930453.120632,0
1548930453.135481,0
1548930453.150102,0
1548930453.164741,0
1548930453.179354,0
1548930453.194085,0
1548930453.208785,0
1548930453.223484,0
1548930453.238184,0
1548930453.252862,0
1548930453.267517,0
1548930453.282123,0
1548930453.296900,0
1548930453.311497,0
1548930453.326208,0
1548930453.340763,0
1548930453.355408,0
1548930453.370122,0
1548930453.384801,0
1548930453.399388,0
1548930453.414025,0
1548930453.428668,0
1548930453.443313,0
1548930453.458105,0
1548930453.472507,0
1548930453.486083,0
1548930453.500192,0
1548930453.515056,0
1548930453.529440,0
1548930453.542905,0
1548930453.557070,0
1548930453.571594,0
1548930453.585773,0
1548930453.599916,0
1548930453.614714,0
1548930453.629597,0
1548930453.643124,0
1548930453.656435,0
1548930453.669210,0
1548930453.681600,0
1548930453.693869,0
1548930453.706505,0
1548930453.718797,0
1548930453.731249,0
1548930453.743647,0
1548930453.755996,0
1548930453.768493,0
1548930453.780938,0
1548930453.794216,0
1548930453.808402,0
1548930453.822922,0
1548930453.838029,0
1548930453.852900,0
1548930453.868231,0
1548930453.883063,0
1548930453.897926,0
1548930453.913062,0
1548930453.927871,0
1548930453.943008,0
1548930453.957771,0
1548930453.972767,0
1548930453.987461,0
1548930454.002762,0
1548930454.017420,0
1548930454.032260,0
1548930454.046904,0
1548930454.061633,0
1548930454.076643,0
1548930454.091388,0
1548930454.106182,0
1548930454.120972,0
1548930454.135791,0
1548930454.150496,0
1548930454.165193,0
1548930454.179900,0
1548930454.194603,0
1548930454.209251,0
1548930454.224041,0
1548930454.238674,0
1548930454.253473,0
1548930454.268085,0
1548930454.282735,0
1548930454.297371,0
1548930454.312065,0
1548930454.326743,0
1548930454.341418,0
1548930454.356068,0
1548930454.370697,0
1548930454.385415,0
1548930454.400020,0
1548930454.414766,0
1548930454.429352,0
1548930454.444014,0
1548930454.458693,0
1548930454.473463,0
1548930454.488616,0
1548930454.503971,0
1548930454.518528,0
1548930454.533260,0
1548930454.548015,0
1548930454.562771,0
1548930454.577837,0
1548930454.592548,0
1548930454.607609,0
1548930454.622278,0
1548930454.637347,0
1548930454.651989,0
1548930454.667129,0
1548930454.681925,0
1548930454.697000,0
1548930454.711913,0
1548930454.726649,0
1548930454.741637,0
1548930454.756371,0
1548930454.771082,0
1548930454.785766,0
1548930454.800483,0
1548930454.815222,0
1548930454.830021,0
1548930454.844747,0
1548930454.859481,0
1548930454.874553,0
1548930454.889455,0
1548930454.905013,0
1548930454.919570,0
1548930454.933884,0
1548930454.948713,0
1548930454.963260,0
1548930454.977919,0
1548930454.992742,0
1548930455.007499,0
1548930455.022223,0
1548930455.037418,0
1548930455.052432,0
1548930455.067736,0
1548930455.082412,0
1548930455.097123,0
1548930455.112225,0
1548930455.127087,0
1548930455.142186,0
1548930455.156989,0
1548930455.172092,0
1548930455.186781,0
1548930455.201834,0
1548930455.216574,0
1548930455.231374,0
1548930455.246044,0
1548930455.260806,0
1548930455.275803,0
1548930455.290610,0
1548930455.305163,0
1548930455.319867,0
1548930455.334555,0
1548930455.349386,0
1548930455.364261,0
1548930455.379007,0
1548930455.393917,0
1548930455.409165,0
1548930455.423990,0
1548930455.438967,0
1548930455.454028,0
1548930455.468919,0
1548930455.483754,0
1548930455.498551,0
1548930455.513432,0
1548930455.528551,0
1548930455.543546,0
1548930455.558357,0
1548930455.573262,0
1548930455.587916,0
1548930455.602800,0
1548930455.617476,0
1548930455.632243,0
1548930455.646938,0
1548930455.661809,0
1548930455.676581,0
1548930455.691329,0
1548930455.706494,0
1548930455.721437,0
1548930455.736185,0
1548930455.750982,0
1548930455.765936,0
1548930455.781217,0
1548930455.794428,0
1548930455.808730,0
1548930455.823881,0
1548930455.838943,0
1548930455.854192,0
1548930455.869353,0
1548930455.884418,0
1548930455.899505,0
1548930455.914667,0
1548930455.929876,0
1548930455.945061,0
1548930455.959838,0
1548930455.974715,0
1548930455.989926,0
1548930456.005236,0
1548930456.020419,0
1548930456.035675,0
1548930456.050981,0
1548930456.066188,0
1548930456.081249,0
1548930456.096536,0
1548930456.111619,0
1548930456.126625,0
1548930456.141286,0
1548930456.156063,0
1548930456.170893,0
1548930456.185585,0
1548930456.200317,0
1548930456.215100,0
1548930456.230082,0
1548930456.245146,0
1548930456.259909,0
1548930456.274944,0
1548930456.289594,0
1548930456.304567,0
1548930456.319393,0
1548930456.334335,0
1548930456.349789,0
1548930456.362707,0
1548930456.376190,0
1548930456.390427,0
1548930456.404931,0
1548930456.419700,0
1548930456.434470,0
1548930456.449342,0
1548930456.463983,0
1548930456.478703,0
1548930456.493847,0
1548930456.508661,0
1548930456.523447,0
1548930456.538233,0
1548930456.552987,0
1548930456.567897,0
1548930456.582717,0
1548930456.597552,0
1548930456.612322,0
1548930456.627316,0
1548930456.641851,0
1548930456.656908,0
1548930456.671789,0
1548930456.686457,0
1548930456.701310,0
1548930456.716128,0
1548930456.731003,0
1548930456.745820,0
1548930456.760949,0
1548930456.775789,0
1548930456.790593,0
1548930456.805362,0
1548930456.820596,0
1548930456.835407,0
1548930456.850854,0
1548930456.865880,0
1548930456.880807,0
1548930456.895961,0
1548930456.910832,0
1548930456.926034,0
1548930456.940885,0
1548930456.955912,0
1548930456.970776,0
1548930456.985941,0
1548930457.000848,0
1548930457.015476,0
1548930457.030239,0
1548930457.044973,0
1548930457.059593,0
1548930457.074610,0
1548930457.089291,0
1548930457.104843,0
1548930457.120048,0
1548930457.135756,0
1548930457.151286,0
1548930457.165923,0
1548930457.181066,0
1548930457.196482,0
1548930457.211839,0
1548930457.227248,0
1548930457.241761,0
1548930457.256541,0
1548930457.271884,0
1548930457.287100,0
1548930457.301717,0
1548930457.316526,0
1548930457.331168,0
1548930457.346049,0
1548930457.360662,0
1548930457.375288,0
1548930457.389992,0
1548930457.404673,0
1548930457.419349,0
1548930457.434072,0
1548930457.448775,0
1548930457.463658,0
1548930457.479181,0
1548930457.493508,0
1548930457.508303,0
1548930457.522891,0
1548930457.537860,0
1548930457.552891,0
1548930457.568449,0
1548930457.585048,0
1548930457.598649,0
1548930457.612991,0
1548930457.628353,0
1548930457.643239,0
1548930457.658120,0
1548930457.672728,0
1548930457.687396,0
1548930457.702067,0
1548930457.717093,0
1548930457.731757,0
1548930457.746407,0
1548930457.761019,0
1548930457.775697,0
1548930457.790338,0
1548930457.805120,0
1548930457.821464,0
1548930457.837027,0
1548930457.851856,0
1548930457.866720,0
1548930457.881119,0
1548930457.895899,0
1548930457.911221,0
1548930457.926334,0
1548930457.941909,0
1548930457.957434,0
1548930457.973257,0
1548930457.989572,0
1548930458.004508,0
1548930458.019711,0
1548930458.034468,0
1548930458.049177,0
1548930458.063955,0
1548930458.078610,0
1548930458.093260,0
1548930458.107939,0
1548930458.122675,0
1548930458.137306,0
1548930458.152120,0
1548930458.166697,0
1548930458.181342,0
1548930458.196007,0
1548930458.210671,0
1548930458.225526,0
1548930458.240407,0
1548930458.255912,0
1548930458.271729,0
1548930458.287536,0
1548930458.303506,0
1548930458.319335,0
1548930458.335125,0
1548930458.351025,0
1548930458.366930,0
1548930458.382846,0
1548930458.398702,0
1548930458.414353,0
1548930458.429633,0
1548930458.444631,0
1548930458.459297,0
1548930458.474305,0
1548930458.489458,0
1548930458.503847,0
1548930458.517205,0
1548930458.531183,0
1548930458.545619,0
1548930458.560317,0
1548930458.575163,0
1548930458.589558,0
1548930458.603898,0
1548930458.618557,0
1548930458.633254,0
1548930458.647902,0
1548930458.662860,0
1548930458.677767,0
1548930458.693111,0
1548930458.708621,0
1548930458.724289,0
1548930458.740106,0
1548930458.755938,0
1548930458.771568,0
1548930458.787490,0
1548930458.803013,0
1548930458.818578,0
1548930458.831490,0
1548930458.844324,0
1548930458.857100,0
1548930458.870322,0
1548930458.883646,0
1548930458.896427,0
1548930458.909285,0
1548930458.921649,0
1548930458.934069,0
1548930458.946533,0
1548930458.959103,0
1548930458.971628,0
1548930458.984278,0
1548930458.997847,0
1548930459.012324,0
1548930459.027208,0
1548930459.041974,0
1548930459.056731,0
1548930459.071512,0
1548930459.086369,0
1548930459.101116,0
1548930459.115897,0
1548930459.130708,0
1548930459.145405,0
1548930459.160307,0
1548930459.174936,0
1548930459.189770,0
1548930459.204401,0
1548930459.219187,0
1548930459.233873,0
1548930459.248642,0
1548930459.263437,0
1548930459.278196,0
1548930459.292791,0
1548930459.307482,0
1548930459.322175,0
1548930459.336788,0
1548930459.351567,0
1548930459.366174,0
1548930459.380935,0
1548930459.395550,0
1548930459.410211,0
1548930459.424851,0
1548930459.439537,0
1548930459.454289,0
1548930459.469007,0
1548930459.483668,0
1548930459.498638,0
1548930459.513379,0
1548930459.528069,0
1548930459.542871,0
1548930459.557512,0
1548930459.572356,0
1548930459.587066,0
1548930459.601787,0
1548930459.616485,0
1548930459.631223,0
1548930459.645336,0
1548930459.659662,0
1548930459.674371,0
1548930459.689023,0
1548930459.703778,0
1548930459.718410,0
1548930459.733239,0
1548930459.747898,0
1548930459.762717,0
1548930459.777528,0
1548930459.792307,0
1548930459.807045,0
1548930459.821907,0
1548930459.836702,0
1548930459.851469,0
1548930459.866403,0
1548930459.881209,0
1548930459.895069,0
1548930459.909363,0
1548930459.924276,0
1548930459.939047,0
1548930459.953883,0
1548930459.968626,0
1548930459.983386,0
1548930459.998225,0
1548930460.013040,0
1548930460.027809,0
1548930460.042537,0
1548930460.057259,0
1548930460.072048,0
1548930460.087000,0
1548930460.101841,0
1548930460.116772,0
1548930460.131539,0
1548930460.146520,0
1548930460.161229,0
1548930460.176023,0
1548930460.190805,0
1548930460.205576,0
1548930460.220288,0
1548930460.235101,0
1548930460.249958,0
1548930460.264787,0
1548930460.279522,0
1548930460.294370,0
1548930460.309189,0
1548930460.323920,0
1548930460.338819,0
1548930460.353525,0
1548930460.368351,0
1548930460.382971,0
1548930460.397659,0
1548930460.412401,0
1548930460.427122,0
1548930460.441927,0
1548930460.456714,0
1548930460.471629,0
1548930460.486513,0
1548930460.501379,0
1548930460.516187,0
1548930460.530913,0
1548930460.545757,0
1548930460.560668,0
1548930460.575348,0
1548930460.590239,0
1548930460.604976,0
1548930460.619859,0
1548930460.634522,0
1548930460.649396,0
1548930460.664161,0
1548930460.678958,0
1548930460.693744,0
1548930460.708545,0
1548930460.723294,0
1548930460.738114,0
1548930460.752860,0
1548930460.767453,0
1548930460.782335,0
1548930460.796932,0
1548930460.811705,0
1548930460.826337,0
1548930460.841074,0
1548930460.855798,0
1548930460.870509,0
1548930460.885199,0
1548930460.899902,0
1548930460.914649,0
1548930460.929331,0
1548930460.944019,0
1548930460.958660,0
1548930460.973403,0
1548930460.988060,0
1548930461.002981,0
1548930461.017657,0
1548930461.032414,0
1548930461.047131,0
1548930461.061861,0
1548930461.076496,0
1548930461.091143,0
1548930461.105871,0
1548930461.120501,0
1548930461.135427,0
1548930461.150094,0
1548930461.164856,0
1548930461.179388,0
1548930461.194099,0
1548930461.208732,0
1548930461.223390,0
1548930461.238161,0
1548930461.253163,0
1548930461.268695,0
1548930461.283089,0
1548930461.297997,0
1548930461.312455,0
1548930461.327152,0
1548930461.341833,0
1548930461.357314,0
1548930461.371899,0
1548930461.386685,0
1548930461.401272,0
1548930461.416049,0
1548930461.430665,0
1548930461.445377,0
1548930461.460101,0
1548930461.474824,0
1548930461.489824,0
1548930461.504684,0
1548930461.519478,0
1548930461.534220,0
1548930461.548942,0
1548930461.563565,0
1548930461.578362,0
1548930461.592920,0
1548930461.607701,0
1548930461.622323,0
1548930461.636968,0
1548930461.652418,0
1548930461.667407,0
1548930461.682346,0
1548930461.697020,0
1548930461.711675,0
1548930461.726362,0
1548930461.741158,0
1548930461.756306,0
1548930461.771074,0
1548930461.786030,0
1548930461.800794,0
1548930461.815367,0
1548930461.830198,0
1548930461.844855,0
1548930461.860225,0
1548930461.875062,0
1548930461.890223,0
1548930461.903710,0
1548930461.918457,0
1548930461.933139,0
1548930461.948329,0
1548930461.963106,0
1548930461.977764,0
1548930461.992768,0
1548930462.007512,0
1548930462.022282,0
1548930462.036905,0
1548930462.051636,0
1548930462.066184,0
1548930462.080923,0
1548930462.095500,0
1548930462.110222,0
1548930462.124858,0
1548930462.139638,0
1548930462.154373,0
1548930462.169082,0
1548930462.183785,0
1548930462.198546,0
1548930462.214466,0
1548930462.228929,0
1548930462.243101,0
1548930462.257423,0
1548930462.272043,0
1548930462.286771,0
1548930462.301451,0
1548930462.316144,0
1548930462.330846,0
1548930462.345631,0
1548930462.360436,0
1548930462.375151,0
1548930462.389796,0
1548930462.404569,0
1548930462.419597,0
1548930462.434412,0
1548930462.449020,0
1548930462.463774,0
1548930462.478439,0
1548930462.493166,0
1548930462.507970,0
1548930462.523263,0
1548930462.538035,0
1548930462.552694,0
1548930462.567429,0
1548930462.582195,0
1548930462.596870,0
1548930462.611438,0
1548930462.626761,0
1548930462.641405,0
1548930462.656523,0
1548930462.671171,0
1548930462.685985,0
1548930462.700597,0
1548930462.715444,0
1548930462.730488,0
1548930462.745323,0
1548930462.760375,0
1548930462.775105,0
1548930462.789848,0
1548930462.804529,0
1548930462.819491,0
1548930462.834343,0
1548930462.850598,0
1548930462.865768,0
1548930462.880522,0
1548930462.895244,0
1548930462.909957,0
1548930462.924747,0
1548930462.939406,0
1548930462.954059,0
1548930462.968879,0
1548930462.983475,0
1548930462.998365,0
1548930463.013933,0
1548930463.029439,0
1548930463.044049,0
1548930463.058868,0
1548930463.073532,0
1548930463.088247,0
1548930463.102863,0
1548930463.117558,0
1548930463.132241,0
1548930463.146958,0
1548930463.161808,0
1548930463.177275,0
1548930463.191960,0
1548930463.206651,0
1548930463.221350,0
1548930463.236055,0
1548930463.250913,0
1548930463.265537,0
1548930463.280393,0
1548930463.295816,0
1548930463.310662,0
1548930463.325276,0
1548930463.339994,0
1548930463.354753,0
1548930463.369492,0
1548930463.384187,0
1548930463.398879,0
1548930463.413543,0
1548930463.428206,0
1548930463.442899,0
1548930463.457439,0
1548930463.472311,0
1548930463.486893,0
1548930463.501795,0
1548930463.516904,0
1548930463.531001,0
1548930463.545046,0
1548930463.559082,0
1548930463.573607,0
1548930463.588757,0
1548930463.603601,0
1548930463.618186,0
1548930463.632876,0
1548930463.647419,0
1548930463.662175,0
1548930463.676821,0
1548930463.691969,0
1548930463.706701,0
1548930463.721630,0
1548930463.736656,0
1548930463.752147,0
1548930463.767608,0
1548930463.782700,0
1548930463.798610,0
1548930463.814128,0
1548930463.829134,0
1548930463.843978,0
1548930463.858632,0
1548930463.873533,0
1548930463.888271,0
1548930463.902933,0
1548930463.917598,0
1548930463.932260,0
1548930463.946934,0
1548930463.961497,0
1548930463.976262,0
1548930463.992528,0
1548930464.007446,0
1548930464.022084,0
1548930464.036872,0
1548930464.051442,0
1548930464.066303,0
1548930464.080905,0
1548930464.095599,0
1548930464.110129,0
1548930464.124868,0
1548930464.139662,0
1548930464.154281,0
1548930464.168925,0
1548930464.183571,0
1548930464.198239,0
1548930464.212795,0
1548930464.227646,0
1548930464.242600,0
1548930464.257447,0
1548930464.272087,0
1548930464.287309,0
1548930464.301972,0
1548930464.316757,0
1548930464.331462,0
1548930464.346188,0
1548930464.360976,0
1548930464.375678,0
1548930464.390789,0
1548930464.405529,0
1548930464.420224,0
1548930464.434844,0
1548930464.449914,0
1548930464.464787,0
1548930464.479742,0
1548930464.494710,0
1548930464.509583,0
1548930464.524582,0
1548930464.539402,0
1548930464.554383,0
1548930464.569304,0
1548930464.584454,0
1548930464.599307,0
1548930464.613928,0
1548930464.628941,0
1548930464.643662,0
1548930464.658378,0
1548930464.673048,0
1548930464.687782,0
1548930464.702578,0
1548930464.717216,0
1548930464.732480,0
1548930464.748176,0
1548930464.762637,0
1548930464.777305,0
1548930464.792082,0
1548930464.806797,0
1548930464.821642,0
1548930464.836306,0
1548930464.850991,0
1548930464.865652,0
1548930464.880415,0
1548930464.895344,0
1548930464.910103,0
1548930464.924811,0
1548930464.939568,0
1548930464.954185,0
1548930464.968776,0
1548930464.983538,0
1548930464.998222,0
1548930465.013000,0
1548930465.027605,0
1548930465.042288,0
1548930465.056933,0
1548930465.071605,0
1548930465.086963,0
1548930465.101844,0
1548930465.116599,0
1548930465.131519,0
1548930465.146311,0
1548930465.161447,0
1548930465.176167,0
1548930465.191176,0
1548930465.205920,0
1548930465.220923,0
1548930465.235853,0
1548930465.250906,0
1548930465.265999,0
1548930465.280671,0
1548930465.295836,0
1548930465.310456,0
1548930465.325650,0
1548930465.340398,0
1548930465.355195,0
1548930465.369866,0
1548930465.384781,0
1548930465.399685,0
1548930465.414389,0
1548930465.429097,0
1548930465.443819,0
1548930465.458507,0
1548930465.473242,0
1548930465.487939,0
1548930465.502558,0
1548930465.517358,0
1548930465.532167,0
1548930465.547543,0
1548930465.561661,0
1548930465.576142,0
1548930465.590823,0
1548930465.605501,0
1548930465.620224,0
1548930465.634939,0
1548930465.649571,0
1548930465.664176,0
1548930465.678965,0
1548930465.693583,0
1548930465.708433,0
1548930465.723066,0
1548930465.737833,0
1548930465.752431,0
1548930465.767306,0
1548930465.781273,0
1548930465.795232,0
1548930465.809773,0
1548930465.824719,0
1548930465.839663,0
1548930465.854530,0
1548930465.869380,0
1548930465.884657,0
1548930465.899811,0
1548930465.914396,0
1548930465.929638,0
1548930465.944387,0
1548930465.959488,0
1548930465.973123,0
1548930465.986789,0
1548930466.001289,0
1548930466.015712,0
1548930466.030968,0
1548930466.045609,0
1548930466.060813,0
1548930466.075493,0
1548930466.090239,0
1548930466.104960,0
1548930466.119646,0
1548930466.134469,0
1548930466.149173,0
1548930466.163859,0
1548930466.178458,0
1548930466.192119,0
1548930466.206960,0
1548930466.221746,0
1548930466.236678,0
1548930466.251603,0
1548930466.266651,0
1548930466.281742,0
1548930466.296430,0
1548930466.312003,0
1548930466.326952,0
1548930466.341656,0
1548930466.356516,0
1548930466.371792,0
1548930466.386991,0
1548930466.402199,0
1548930466.417223,0
1548930466.432377,0
1548930466.447473,0
1548930466.462518,0
1548930466.477764,0
1548930466.492901,0
1548930466.508104,0
1548930466.522933,0
1548930466.537713,0
1548930466.552453,0
1548930466.567206,0
1548930466.582018,0
1548930466.596805,0
1548930466.611979,0
1548930466.627201,0
1548930466.642174,0
1548930466.657222,0
1548930466.672209,0
1548930466.687230,0
1548930466.702132,0
1548930466.716890,0
1548930466.731601,0
1548930466.746420,0
1548930466.761195,0
1548930466.776028,0
1548930466.790647,0
1548930466.805224,0
1548930466.819971,0
1548930466.834737,0
1548930466.849465,0
1548930466.864334,0
1548930466.879061,0
1548930466.893757,0
1548930466.908463,0
1548930466.923063,0
1548930466.937923,0
1548930466.952491,0
1548930466.967275,0
1548930466.981896,0
1548930466.997041,0
1548930467.011908,0
1548930467.026837,0
1548930467.042006,0
1548930467.057017,0
1548930467.073668,0
1548930467.087707,0
1548930467.101368,0
1548930467.116090,0
1548930467.130866,0
1548930467.146080,0
1548930467.161198,0
1548930467.176372,0
1548930467.191519,0
1548930467.206716,0
1548930467.221876,0
1548930467.236801,0
1548930467.251663,0
1548930467.266489,0
1548930467.281327,0
1548930467.296050,0
1548930467.310938,0
1548930467.325669,0
1548930467.340630,0
1548930467.355366,0
1548930467.370297,0
1548930467.385015,0
1548930467.399939,0
1548930467.414668,0
1548930467.429479,0
1548930467.444297,0
1548930467.459123,0
1548930467.474204,0
1548930467.489085,0
1548930467.503863,0
1548930467.518807,0
1548930467.533642,0
1548930467.548446,0
1548930467.563225,0
1548930467.577954,0
1548930467.592818,0
1548930467.607509,0
1548930467.622474,0
1548930467.637311,0
1548930467.652206,0
1548930467.666957,0
1548930467.682132,0
1548930467.696876,0
1548930467.711615,0
1548930467.726367,0
1548930467.741299,0
1548930467.756091,0
1548930467.770848,0
1548930467.785592,0
1548930467.800320,0
1548930467.815193,0
1548930467.827943,0
1548930467.841603,0
1548930467.855782,0
1548930467.870230,0
1548930467.885121,0
1548930467.899863,0
1548930467.914720,0
1548930467.929418,0
1548930467.944276,0
1548930467.958979,0
1548930467.973776,0
1548930467.988579,0
1548930468.003389,0
1548930468.018250,0
1548930468.033099,0
1548930468.047900,0
1548930468.062713,0
1548930468.077478,0
1548930468.092261,0
1548930468.107129,0
1548930468.121865,0
1548930468.136815,0
1548930468.151530,0
1548930468.166330,0
1548930468.180906,0
1548930468.195627,0
1548930468.210360,0
1548930468.225047,0
1548930468.239867,0
1548930468.254727,0
1548930468.269490,0
1548930468.284624,0
1548930468.299475,0
1548930468.314746,0
1548930468.329873,0
1548930468.344744,0
1548930468.359549,0
1548930468.374197,0
1548930468.388968,0
1548930468.403552,0
1548930468.418335,0
1548930468.432940,0
1548930468.447663,0
1548930468.462325,0
1548930468.477082,0
1548930468.491869,0
1548930468.506652,0
1548930468.521447,0
1548930468.536330,0
1548930468.550125,0
1548930468.563787,0
1548930468.577572,0
1548930468.592043,0
1548930468.606690,0
1548930468.621382,0
1548930468.636954,0
1548930468.651444,0
1548930468.665883,0
1548930468.680682,0
1548930468.695354,0
1548930468.710161,0
1548930468.724767,0
1548930468.739440,0
1548930468.754266,0
1548930468.769022,0
1548930468.783750,0
1548930468.798444,0
1548930468.813119,0
1548930468.828242,0
1548930468.842930,0
1548930468.857526,0
1548930468.872367,0
1548930468.887397,0
1548930468.902447,0
1548930468.917099,0
1548930468.931867,0
1548930468.946485,0
1548930468.961172,0
1548930468.975911,0
1548930468.990595,0
1548930469.005262,0
1548930469.019952,0
1548930469.034629,0
1548930469.049190,0
1548930469.063969,0
1548930469.078559,0
1548930469.093294,0
1548930469.107890,0
1548930469.122554,0
1548930469.137373,0
1548930469.152060,0
1548930469.166745,0
1548930469.181389,0
1548930469.195965,0
1548930469.210539,0
1548930469.225296,0
1548930469.240487,0
1548930469.255336,0
1548930469.270113,0
1548930469.284963,0
1548930469.299598,0
1548930469.314234,0
1548930469.329037,0
1548930469.343793,0
1548930469.358463,0
1548930469.373186,0
1548930469.387920,0
1548930469.402669,0
1548930469.417369,0
1548930469.431945,0
1548930469.446741,0
1548930469.461321,0
1548930469.476207,0
1548930469.490931,0
1548930469.505619,0
1548930469.520348,0
1548930469.535053,0
1548930469.549816,0
1548930469.564556,0
1548930469.579218,0
1548930469.593850,0
1548930469.608585,0
1548930469.623204,0
1548930469.638006,0
1548930469.652697,0
1548930469.667488,0
1548930469.682110,0
1548930469.696763,0
1548930469.711462,0
1548930469.726127,0
1548930469.740792,0
1548930469.755399,0
1548930469.770190,0
1548930469.784879,0
1548930469.799723,0
1548930469.814933,0
1548930469.830166,0
1548930469.844837,0
1548930469.859638,0
1548930469.874349,0
1548930469.889524,0
1548930469.904513,0
1548930469.919270,0
1548930469.933962,0
1548930469.949497,0
1548930469.964351,0
1548930469.979062,0
1548930469.993778,0
1548930470.008648,0
