1548928924.086766,0
1548928924.100019,1
1548928924.112003,6
1548928924.124224,15
1548928924.136825,23
1548928924.149535,28
1548928924.162932,28
1548928924.176310,37
1548928924.189742,39
1548928924.203040,40
1548928924.216424,40
1548928924.229649,40
1548928924.242869,40
1548928924.256228,39
1548928924.269496,39
1548928924.282732,39
1548928924.295937,40
1548928924.309238,40
1548928924.322559,37
1548928924.335824,40
1548928924.349055,40
1548928924.362343,39
1548928924.375572,40
1548928924.388867,40
1548928924.402267,40
1548928924.415670,33
1548928924.429227,28
1548928924.442537,28
1548928924.455865,32
1548928924.469166,40
1548928924.482440,40
1548928924.495720,38
1548928924.508987,38
1548928924.522320,37
1548928924.535593,40
1548928924.549014,39
1548928924.562547,39
1548928924.576089,24
1548928924.589353,16
1548928924.602620,21
1548928924.615856,21
1548928924.629150,22
1548928924.642409,25
1548928924.655651,26
1548928924.668951,30
1548928924.682229,30
1548928924.695509,34
1548928924.708766,35
1548928924.722011,37
1548928924.735284,40
1548928924.748548,39
1548928924.761843,38
1548928924.775108,27
1548928924.788454,27
1548928924.801779,29
1548928924.815281,29
1548928924.828651,33
1548928924.841954,35
1548928924.855322,36
1548928924.868684,38
1548928924.882081,38
1548928924.895379,36
1548928924.908826,32
1548928924.922305,31
1548928924.935612,29
1548928924.948907,32
1548928924.962240,33
1548928924.975715,36
1548928924.989175,37
1548928925.002547,36
1548928925.015846,39
1548928925.029199,40
1548928925.042586,31
1548928925.055972,30
1548928925.069318,26
1548928925.082607,25
1548928925.095931,30
1548928925.109188,32
1548928925.122487,32
1548928925.136344,37
1548928925.150149,37
1548928925.163723,38
1548928925.177132,36
1548928925.190435,37
1548928925.203730,35
1548928925.217090,34
1548928925.230263,28
1548928925.243556,30
1548928925.256946,29
1548928925.270252,32
1548928925.283539,34
1548928925.296823,34
1548928925.310106,35
1548928925.323445,38
1548928925.336783,40
1548928925.350126,39
1548928925.363478,38
1548928925.376827,35
1548928925.390170,34
1548928925.403708,23
1548928925.417132,19
1548928925.430490,23
1548928925.443907,26
1548928925.457199,26
1548928925.470628,30
1548928925.483986,36
1548928925.497307,38
1548928925.510756,36
1548928925.524277,36
1548928925.537510,38
1548928925.551009,30
1548928925.564541,27
1548928925.577963,27
1548928925.591189,34
1548928925.604353,37
1548928925.617662,37
1548928925.630964,40
1548928925.644229,39
1548928925.657437,38
1548928925.670861,38
1548928925.684268,34
1548928925.697603,32
1548928925.711024,33
1548928925.724497,34
1548928925.737882,35
1548928925.751347,35
1548928925.764776,35
1548928925.778121,29
1548928925.791541,25
1548928925.804930,29
1548928925.818301,30
1548928925.831639,29
1548928925.844975,33
1548928925.858329,30
1548928925.871614,31
1548928925.884925,37
1548928925.898356,36
1548928925.911602,37
1548928925.924876,34
1548928925.938173,34
1548928925.951459,32
1548928925.964743,32
1548928925.978018,34
1548928925.991315,36
1548928926.004556,37
1548928926.017842,34
1548928926.031075,39
1548928926.044407,37
1548928926.057735,37
1548928926.071061,39
1548928926.084331,35
1548928926.097521,35
1548928926.110770,35
1548928926.124076,37
1548928926.137375,34
1548928926.150704,29
1548928926.164309,30
1548928926.177606,28
1548928926.190941,32
1548928926.204251,32
1548928926.217503,35
1548928926.230756,36
1548928926.243999,35
1548928926.257285,37
1548928926.270573,36
1548928926.283869,38
1548928926.297152,38
1548928926.310450,36
1548928926.323748,27
1548928926.336985,26
1548928926.350255,27
1548928926.363566,28
1548928926.376976,31
1548928926.390659,35
1548928926.404086,35
1548928926.417620,35
1548928926.430893,37
1548928926.444021,40
1548928926.457207,35
1548928926.470477,33
1548928926.483785,29
1548928926.497114,33
1548928926.510460,29
1548928926.523737,31
1548928926.537021,35
1548928926.550395,34
1548928926.563690,38
1548928926.576963,35
1548928926.590266,32
1548928926.603654,16
1548928926.617049,20
1548928926.630441,25
1548928926.643802,22
1548928926.657089,24
1548928926.670428,33
1548928926.683757,31
1548928926.697154,34
1548928926.710547,33
1548928926.723905,37
1548928926.737212,35
1548928926.750505,39
1548928926.763821,40
1548928926.777278,33
1548928926.790710,31
1548928926.804145,24
1548928926.817766,21
1548928926.831593,27
1548928926.846076,29
1548928926.860348,30
1548928926.873724,32
1548928926.887092,34
1548928926.900419,39
1548928926.913927,37
1548928926.927274,37
1548928926.940623,33
1548928926.954243,30
1548928926.967627,26
1548928926.980894,27
1548928926.994219,26
1548928927.007547,29
1548928927.020831,30
1548928927.034143,34
1548928927.047430,36
1548928927.060746,36
1548928927.074073,40
1548928927.087383,37
1548928927.100690,39
1548928927.113994,36
1548928927.127305,35
1548928927.140627,32
1548928927.154015,36
1548928927.167321,30
1548928927.180631,29
1548928927.193969,26
1548928927.207258,30
1548928927.220569,30
1548928927.233836,31
1548928927.247113,35
1548928927.260410,40
1548928927.273706,38
1548928927.286995,39
1548928927.300301,36
1548928927.313625,23
1548928927.326973,23
1548928927.340230,28
1548928927.353516,30
1548928927.366840,29
1548928927.380080,32
1548928927.393294,36
1548928927.406581,37
1548928927.419858,37
1548928927.433434,37
1548928927.446822,30
1548928927.460668,30
1548928927.474230,31
1548928927.487825,30
1548928927.501144,32
1548928927.514433,37
1548928927.527769,38
1548928927.541052,31
1548928927.554320,31
1548928927.567710,33
1548928927.580902,34
1548928927.594256,37
1548928927.607599,39
1548928927.620856,37
1548928927.634213,40
1548928927.647772,38
1548928927.661039,37
1548928927.674362,32
1548928927.687655,33
1548928927.700895,32
1548928927.714162,36
1548928927.727476,37
1548928927.740719,40
1548928927.753976,39
1548928927.767208,38
1548928927.780483,38
1548928927.793748,33
1548928927.807083,32
1548928927.820378,33
1548928927.833739,36
1548928927.847607,31
1548928927.861423,37
1548928927.875073,33
1548928927.888416,40
1548928927.901769,34
1548928927.915176,39
1548928927.928472,37
1548928927.941689,37
1548928927.954984,38
1548928927.968314,38
1548928927.981571,39
1548928927.994903,40
1548928928.008192,37
1548928928.021464,33
1548928928.034758,29
1548928928.048048,23
1548928928.061310,31
1548928928.074633,28
1548928928.087937,30
1548928928.101202,34
1548928928.114508,35
1548928928.127804,39
1548928928.141078,40
1548928928.154402,38
1548928928.167737,34
1548928928.181024,32
1548928928.194366,30
1548928928.207796,33
1548928928.221167,37
1548928928.234558,36
1548928928.247970,37
1548928928.261274,34
1548928928.274748,27
1548928928.288069,28
1548928928.301358,31
1548928928.314698,36
1548928928.327975,36
1548928928.341252,39
1548928928.354551,40
1548928928.367835,33
1548928928.381104,17
1548928928.394426,18
1548928928.407898,22
1548928928.421607,21
1548928928.435050,25
1548928928.448645,29
1548928928.461999,28
1548928928.475336,36
1548928928.488620,37
1548928928.501962,38
1548928928.515332,39
1548928928.528583,37
1548928928.541912,37
1548928928.555211,35
1548928928.568516,28
1548928928.581818,26
1548928928.595104,22
1548928928.608401,24
1548928928.621723,23
1548928928.635016,24
1548928928.648443,24
1548928928.661799,27
1548928928.675053,29
1548928928.688381,33
1548928928.701614,35
1548928928.714982,36
1548928928.728303,39
1548928928.741581,38
1548928928.755120,36
1548928928.768892,35
1548928928.782552,35
1548928928.796430,37
1548928928.809944,39
1548928928.823287,38
1548928928.836594,39
1548928928.849915,35
1548928928.863270,33
1548928928.876558,32
1548928928.889893,30
1548928928.903228,36
1548928928.916516,35
1548928928.929861,39
1548928928.943183,38
1548928928.956700,37
1548928928.970048,29
1548928928.983335,23
1548928928.996631,25
1548928929.009889,27
1548928929.023183,30
1548928929.036479,29
1548928929.049749,35
1548928929.063061,36
1548928929.076354,38
1548928929.089606,38
1548928929.102918,39
1548928929.116204,37
1548928929.129464,39
1548928929.142771,35
1548928929.156077,32
1548928929.169356,34
1548928929.182769,33
1548928929.196046,32
1548928929.209317,34
1548928929.222621,34
1548928929.235889,36
1548928929.249153,36
1548928929.262459,31
1548928929.275773,28
1548928929.289027,32
1548928929.302326,33
1548928929.315608,35
1548928929.329121,37
1548928929.342661,38
1548928929.355966,38
1548928929.369555,36
1548928929.383083,24
1548928929.396448,29
1548928929.409794,29
1548928929.423298,33
1548928929.436717,30
1548928929.450038,37
1548928929.463346,37
1548928929.476668,36
1548928929.489952,36
1548928929.503303,24
1548928929.516598,22
1548928929.529884,25
1548928929.543172,28
1548928929.556461,33
1548928929.569791,33
1548928929.583084,36
1548928929.596398,38
1548928929.609667,37
1548928929.622990,35
1548928929.636289,25
1548928929.649526,29
1548928929.662861,26
1548928929.676183,31
1548928929.689516,31
1548928929.703611,34
1548928929.717527,36
1548928929.731189,38
1548928929.744538,38
1548928929.757840,35
1548928929.771239,27
1548928929.784505,32
1548928929.797799,36
1548928929.811106,36
1548928929.824406,37
1548928929.837688,40
1548928929.851010,39
1548928929.864309,35
1548928929.877540,21
1548928929.890830,25
1548928929.904127,24
1548928929.917406,28
1548928929.930732,29
1548928929.944033,32
1548928929.957281,35
1548928929.970590,37
1548928929.983873,39
1548928929.997126,39
1548928930.010428,34
1548928930.023722,36
1548928930.036963,26
1548928930.050302,24
1548928930.063615,26
1548928930.076883,27
1548928930.090197,28
1548928930.103527,32
1548928930.116791,34
1548928930.130113,35
1548928930.143425,37
1548928930.156778,37
1548928930.170087,38
1548928930.183393,37
1548928930.196693,37
1548928930.209945,32
1548928930.223310,33
1548928930.236628,33
1548928930.249868,37
1548928930.263146,36
1548928930.276465,39
1548928930.290125,40
1548928930.303471,38
1548928930.316748,37
1548928930.330030,35
1548928930.343298,34
1548928930.356569,37
1548928930.370339,36
1548928930.383752,39
1548928930.397319,40
1548928930.410667,33
1548928930.424022,35
1548928930.437330,33
1548928930.450447,33
1548928930.463595,34
1548928930.476876,37
1548928930.490177,39
1548928930.503487,35
1548928930.516769,35
1548928930.530057,39
1548928930.543338,32
1548928930.556680,34
1548928930.569966,36
1548928930.583252,39
1548928930.596520,37
1548928930.609843,39
1548928930.623147,33
1548928930.636448,32
1548928930.649731,34
1548928930.663006,32
1548928930.676322,32
1548928930.689627,29
1548928930.702943,34
1548928930.716239,33
1548928930.729504,36
1548928930.742796,30
1548928930.756079,35
1548928930.769377,37
1548928930.782797,37
1548928930.796499,37
1548928930.810181,34
1548928930.823899,34
1548928930.837228,31
1548928930.850626,31
1548928930.863941,33
1548928930.877225,37
1548928930.890495,37
1548928930.903748,38
1548928930.917039,37
1548928930.930488,36
1548928930.943784,34
1548928930.956981,29
1548928930.970175,22
1548928930.983369,27
1548928930.996539,29
1548928931.009726,31
1548928931.022938,34
1548928931.036130,36
1548928931.049290,37
1548928931.062643,39
1548928931.075861,37
1548928931.089063,39
1548928931.102293,34
1548928931.115580,28
1548928931.128835,26
1548928931.142126,29
1548928931.155592,27
1548928931.168914,28
1548928931.182211,32
1548928931.195479,33
1548928931.208815,34
1548928931.222120,35
1548928931.235443,36
1548928931.248779,37
1548928931.262337,38
1548928931.275707,27
1548928931.288974,25
1548928931.302280,26
1548928931.315548,27
1548928931.328877,27
1548928931.342171,28
1548928931.355487,32
1548928931.368796,35
1548928931.382348,37
1548928931.395850,35
1548928931.409143,40
1548928931.422551,34
1548928931.435946,32
1548928931.449204,34
1548928931.462492,35
1548928931.475794,38
1548928931.489084,38
1548928931.502362,38
1548928931.515649,37
1548928931.528888,33
1548928931.542189,32
1548928931.555477,30
1548928931.568773,35
1548928931.582094,38
1548928931.595391,35
1548928931.608664,37
1548928931.621943,37
1548928931.635220,37
1548928931.648526,32
1548928931.661898,30
1548928931.675213,35
1548928931.688482,35
1548928931.701702,35
1548928931.714965,36
1548928931.728300,33
1548928931.741589,26
1548928931.754941,29
1548928931.768230,30
1548928931.781542,32
1548928931.794837,31
1548928931.808130,32
1548928931.821087,33
1548928931.834306,38
1548928931.847619,37
1548928931.860863,39
1548928931.874157,38
1548928931.887473,40
1548928931.900772,35
1548928931.914275,32
1548928931.927625,25
1548928931.940862,24
1548928931.954124,25
1548928931.967555,28
1548928931.980947,31
1548928931.994572,29
1548928932.007951,32
1548928932.021254,31
1548928932.034527,36
1548928932.047818,36
1548928932.061102,38
1548928932.074463,30
1548928932.087792,27
1548928932.101075,25
1548928932.114365,24
1548928932.127663,24
1548928932.140935,26
1548928932.154250,31
1548928932.167892,32
1548928932.181334,34
1548928932.194698,37
1548928932.208061,39
1548928932.221334,36
1548928932.234658,38
1548928932.248098,37
1548928932.261648,34
1548928932.275176,35
1548928932.288797,30
1548928932.302153,29
1548928932.315446,30
1548928932.328764,36
1548928932.342038,34
1548928932.355300,37
1548928932.368697,39
1548928932.382040,35
1548928932.395356,36
1548928932.408719,37
1548928932.422053,31
1548928932.435378,24
1548928932.448695,28
1548928932.461994,25
1548928932.475322,27
1548928932.488597,31
1548928932.501938,34
1548928932.515205,37
1548928932.528514,39
1548928932.541814,40
1548928932.555094,37
1548928932.568396,38
1548928932.581645,31
1548928932.594952,28
1548928932.608258,25
1548928932.621508,29
1548928932.634818,31
1548928932.648173,32
1548928932.661482,33
1548928932.674886,34
1548928932.688468,37
1548928932.702629,39
1548928932.716285,37
1548928932.729561,36
1548928932.742885,32
1548928932.756178,31
1548928932.769426,31
1548928932.782763,35
1548928932.796083,39
1548928932.809341,37
1548928932.822621,37
1548928932.835891,35
1548928932.849156,32
1548928932.862480,29
1548928932.875767,34
1548928932.889018,30
1548928932.902302,33
1548928932.915587,39
1548928932.928861,36
1548928932.942335,40
1548928932.955655,37
1548928932.968942,40
1548928932.982258,37
1548928932.995543,39
1548928933.008849,37
1548928933.022144,39
1548928933.035475,38
1548928933.048762,36
1548928933.062052,32
1548928933.075328,28
1548928933.088664,28
1548928933.101976,29
1548928933.115240,28
1548928933.128490,27
1548928933.141746,32
1548928933.155071,31
1548928933.168487,33
1548928933.181795,34
1548928933.195015,37
1548928933.208347,35
1548928933.221570,32
1548928933.234824,37
1548928933.248127,36
1548928933.261376,40
1548928933.275029,39
1548928933.288328,37
1548928933.301577,39
1548928933.314835,39
1548928933.328106,38
1548928933.341338,35
1548928933.354615,39
1548928933.367866,39
1548928933.381108,39
1548928933.394354,36
1548928933.407640,39
1548928933.420897,38
1548928933.434165,38
1548928933.447426,38
1548928933.460707,39
1548928933.474015,38
1548928933.487432,38
1548928933.500752,33
1548928933.514125,31
1548928933.527403,37
1548928933.540688,37
1548928933.553979,38
1548928933.567281,30
1548928933.580602,28
1548928933.593860,25
1548928933.607093,30
1548928933.620397,35
1548928933.633668,32
1548928933.646992,37
1548928933.660316,32
1548928933.673589,38
1548928933.686807,38
1548928933.700107,40
1548928933.713370,34
1548928933.726750,39
1548928933.740139,30
1548928933.753455,25
1548928933.766756,26
1548928933.779475,27
1548928933.792798,28
1548928933.806117,30
1548928933.819421,32
1548928933.832732,36
1548928933.846004,34
1548928933.859279,35
1548928933.872813,33
1548928933.886376,38
1548928933.899709,39
1548928933.912958,38
1548928933.926248,40
1548928933.939540,36
1548928933.952783,30
1548928933.966079,26
1548928933.979362,29
1548928933.992646,32
1548928934.005908,34
1548928934.019174,35
1548928934.032420,37
1548928934.045668,38
1548928934.059003,39
1548928934.072302,38
1548928934.085740,33
1548928934.099182,31
1548928934.112529,32
1548928934.125883,38
1548928934.139289,39
1548928934.152691,38
1548928934.166109,36
1548928934.179474,31
1548928934.192937,30
1548928934.206257,32
1548928934.219608,40
1548928934.232990,35
1548928934.246371,37
1548928934.259672,36
1548928934.272938,37
1548928934.286235,36
1548928934.299594,37
1548928934.312890,37
1548928934.326232,30
1548928934.339512,30
1548928934.352803,31
1548928934.366140,29
1548928934.379482,37
1548928934.392751,40
1548928934.406082,37
1548928934.419698,34
1548928934.433024,30
1548928934.446780,29
1548928934.460185,34
1548928934.473435,34
1548928934.486842,39
1548928934.500189,39
1548928934.513466,37
1548928934.526782,34
1548928934.540081,25
1548928934.553443,30
1548928934.566787,31
1548928934.580110,34
1548928934.593375,33
1548928934.606704,39
1548928934.619992,35
1548928934.633270,36
1548928934.646601,38
1548928934.659956,35
1548928934.673210,36
1548928934.686515,36
1548928934.699889,36
1548928934.713184,34
1548928934.726458,36
1548928934.739723,38
1548928934.753021,37
1548928934.766450,39
1548928934.779793,38
1548928934.793058,39
1548928934.806349,40
1548928934.819637,39
1548928934.833092,35
1548928934.846425,31
1548928934.859650,25
1548928934.872954,26
1548928934.886268,24
1548928934.899601,31
1548928934.912853,32
1548928934.926160,34
1548928934.939499,36
1548928934.952792,36
1548928934.966063,37
1548928934.979363,37
1548928934.992640,35
1548928935.005925,32
1548928935.019192,32
1548928935.032636,33
1548928935.045880,37
1548928935.059202,38
1548928935.072642,34
1548928935.086085,34
1548928935.099440,33
1548928935.112774,34
1548928935.126119,36
1548928935.139436,38
1548928935.152840,36
1548928935.166215,34
1548928935.179545,28
1548928935.192848,21
1548928935.206126,25
1548928935.219917,28
1548928935.233486,29
1548928935.247349,32
1548928935.261470,31
1548928935.274865,34
1548928935.288161,37
1548928935.301431,39
1548928935.314739,38
1548928935.327988,36
1548928935.341209,37
1548928935.354526,31
1548928935.367830,31
1548928935.381142,33
1548928935.394402,27
1548928935.407729,33
1548928935.420939,35
1548928935.434209,37
1548928935.447493,37
1548928935.460697,39
1548928935.474020,39
1548928935.487368,37
1548928935.500670,38
1548928935.513997,38
1548928935.527314,36
1548928935.540581,36
1548928935.553859,35
1548928935.567167,38
1548928935.580464,34
1548928935.593737,35
1548928935.607066,33
1548928935.620385,30
1548928935.633619,30
1548928935.646965,29
1548928935.660290,35
1548928935.673543,36
1548928935.686813,38
1548928935.700126,36
1548928935.713404,33
1548928935.726694,21
1548928935.739996,22
1548928935.753261,18
1548928935.766560,27
1548928935.779865,27
1548928935.793083,29
1548928935.806197,30
1548928935.819463,32
1548928935.833027,37
1548928935.846376,37
1548928935.859711,40
1548928935.872953,38
1548928935.886264,34
1548928935.899546,37
1548928935.913143,29
1548928935.926476,28
1548928935.939796,28
1548928935.953179,30
1548928935.966487,30
1548928935.979764,39
1548928935.993052,34
1548928936.006297,33
1548928936.019699,32
1548928936.032966,27
1548928936.046291,27
1548928936.059622,26
1548928936.072876,28
1548928936.086158,29
1548928936.099458,32
1548928936.112763,35
1548928936.126105,37
1548928936.139647,39
1548928936.152929,38
1548928936.166281,29
1548928936.179553,24
1548928936.192835,26
1548928936.206123,30
1548928936.219409,31
1548928936.232685,31
1548928936.245958,32
1548928936.259218,31
1548928936.272512,36
1548928936.285809,37
1548928936.299089,37
1548928936.312396,37
1548928936.325717,34
1548928936.338984,32
1548928936.352294,32
1548928936.365551,31
1548928936.378845,34
1548928936.392123,37
1548928936.405373,40
1548928936.418676,38
1548928936.432197,39
1548928936.445494,37
1548928936.458806,36
1548928936.472161,36
1548928936.485440,34
1548928936.498744,35
1548928936.512075,34
1548928936.525363,33
1548928936.538648,36
1548928936.551934,39
1548928936.565212,35
1548928936.578518,39
1548928936.591761,38
1548928936.605007,38
1548928936.618267,33
1548928936.631547,31
1548928936.644798,30
1548928936.658150,29
1548928936.671428,31
1548928936.684658,32
1548928936.697935,32
1548928936.711165,33
1548928936.724437,37
1548928936.737657,39
1548928936.750911,38
1548928936.764145,36
1548928936.777384,38
1548928936.790687,39
1548928936.803932,37
1548928936.817151,38
1548928936.830402,37
1548928936.843646,33
1548928936.856935,23
1548928936.870209,25
1548928936.883489,23
1548928936.896770,24
1548928936.909983,24
1548928936.923256,29
1548928936.936534,25
1548928936.949772,31
1548928936.962997,31
1548928936.976154,32
1548928936.989252,34
1548928937.002457,33
1548928937.015592,36
1548928937.028951,39
1548928937.042229,39
1548928937.055448,38
1548928937.068818,36
1548928937.082048,31
1548928937.095303,26
1548928937.108557,28
1548928937.121806,28
1548928937.135114,29
1548928937.148399,29
1548928937.161808,33
1548928937.175188,32
1548928937.188465,35
1548928937.201693,36
1548928937.214928,38
1548928937.228223,40
1548928937.241429,36
1548928937.254712,35
1548928937.268039,39
1548928937.281521,36
1548928937.295077,38
1548928937.308644,37
1548928937.322299,35
1548928937.335594,37
1548928937.348815,34
1548928937.362068,22
1548928937.375341,22
1548928937.388627,24
1548928937.401935,28
1548928937.415362,27
1548928937.428747,30
1548928937.442062,35
1548928937.455359,35
1548928937.468642,39
1548928937.481842,40
1548928937.495044,40
1548928937.508345,39
1548928937.521615,36
1548928937.534941,31
1548928937.548227,30
1548928937.561479,34
1548928937.574794,32
1548928937.588098,37
1548928937.601419,34
1548928937.614742,33
1548928937.627990,27
1548928937.641266,28
1548928937.654561,29
1548928937.667868,31
1548928937.681235,32
1548928937.695271,36
1548928937.709423,36
1548928937.723343,39
1548928937.736809,39
1548928937.750180,35
1548928937.763532,29
1548928937.776866,27
1548928937.790210,30
1548928937.803445,34
1548928937.816735,31
1548928937.830007,36
1548928937.843309,40
1548928937.856611,40
1548928937.869934,30
1548928937.883235,20
1548928937.896521,22
1548928937.909810,22
1548928937.923110,27
1548928937.936375,34
1548928937.949601,35
1548928937.962890,40
1548928937.976186,40
1548928937.989444,40
1548928938.002754,36
1548928938.016542,25
1548928938.029847,21
1548928938.043251,22
1548928938.056582,28
1548928938.069868,30
1548928938.083180,31
1548928938.096420,34
1548928938.109670,38
1548928938.122980,39
1548928938.136315,39
1548928938.149578,38
1548928938.162983,16
1548928938.176328,17
1548928938.189704,16
1548928938.203026,21
1548928938.216325,25
1548928938.229576,28
1548928938.242865,32
1548928938.256141,32
1548928938.269380,38
1548928938.283108,39
1548928938.296481,39
1548928938.309845,30
1548928938.323180,18
1548928938.336481,24
1548928938.349818,26
1548928938.363379,28
1548928938.377130,30
1548928938.390603,37
1548928938.404067,36
1548928938.417388,39
1548928938.430745,39
1548928938.444086,35
1548928938.457418,23
1548928938.470766,22
1548928938.484109,29
1548928938.497391,27
1548928938.510722,29
1548928938.524033,34
1548928938.537329,38
1548928938.550639,37
1548928938.563936,38
1548928938.577193,37
1548928938.590489,36
1548928938.603791,33
1548928938.617060,36
1548928938.630353,34
1548928938.643644,36
1548928938.656896,36
1548928938.670227,34
1548928938.683539,30
1548928938.696850,28
1548928938.710155,23
1548928938.723724,27
1548928938.737388,29
1548928938.751454,26
1548928938.765452,34
1548928938.778886,34
1548928938.792207,39
1548928938.805482,36
1548928938.818803,39
1548928938.832188,31
1548928938.845503,33
1548928938.858998,27
1548928938.872362,29
1548928938.885695,31
1548928938.899024,30
1548928938.912331,32
1548928938.925582,38
1548928938.938883,36
1548928938.952170,38
1548928938.965696,39
1548928938.979024,39
1548928938.992411,37
1548928939.005707,38
1548928939.019004,32
1548928939.032302,19
1548928939.045554,19
1548928939.058868,21
1548928939.072137,26
1548928939.085418,25
1548928939.098725,27
1548928939.112005,31
1548928939.125277,32
1548928939.138555,35
1548928939.151893,37
1548928939.165293,39
1548928939.178632,39
1548928939.191923,39
1548928939.205231,36
1548928939.218638,32
1548928939.231945,31
1548928939.245229,34
1548928939.258523,38
1548928939.271813,38
1548928939.285095,37
1548928939.298378,37
1548928939.311703,34
1548928939.325075,33
1548928939.338552,27
1548928939.351886,30
1548928939.365151,33
1548928939.378772,39
1548928939.392399,38
1548928939.406031,38
1548928939.419629,37
1548928939.432928,30
1548928939.446286,30
1548928939.459604,33
1548928939.472853,31
1548928939.486191,34
1548928939.499545,36
1548928939.512844,35
1548928939.526182,38
1548928939.539489,38
1548928939.552757,31
1548928939.566073,33
1548928939.579346,30
1548928939.592637,32
1548928939.605879,34
1548928939.619166,33
1548928939.632432,34
1548928939.645722,37
1548928939.659020,37
1548928939.672336,36
1548928939.685594,40
1548928939.698899,38
1548928939.712196,40
1548928939.725514,34
1548928939.738903,36
1548928939.752813,33
1548928939.766640,31
1548928939.779952,32
1548928939.793263,33
1548928939.806563,35
1548928939.819820,34
1548928939.833082,36
1548928939.846320,37
1548928939.859587,38
1548928939.872829,39
1548928939.886087,38
1548928939.899326,32
1548928939.912556,28
1548928939.925820,27
1548928939.939135,28
1548928939.952374,27
1548928939.965660,31
1548928939.979015,32
1548928939.992317,35
1548928940.005565,37
1548928940.018786,39
1548928940.032048,39
1548928940.045280,31
1548928940.058532,27
1548928940.071862,30
1548928940.085314,30
1548928940.098615,31
1548928940.111923,30
1548928940.125179,39
1548928940.138478,39
1548928940.151818,39
1548928940.165171,37
1548928940.178453,37
1548928940.191778,32
1548928940.205040,32
1548928940.218326,31
1548928940.231639,32
1548928940.244912,34
1548928940.258199,35
1548928940.271479,37
1548928940.284761,40
1548928940.297993,38
1548928940.311235,39
1548928940.324458,39
1548928940.338087,35
1548928940.351410,22
1548928940.364717,26
1548928940.378043,24
1548928940.391775,23
1548928940.405103,31
1548928940.418616,30
1548928940.431909,31
1548928940.445129,34
1548928940.458488,37
1548928940.471911,37
1548928940.485251,37
1548928940.498531,33
1548928940.511857,28
1548928940.525125,26
1548928940.538373,26
1548928940.551689,32
1548928940.564963,35
1548928940.578333,34
1548928940.591621,36
1548928940.604875,31
1548928940.618183,35
1548928940.631512,34
1548928940.644797,32
1548928940.658071,31
1548928940.671372,36
1548928940.684656,37
1548928940.697950,35
1548928940.711268,38
1548928940.724626,37
1548928940.738277,39
1548928940.751891,39
1548928940.765601,33
1548928940.779076,30
1548928940.792405,32
1548928940.805644,32
1548928940.818908,34
1548928940.832184,34
1548928940.845522,33
1548928940.858842,37
1548928940.872162,36
1548928940.885444,37
1548928940.898749,38
1548928940.912014,39
1548928940.925306,33
1548928940.938603,35
1548928940.951893,35
1548928940.965162,34
1548928940.978467,37
1548928940.991798,36
1548928941.005071,35
1548928941.018361,36
1548928941.031639,35
1548928941.044890,38
1548928941.058153,38
1548928941.071449,37
1548928941.084783,38
1548928941.098180,35
1548928941.111483,36
1548928941.124773,38
1548928941.138088,30
1548928941.151363,28
1548928941.164708,30
1548928941.178060,28
1548928941.191372,33
1548928941.204642,37
1548928941.217898,30
1548928941.231189,35
1548928941.244430,37
1548928941.257720,36
1548928941.271029,34
1548928941.284416,36
1548928941.298085,27
1548928941.311572,23
1548928941.325098,26
1548928941.338583,27
1548928941.351894,33
1548928941.365176,32
1548928941.378492,36
1548928941.391850,35
1548928941.405120,37
1548928941.418433,33
1548928941.431722,34
1548928941.445278,36
1548928941.458598,34
1548928941.471871,37
1548928941.485201,35
1548928941.498501,36
1548928941.511787,29
1548928941.525042,30
1548928941.538320,30
1548928941.551578,37
1548928941.564854,38
1548928941.578130,39
1548928941.591455,36
1548928941.604781,36
1548928941.618070,30
1548928941.631384,31
1548928941.645062,28
1548928941.658952,35
1548928941.672709,36
1548928941.686152,38
1548928941.699577,37
1548928941.712866,27
1548928941.726182,29
1548928941.739480,31
1548928941.752778,29
1548928941.766079,35
1548928941.779354,36
1548928941.792681,36
1548928941.805975,39
1548928941.819250,38
1548928941.832562,34
1548928941.845881,31
1548928941.859283,33
1548928941.872742,35
1548928941.886265,34
1548928941.899607,37
1548928941.912909,36
1548928941.926213,37
1548928941.939522,35
1548928941.952858,38
1548928941.966210,32
1548928941.979779,28
1548928941.993126,27
1548928942.006470,27
1548928942.019738,30
1548928942.032986,31
1548928942.046267,31
1548928942.059588,30
1548928942.072799,34
1548928942.086091,35
1548928942.099427,39
1548928942.112669,37
1548928942.125955,28
1548928942.139279,25
1548928942.152563,28
1548928942.165869,29
1548928942.179140,30
1548928942.192430,31
1548928942.205721,33
1548928942.219008,36
1548928942.232351,35
1548928942.245851,37
1548928942.259177,37
1548928942.272420,38
1548928942.285674,38
1548928942.298996,33
1548928942.312288,23
1548928942.325559,23
1548928942.338864,26
1548928942.352132,24
1548928942.365367,29
1548928942.378637,30
1548928942.391924,32
1548928942.405171,34
1548928942.418439,34
1548928942.431698,39
1548928942.444879,35
1548928942.458199,27
1548928942.471528,28
1548928942.484790,28
1548928942.498119,32
1548928942.511435,32
1548928942.524742,34
1548928942.538039,36
1548928942.551330,37
1548928942.564578,37
1548928942.577834,39
1548928942.591137,39
1548928942.604399,37
1548928942.617690,34
1548928942.631033,29
1548928942.644342,26
1548928942.657584,30
1548928942.670919,30
1548928942.684198,33
1548928942.697494,35
1548928942.710869,34
1548928942.724184,37
1548928942.737457,36
1548928942.750764,40
1548928942.764042,39
1548928942.777321,36
1548928942.790639,36
1548928942.803918,35
1548928942.817520,30
1548928942.831255,27
1548928942.844709,29
1548928942.858223,33
1548928942.871582,31
1548928942.884870,32
1548928942.898181,37
1548928942.911516,35
1548928942.924860,39
1548928942.938425,38
1548928942.951852,37
1548928942.965178,30
1548928942.978479,31
1548928942.991844,33
1548928943.005159,33
1548928943.018473,34
1548928943.031794,35
1548928943.045063,35
1548928943.058350,34
1548928943.071647,35
1548928943.084910,35
1548928943.098364,33
1548928943.111704,36
1548928943.125022,34
1548928943.138339,39
1548928943.151654,33
1548928943.165028,25
1548928943.178351,27
1548928943.191652,28
1548928943.205400,30
1548928943.219132,31
1548928943.232505,33
1548928943.245829,33
1548928943.259236,33
1548928943.272706,32
1548928943.286114,36
1548928943.299419,35
1548928943.312702,38
1548928943.326021,38
1548928943.339367,37
1548928943.352681,37
1548928943.365985,27
1548928943.379280,29
1548928943.392567,31
1548928943.405888,33
1548928943.419163,34
1548928943.432452,35
1548928943.445707,38
1548928943.458964,37
1548928943.472268,38
1548928943.485637,36
1548928943.499057,39
1548928943.512385,38
1548928943.525640,39
1548928943.538975,33
1548928943.552274,32
1548928943.565560,33
1548928943.578867,36
1548928943.592166,39
1548928943.605449,38
1548928943.618740,36
1548928943.632046,36
1548928943.645329,33
1548928943.658642,33
1548928943.671965,30
1548928943.685223,36
1548928943.698526,38
1548928943.711814,39
1548928943.725064,38
1548928943.738354,34
1548928943.751646,40
1548928943.764978,31
1548928943.778267,29
1548928943.791912,25
1548928943.805220,25
1548928943.818571,28
1548928943.831859,29
1548928943.845113,34
1548928943.858027,34
1548928943.871028,31
1548928943.884276,37
1548928943.897480,38
1548928943.910793,36
1548928943.924093,36
1548928943.937409,38
1548928943.950656,34
1548928943.963918,34
1548928943.977175,34
1548928943.990517,35
1548928944.003799,40
1548928944.017069,36
1548928944.030372,34
1548928944.043647,37
1548928944.056888,39
1548928944.070177,40
1548928944.083518,33
1548928944.096898,37
1548928944.110174,38
1548928944.123457,38
1548928944.136777,38
1548928944.150136,35
1548928944.163394,37
1548928944.176732,38
1548928944.190034,37
1548928944.203382,23
1548928944.216681,18
1548928944.229943,20
1548928944.243210,21
1548928944.256535,27
1548928944.269864,24
1548928944.283162,28
1548928944.296455,32
1548928944.309726,30
1548928944.323029,36
1548928944.336317,34
1548928944.349550,39
1548928944.362836,37
1548928944.376122,35
1548928944.389474,36
1548928944.403008,31
1548928944.416394,29
1548928944.429702,28
1548928944.443183,27
1548928944.456523,28
1548928944.469828,33
1548928944.483094,34
1548928944.496435,40
1548928944.509718,39
1548928944.523072,36
1548928944.536410,31
1548928944.549716,29
1548928944.563073,33
1548928944.576404,36
1548928944.589650,37
1548928944.602972,36
1548928944.616265,35
1548928944.629542,30
1548928944.642851,32
1548928944.656133,30
1548928944.669507,35
1548928944.682841,35
1548928944.696130,39
1548928944.709399,39
1548928944.723182,38
1548928944.736434,38
1548928944.749714,33
1548928944.762997,27
1548928944.776253,30
1548928944.789516,29
1548928944.802828,29
1548928944.816093,30
1548928944.829324,33
1548928944.842633,34
1548928944.855961,37
1548928944.869233,37
1548928944.883571,31
1548928944.897421,31
1548928944.910887,37
1548928944.924204,31
1548928944.937511,37
1548928944.950883,36
1548928944.964190,39
1548928944.977442,37
1548928944.990776,34
1548928945.004080,29
1548928945.017368,28
1548928945.030816,30
1548928945.044138,35
1548928945.057397,36
1548928945.070675,39
1548928945.084099,37
1548928945.097412,40
1548928945.110706,38
1548928945.123959,37
1548928945.137159,38
1548928945.150468,39
1548928945.163751,38
1548928945.177022,39
1548928945.190313,33
1548928945.203608,35
1548928945.216873,34
1548928945.230105,36
1548928945.243460,36
1548928945.256846,36
1548928945.270199,34
1548928945.283528,33
1548928945.296790,31
1548928945.310038,30
1548928945.323373,36
1548928945.336613,38
1548928945.349921,37
1548928945.363178,39
1548928945.376458,39
1548928945.389734,39
1548928945.403023,39
1548928945.416342,35
1548928945.429640,35
1548928945.442911,27
1548928945.456206,25
1548928945.469760,29
1548928945.483095,29
1548928945.496600,32
1548928945.509880,34
1548928945.523577,38
1548928945.537083,37
1548928945.550627,39
1548928945.564071,40
1548928945.577353,37
1548928945.590709,31
1548928945.604024,25
1548928945.617294,24
1548928945.630596,25
1548928945.643940,29
1548928945.657222,31
1548928945.670532,35
1548928945.683866,35
1548928945.697142,39
1548928945.710385,39
1548928945.723682,36
1548928945.736930,33
1548928945.750259,25
1548928945.763580,30
1548928945.776856,29
1548928945.790122,32
1548928945.803402,36
1548928945.816703,35
1548928945.829974,37
1548928945.843273,38
1548928945.856568,40
1548928945.869862,34
1548928945.883252,35
1548928945.896665,35
1548928945.910351,35
1548928945.924177,36
1548928945.938144,36
1548928945.951630,38
1548928945.965077,35
1548928945.978393,30
1548928945.991720,25
1548928946.005009,23
1548928946.018384,26
1548928946.031691,30
1548928946.044948,33
1548928946.058212,32
1548928946.071535,37
1548928946.084837,37
1548928946.098123,34
1548928946.111425,38
1548928946.124727,31
1548928946.138027,33
1548928946.151339,37
1548928946.164702,40
1548928946.178051,38
1548928946.191381,29
1548928946.204676,27
1548928946.217971,30
1548928946.231289,32
1548928946.244600,33
1548928946.257883,32
1548928946.271160,36
1548928946.284675,36
1548928946.298007,36
1548928946.311332,33
1548928946.324655,35
1548928946.337984,29
1548928946.351365,27
1548928946.364814,25
1548928946.378345,28
1548928946.391803,29
1548928946.405114,31
1548928946.418421,34
1548928946.431705,35
1548928946.444961,36
1548928946.458248,38
1548928946.471668,40
1548928946.485016,37
1548928946.498813,38
1548928946.512188,32
1548928946.525485,33
1548928946.538832,36
1548928946.552184,37
1548928946.565458,38
1548928946.578820,39
1548928946.592170,39
1548928946.605485,35
1548928946.618943,35
1548928946.632258,32
1548928946.645628,27
1548928946.658947,28
1548928946.672237,25
1548928946.685510,32
1548928946.698886,30
1548928946.712211,34
1548928946.725468,36
1548928946.738780,39
1548928946.752138,37
1548928946.765393,31
1548928946.778718,35
1548928946.792084,34
1548928946.805381,39
1548928946.818715,39
1548928946.832009,39
1548928946.845291,37
1548928946.858937,25
1548928946.871399,22
1548928946.884634,24
1548928946.897592,30
1548928946.910732,32
1548928946.924017,30
1548928946.937279,35
1548928946.950593,39
1548928946.963859,39
1548928946.977122,38
1548928946.990448,37
1548928947.003758,30
1548928947.016948,27
1548928947.030213,26
1548928947.043405,28
1548928947.056586,30
1548928947.069810,31
1548928947.083004,33
1548928947.096272,32
1548928947.109505,36
1548928947.122795,36
1548928947.136096,38
1548928947.149353,39
1548928947.162679,37
1548928947.176061,36
1548928947.189353,36
1548928947.202696,27
1548928947.216068,27
1548928947.229391,25
1548928947.242772,29
1548928947.256102,27
1548928947.269374,32
1548928947.282677,32
1548928947.295962,34
1548928947.309199,36
1548928947.322466,36
1548928947.335755,34
1548928947.349581,36
1548928947.362929,39
1548928947.376187,38
1548928947.389409,40
1548928947.402713,39
1548928947.415991,33
1548928947.429239,30
1548928947.442565,23
1548928947.455850,21
1548928947.469356,23
1548928947.482670,26
1548928947.496016,29
1548928947.509273,32
1548928947.522542,33
1548928947.535811,37
1548928947.549106,36
1548928947.562355,39
1548928947.575658,37
1548928947.588919,33
1548928947.602192,33
1548928947.615527,39
1548928947.628844,35
1548928947.642104,39
1548928947.655389,39
1548928947.668661,37
1548928947.681969,37
1548928947.695244,33
1548928947.708519,26
1548928947.721798,26
1548928947.735110,23
1548928947.748404,24
1548928947.761817,29
1548928947.775696,35
1548928947.789108,35
1548928947.802574,37
1548928947.815891,37
1548928947.829169,32
1548928947.842488,36
1548928947.855779,36
1548928947.869064,37
1548928947.882366,32
1548928947.895927,36
1548928947.909284,35
1548928947.922587,38
1548928947.935894,40
1548928947.949156,39
1548928947.962641,34
1548928947.975969,35
1548928947.989292,29
1548928948.002597,28
1548928948.015853,27
1548928948.029031,31
1548928948.042263,34
1548928948.055506,33
1548928948.068749,36
1548928948.082029,37
1548928948.095323,38
1548928948.108610,37
1548928948.121896,40
1548928948.135188,37
1548928948.148461,32
1548928948.162183,32
1548928948.176247,32
1548928948.189980,33
1548928948.203562,32
1548928948.216986,35
1548928948.230313,40
1548928948.243642,38
1548928948.256909,39
1548928948.270221,34
1548928948.283500,30
1548928948.296799,32
1548928948.310116,34
1548928948.323419,33
1548928948.336702,35
1548928948.350018,39
1548928948.363360,40
1548928948.376651,38
1548928948.389960,33
1548928948.403282,28
1548928948.416563,25
1548928948.429858,29
1548928948.443233,28
1548928948.456555,32
1548928948.469866,34
1548928948.483196,37
1548928948.496459,36
1548928948.510000,37
1548928948.523412,35
1548928948.536724,35
1548928948.550056,33
1548928948.563309,32
1548928948.576552,28
1548928948.589833,33
1548928948.603142,30
1548928948.616430,35
1548928948.629722,35
1548928948.643036,39
1548928948.656318,39
1548928948.669543,40
1548928948.682837,37
1548928948.696157,36
1548928948.709454,29
1548928948.722834,28
1548928948.736144,25
1548928948.749466,30
1548928948.762775,32
1548928948.776365,32
1548928948.789670,35
1548928948.803012,33
1548928948.816353,35
1548928948.829626,35
1548928948.842985,37
1548928948.856291,35
1548928948.869582,33
1548928948.883233,26
1548928948.896728,24
1548928948.910344,25
1548928948.923809,31
1548928948.937126,32
1548928948.950503,34
1548928948.963822,35
1548928948.977106,37
1548928948.990410,38
1548928949.003692,39
1548928949.017164,38
1548928949.030560,39
1548928949.043887,36
1548928949.057146,32
1548928949.070472,28
1548928949.083767,29
1548928949.097018,29
1548928949.110332,29
1548928949.123614,31
1548928949.136876,33
1548928949.150187,33
1548928949.163537,39
1548928949.176846,38
1548928949.190368,37
1548928949.203683,39
1548928949.216955,32
1548928949.230251,35
1548928949.243572,31
1548928949.256920,36
1548928949.270229,40
1548928949.283561,39
1548928949.297207,37
1548928949.310815,29
1548928949.324659,18
1548928949.338505,15
1548928949.351984,18
1548928949.365419,21
1548928949.378924,25
1548928949.392288,29
1548928949.405632,27
1548928949.418964,31
1548928949.432267,34
1548928949.445546,35
1548928949.458880,38
1548928949.472176,35
1548928949.485465,33
1548928949.498784,31
1548928949.512450,31
1548928949.525749,32
1548928949.539055,39
1548928949.552400,37
1548928949.565701,36
1548928949.579015,34
1548928949.592315,34
1548928949.605596,36
1548928949.618885,35
1548928949.632174,38
1548928949.645449,38
1548928949.658743,39
1548928949.672067,36
1548928949.685348,32
1548928949.698664,30
1548928949.711953,23
1548928949.725235,28
1548928949.738561,37
1548928949.751909,32
1548928949.765176,35
1548928949.778597,33
1548928949.791967,27
1548928949.805249,28
1548928949.818573,32
1548928949.831886,31
1548928949.845129,32
1548928949.858469,38
1548928949.871736,40
1548928949.885092,38
1548928949.898709,34
1548928949.912198,23
1548928949.925626,25
1548928949.938980,27
1548928949.952294,35
1548928949.965577,29
1548928949.978893,36
1548928949.992207,37
1548928950.005483,36
1548928950.018738,35
1548928950.032075,29
1548928950.045393,29
1548928950.058747,35
1548928950.072054,33
1548928950.085328,36
1548928950.098665,36
1548928950.111959,38
1548928950.125247,36
1548928950.138563,35
1548928950.151858,31
1548928950.165179,31
1548928950.178567,37
1548928950.191889,39
1548928950.205220,39
1548928950.218514,36
1548928950.231825,36
1548928950.245451,30
1548928950.258783,29
1548928950.272103,28
1548928950.285434,30
1548928950.298751,28
1548928950.312143,32
1548928950.325999,40
1548928950.340202,37
1548928950.354070,38
1548928950.367537,28
1548928950.380905,24
1548928950.394243,23
1548928950.407601,24
1548928950.420834,26
1548928950.434137,31
1548928950.447436,32
1548928950.460822,31
1548928950.474131,40
1548928950.487436,37
1548928950.500752,40
1548928950.514057,39
1548928950.527367,36
1548928950.540668,24
1548928950.553959,24
1548928950.567255,25
1548928950.580546,28
1548928950.593819,28
1548928950.607139,32
1548928950.620460,34
1548928950.633795,35
1548928950.647057,39
1548928950.660386,39
1548928950.673673,38
1548928950.686990,35
1548928950.700288,36
1548928950.713540,37
1548928950.726846,36
1548928950.740129,33
1548928950.753398,29
1548928950.766740,30
1548928950.780070,33
1548928950.793405,32
1548928950.806738,33
1548928950.820065,37
1548928950.833375,38
1548928950.846674,37
1548928950.860014,36
1548928950.873276,28
1548928950.886648,27
1548928950.899963,32
1548928950.913241,31
1548928950.926855,36
1548928950.940151,35
1548928950.953413,38
1548928950.966784,39
1548928950.980433,40
1548928950.993708,34
1548928951.007285,25
1548928951.020680,26
1548928951.033969,29
1548928951.047253,29
1548928951.060535,32
1548928951.073799,33
1548928951.087147,35
1548928951.100417,36
1548928951.113668,37
1548928951.126987,39
1548928951.140298,40
1548928951.153574,29
1548928951.166966,16
1548928951.180302,20
1548928951.193609,20
1548928951.206933,21
1548928951.220220,26
1548928951.233472,31
1548928951.246781,33
1548928951.260075,34
1548928951.273371,38
1548928951.286709,39
1548928951.300024,37
1548928951.313333,38
1548928951.326653,29
1548928951.339981,30
1548928951.353276,29
1548928951.367016,33
1548928951.380737,31
1548928951.394369,33
1548928951.408132,32
1548928951.421486,36
1548928951.434834,37
1548928951.448184,39
1548928951.461471,38
1548928951.474829,28
1548928951.488115,32
1548928951.501394,28
1548928951.514694,32
1548928951.528001,33
1548928951.541269,39
1548928951.554567,35
1548928951.567883,36
1548928951.581145,38
1548928951.594470,27
1548928951.607787,28
1548928951.621030,28
1548928951.634348,32
1548928951.647634,35
1548928951.660900,36
1548928951.674283,36
1548928951.687565,38
1548928951.700841,38
1548928951.714121,39
1548928951.727400,39
1548928951.740692,37
1548928951.753963,39
1548928951.767242,38
1548928951.780495,38
1548928951.793927,38
1548928951.807265,34
1548928951.820615,33
1548928951.833876,35
1548928951.847278,35
1548928951.860601,35
1548928951.873933,35
1548928951.887273,35
1548928951.900587,27
1548928951.913908,30
1548928951.927177,32
1548928951.940410,33
1548928951.953694,34
1548928951.967164,35
1548928951.980734,40
1548928951.994496,40
1548928952.008032,35
1548928952.021342,34
1548928952.034695,31
1548928952.048019,28
1548928952.061314,33
1548928952.074764,37
1548928952.088105,39
1548928952.101422,40
1548928952.114708,37
1548928952.128014,35
1548928952.141274,35
1548928952.154584,32
1548928952.167985,36
1548928952.181320,36
1548928952.194579,37
1548928952.207883,38
1548928952.221139,37
1548928952.234450,32
1548928952.247725,30
1548928952.260995,30
1548928952.274319,33
1548928952.287623,33
1548928952.300894,34
1548928952.314176,36
1548928952.327444,37
1548928952.340736,37
1548928952.354317,39
1548928952.367898,37
1548928952.382203,35
1548928952.396038,33
1548928952.409387,29
1548928952.422809,31
1548928952.436120,31
1548928952.449412,34
1548928952.462716,37
1548928952.475968,38
1548928952.489204,37
1548928952.502582,38
1548928952.515859,37
1548928952.529062,27
1548928952.542318,30
1548928952.555668,33
1548928952.568954,34
1548928952.582257,34
1548928952.595536,37
1548928952.608834,40
1548928952.622123,37
1548928952.635430,34
1548928952.648752,29
1548928952.662068,27
1548928952.675361,31
1548928952.688672,32
1548928952.701999,33
1548928952.715300,30
1548928952.728544,34
1548928952.741871,39
1548928952.755162,40
1548928952.768468,35
1548928952.781762,30
1548928952.795080,27
1548928952.808397,27
1548928952.821648,27
1548928952.834940,26
1548928952.848253,31
1548928952.861546,31
1548928952.874846,36
1548928952.888149,35
1548928952.901420,33
1548928952.914772,36
1548928952.928124,39
1548928952.941402,35
1548928952.954696,37
1548928952.968268,35
1548928952.981551,35
1548928952.995434,35
1548928953.009180,30
1548928953.022639,31
1548928953.036160,31
1548928953.049442,31
1548928953.062895,35
1548928953.076219,37
1548928953.089500,35
1548928953.102860,36
1548928953.116145,36
1548928953.129413,39
1548928953.142706,34
1548928953.155983,30
1548928953.169275,31
1548928953.182588,33
1548928953.195885,31
1548928953.209149,34
1548928953.222422,31
1548928953.235734,38
1548928953.248994,37
1548928953.262338,39
1548928953.275612,39
1548928953.288849,35
1548928953.302118,30
1548928953.315414,25
1548928953.328692,28
1548928953.342009,28
1548928953.355462,30
1548928953.369156,29
1548928953.382952,32
1548928953.396354,35
1548928953.409662,33
1548928953.423012,38
1548928953.436289,35
1548928953.449539,36
1548928953.462822,35
1548928953.476143,34
1548928953.489417,34
1548928953.502699,31
1548928953.515990,34
1548928953.529401,35
1548928953.542680,35
1548928953.555927,38
1548928953.569213,34
1548928953.582464,38
1548928953.595714,34
1548928953.608949,31
1548928953.622239,33
1548928953.635561,36
1548928953.648805,34
1548928953.662059,37
1548928953.675334,39
1548928953.688595,36
1548928953.701866,37
1548928953.715126,38
1548928953.728462,38
1548928953.741697,34
1548928953.754950,33
1548928953.768230,34
1548928953.781471,30
1548928953.794777,33
1548928953.808045,35
1548928953.821300,37
1548928953.834595,38
1548928953.847851,39
1548928953.861114,35
1548928953.874418,34
1548928953.887666,39
1548928953.900882,36
1548928953.914157,39
1548928953.927425,36
1548928953.940397,33
1548928953.953689,30
1548928953.966932,25
1548928953.980234,24
1548928953.993477,27
1548928954.006735,24
1548928954.020014,27
1548928954.033352,29
1548928954.046640,30
1548928954.059953,31
1548928954.073163,33
1548928954.086394,34
1548928954.099682,36
1548928954.112918,38
1548928954.126470,39
1548928954.139957,39
1548928954.153452,35
1548928954.166821,39
1548928954.180199,30
1548928954.193474,16
1548928954.206796,17
1548928954.220172,20
1548928954.233403,23
1548928954.246715,27
1548928954.260006,30
1548928954.273285,31
1548928954.286580,32
1548928954.299875,31
1548928954.313166,37
1548928954.326410,37
1548928954.339764,39
1548928954.353087,37
1548928954.366439,36
1548928954.379758,33
1548928954.393015,30
1548928954.406305,33
1548928954.419596,33
1548928954.432853,37
1548928954.446165,34
1548928954.459493,38
1548928954.472798,36
1548928954.486086,40
1548928954.499401,36
1548928954.513187,33
1548928954.527180,28
1548928954.540702,34
1548928954.554075,32
1548928954.567422,36
1548928954.580756,37
1548928954.594025,39
1548928954.607349,38
1548928954.620637,39
1548928954.633980,36
1548928954.647267,39
1548928954.660580,36
1548928954.673848,33
1548928954.687192,33
1548928954.700502,34
1548928954.713793,37
1548928954.727033,40
1548928954.740322,40
1548928954.753567,40
1548928954.766876,35
1548928954.780176,28
1548928954.793505,23
1548928954.806818,21
1548928954.820153,22
1548928954.833444,26
1548928954.846736,29
1548928954.860073,31
1548928954.873354,35
1548928954.886722,34
1548928954.900029,36
1548928954.913276,37
1548928954.926577,39
1548928954.939856,38
1548928954.953090,32
1548928954.966377,27
1548928954.979659,29
1548928954.992938,32
1548928955.006238,36
1548928955.019553,36
1548928955.032836,39
1548928955.046135,35
1548928955.059462,37
1548928955.072753,29
1548928955.086023,28
1548928955.099630,24
1548928955.112929,24
1548928955.126250,30
1548928955.139517,27
1548928955.152807,31
1548928955.166172,33
1548928955.179645,37
1548928955.192957,34
1548928955.206820,39
1548928955.220245,36
1548928955.233575,34
1548928955.246917,38
1548928955.260256,40
1548928955.273516,38
1548928955.286826,40
1548928955.300155,36
1548928955.313864,34
1548928955.327167,33
1548928955.340434,31
1548928955.353725,31
1548928955.367039,35
1548928955.380351,34
1548928955.393623,34
1548928955.406909,36
1548928955.420226,36
1548928955.433487,37
1548928955.446811,37
1548928955.460145,37
1548928955.473407,35
1548928955.486705,35
1548928955.500013,26
1548928955.513274,26
1548928955.526553,30
1548928955.539920,30
1548928955.553186,33
1548928955.566492,32
1548928955.579790,37
1548928955.593080,38
1548928955.606565,39
1548928955.620143,35
1548928955.633185,38
1548928955.646560,35
1548928955.659808,38
1548928955.673107,38
1548928955.686426,35
1548928955.699706,37
1548928955.712974,34
1548928955.726259,33
1548928955.739552,33
1548928955.752866,30
1548928955.766131,35
1548928955.779418,35
1548928955.792707,38
1548928955.806013,38
1548928955.819274,35
1548928955.832579,36
1548928955.845835,36
1548928955.859125,35
1548928955.872438,36
1548928955.885706,35
1548928955.899061,30
1548928955.912360,29
1548928955.925646,30
1548928955.938981,36
1548928955.951698,38
1548928955.964617,39
1548928955.977724,38
1548928955.991119,39
1548928956.004455,33
1548928956.017714,33
1548928956.031046,27
1548928956.044322,28
1548928956.057515,34
1548928956.070783,34
1548928956.084055,34
1548928956.097318,37
1548928956.110590,37
1548928956.123873,38
1548928956.137141,37
1548928956.150421,34
1548928956.163742,32
1548928956.177043,30
1548928956.190372,31
1548928956.203715,33
1548928956.217230,35
1548928956.230553,33
1548928956.243877,34
1548928956.257133,39
1548928956.270431,38
1548928956.283768,38
1548928956.297030,35
1548928956.310365,32
1548928956.323715,23
1548928956.336983,23
1548928956.350266,23
1548928956.363554,27
1548928956.376840,27
1548928956.390156,30
1548928956.403488,32
1548928956.416790,30
1548928956.430055,31
1548928956.443364,34
1548928956.456801,36
1548928956.470085,35
1548928956.483435,35
1548928956.496770,28
1548928956.510055,31
1548928956.523367,31
1548928956.536637,33
1548928956.549934,35
1548928956.563156,38
1548928956.576394,38
1548928956.589586,34
1548928956.602834,25
1548928956.616166,28
1548928956.629415,27
1548928956.642723,32
1548928956.656005,33
1548928956.669289,32
1548928956.682665,37
1548928956.695974,37
1548928956.709214,35
1548928956.722548,34
1548928956.735856,33
1548928956.749112,35
1548928956.762459,35
1548928956.775762,39
1548928956.789032,39
1548928956.803027,39
1548928956.816585,37
1548928956.829916,31
1548928956.843378,25
1548928956.856703,29
1548928956.870009,34
1548928956.883314,30
1548928956.896599,35
1548928956.909944,34
1548928956.923345,34
1548928956.936541,36
1548928956.949830,35
1548928956.963085,32
1548928956.976397,31
1548928956.989668,33
1548928957.002970,37
1548928957.016254,34
1548928957.029545,38
1548928957.042839,39
1548928957.056147,40
1548928957.069392,37
1548928957.082708,34
1548928957.095966,20
1548928957.109245,23
1548928957.122499,26
1548928957.135788,26
1548928957.149093,26
1548928957.162411,34
1548928957.175768,31
1548928957.189109,37
1548928957.202446,35
1548928957.215750,36
1548928957.229014,35
1548928957.242363,35
1548928957.255699,32
1548928957.268970,33
1548928957.282259,32
1548928957.295561,25
1548928957.308837,27
1548928957.322153,30
1548928957.335486,35
1548928957.348789,34
1548928957.362082,38
1548928957.375376,34
1548928957.388685,31
1548928957.402010,27
1548928957.415526,23
1548928957.428978,23
1548928957.442360,25
1548928957.455674,30
1548928957.468945,27
1548928957.482262,30
1548928957.495560,28
1548928957.508861,36
1548928957.522162,32
1548928957.535495,36
1548928957.548856,39
1548928957.562165,38
1548928957.575454,38
1548928957.588729,40
1548928957.602121,37
1548928957.615452,36
1548928957.628760,33
1548928957.642110,32
1548928957.655445,29
1548928957.668756,30
1548928957.682066,36
1548928957.695369,35
1548928957.708973,38
1548928957.722428,40
1548928957.736301,38
1548928957.750220,31
1548928957.763795,28
1548928957.777106,23
1548928957.790442,23
1548928957.803751,20
1548928957.817030,23
1548928957.830399,24
1548928957.843707,27
1548928957.856972,30
1548928957.870260,29
1548928957.883533,34
1548928957.896869,30
1548928957.910218,30
1548928957.923501,39
1548928957.936901,35
1548928957.950215,38
1548928957.963481,39
1548928957.976773,38
1548928957.989484,35
1548928958.003617,24
1548928958.016906,27
1548928958.030189,31
1548928958.043514,31
1548928958.056750,32
1548928958.070077,35
1548928958.083392,35
1548928958.096661,39
1548928958.109905,35
1548928958.123234,36
1548928958.136525,36
1548928958.149847,36
1548928958.163171,34
1548928958.176462,30
1548928958.189805,29
1548928958.203159,33
1548928958.216454,31
1548928958.229719,35
1548928958.243018,39
1548928958.256345,38
1548928958.269602,36
1548928958.282938,34
1548928958.296248,35
1548928958.309703,24
1548928958.323284,24
1548928958.336655,20
1548928958.349979,27
1548928958.363302,28
1548928958.376652,31
1548928958.389989,34
1548928958.403327,35
1548928958.416634,34
1548928958.429954,36
1548928958.443364,34
1548928958.456747,35
1548928958.470074,37
1548928958.483345,39
1548928958.496652,39
1548928958.509960,35
1548928958.523287,34
1548928958.536609,27
1548928958.549911,29
1548928958.563230,29
1548928958.576497,28
1548928958.589778,32
1548928958.603014,31
1548928958.616336,34
1548928958.629652,36
1548928958.642973,38
1548928958.656265,38
1548928958.669534,40
1548928958.682940,40
1548928958.696276,36
1548928958.709548,31
1548928958.722858,32
1548928958.736138,30
1548928958.749428,30
1548928958.762744,32
1548928958.776066,35
1548928958.789335,34
1548928958.802660,37
1548928958.816033,28
1548928958.829333,26
1548928958.842653,31
1548928958.855932,30
1548928958.869184,32
1548928958.882487,33
1548928958.895757,36
1548928958.909006,37
1548928958.922710,37
1548928958.936130,37
1548928958.949622,39
1548928958.963028,36
1548928958.976514,35
1548928958.989913,32
1548928959.003269,32
1548928959.016608,33
1548928959.029929,34
1548928959.043206,39
1548928959.056468,37
1548928959.069703,33
1548928959.082991,37
1548928959.096421,37
1548928959.109740,36
1548928959.123037,34
1548928959.136340,30
1548928959.149607,33
1548928959.162965,33
1548928959.176295,37
1548928959.189582,37
1548928959.202924,33
1548928959.216225,39
1548928959.229511,31
1548928959.242841,31
1548928959.256144,24
1548928959.269457,27
1548928959.282778,27
1548928959.296096,30
1548928959.309379,32
1548928959.322701,32
1548928959.335995,33
1548928959.349301,35
1548928959.362613,39
1548928959.375928,38
1548928959.389229,38
1548928959.403035,36
1548928959.417044,36
1548928959.430591,32
1548928959.444036,35
1548928959.457386,37
1548928959.470806,36
1548928959.484138,36
1548928959.497449,32
1548928959.510729,32
1548928959.524021,33
1548928959.537287,39
1548928959.550587,38
1548928959.563931,36
1548928959.577216,26
1548928959.590524,26
1548928959.603849,32
1548928959.617093,29
1548928959.630380,33
1548928959.643644,31
1548928959.656917,37
1548928959.670217,35
1548928959.683519,37
1548928959.696803,34
1548928959.710129,35
1548928959.723433,31
1548928959.736717,24
1548928959.750008,28
1548928959.763292,29
1548928959.776567,31
1548928959.789875,34
1548928959.803165,35
1548928959.816498,39
1548928959.829809,39
1548928959.843099,39
1548928959.856416,37
1548928959.869665,35
1548928959.882985,25
1548928959.896317,30
1548928959.909569,29
1548928959.922863,29
1548928959.936147,32
1548928959.949409,34
1548928959.962729,37
1548928959.976084,39
1548928959.989802,37
1548928960.003293,36
1548928960.016608,34
1548928960.029908,32
1548928960.043182,33
1548928960.057045,33
1548928960.070532,37
1548928960.084049,36
1548928960.097347,37
1548928960.110657,39
1548928960.123960,39
1548928960.137213,38
1548928960.150537,36
1548928960.164089,37
1548928960.177380,38
1548928960.190735,37
1548928960.204045,38
1548928960.217377,34
1548928960.230703,26
1548928960.243997,25
1548928960.257302,27
1548928960.270605,29
1548928960.283896,30
1548928960.297205,35
1548928960.310500,34
1548928960.323850,36
1548928960.337130,38
1548928960.350526,38
1548928960.363860,39
1548928960.377148,39
1548928960.390482,37
1548928960.403863,36
1548928960.417144,30
1548928960.430445,31
1548928960.443995,30
1548928960.457580,32
1548928960.471303,33
1548928960.485147,34
1548928960.498529,38
1548928960.511942,38
1548928960.525259,38
1548928960.538579,39
1548928960.551887,40
1548928960.565210,34
1548928960.578527,35
1548928960.591818,33
1548928960.605104,31
1548928960.618415,33
1548928960.631728,34
1548928960.644988,34
1548928960.658294,32
1548928960.671677,36
1548928960.684970,38
1548928960.698300,38
1548928960.711605,35
1548928960.724834,28
1548928960.738102,25
1548928960.751394,23
1548928960.764701,23
1548928960.778017,32
1548928960.791298,31
1548928960.804602,35
1548928960.817949,36
1548928960.831262,38
1548928960.844562,39
1548928960.857865,38
1548928960.871163,35
1548928960.884445,38
1548928960.897725,38
1548928960.911016,35
1548928960.924366,21
1548928960.937639,24
1548928960.950955,24
1548928960.964255,26
1548928960.977533,29
1548928960.990839,33
1548928961.004157,32
1548928961.017725,34
1548928961.031123,34
1548928961.044445,37
1548928961.058071,37
1548928961.071400,38
1548928961.084712,37
1548928961.098008,27
1548928961.111342,26
1548928961.124635,31
1548928961.137944,27
1548928961.151236,29
1548928961.164698,32
1548928961.178042,34
1548928961.191396,37
1548928961.204698,36
1548928961.218020,36
1548928961.231345,33
1548928961.244658,28
1548928961.257964,20
1548928961.271266,24
1548928961.284602,28
1548928961.297948,32
1548928961.311271,37
1548928961.324567,36
1548928961.337885,40
1548928961.351205,38
1548928961.364471,31
1548928961.377735,28
1548928961.391024,28
1548928961.404445,28
1548928961.418177,32
1548928961.431982,34
1548928961.445399,34
1548928961.458704,40
1548928961.472020,37
1548928961.485288,39
1548928961.498614,37
1548928961.511945,37
1548928961.525323,30
1548928961.538636,31
1548928961.551916,36
1548928961.565202,39
1548928961.578522,39
1548928961.591807,39
1548928961.605061,38
1548928961.618422,39
1548928961.631715,36
1548928961.644992,29
1548928961.658273,24
1548928961.671553,29
1548928961.684856,33
1548928961.698185,35
1548928961.711526,35
1548928961.724837,40
1548928961.738122,39
1548928961.751412,39
1548928961.764710,39
1548928961.777986,34
1548928961.791291,28
1548928961.804631,27
1548928961.817937,33
1548928961.831331,29
1548928961.844607,31
1548928961.857869,31
1548928961.871162,38
1548928961.884444,37
1548928961.897751,37
1548928961.911046,34
1548928961.924449,35
1548928961.937951,27
1548928961.951319,28
1548928961.964721,27
1548928961.978077,27
1548928961.991692,32
1548928962.004967,33
1548928962.018310,35
1548928962.031657,36
1548928962.044944,36
1548928962.058573,34
1548928962.072433,33
1548928962.085716,32
1548928962.099018,31
1548928962.112315,34
1548928962.125579,36
1548928962.138902,39
1548928962.152196,38
1548928962.165435,38
1548928962.178865,39
1548928962.192268,39
1548928962.205579,39
1548928962.218965,29
1548928962.232286,25
1548928962.245538,29
1548928962.258853,29
1548928962.272128,36
1548928962.285405,36
1548928962.299028,38
1548928962.313088,37
1548928962.326675,39
1548928962.340505,40
1548928962.353880,39
1548928962.367215,31
1548928962.380524,29
1548928962.393816,29
1548928962.407132,30
1548928962.420473,33
1548928962.433746,36
1548928962.447059,39
1548928962.460397,39
1548928962.473672,36
1548928962.486963,30
1548928962.500286,17
1548928962.513548,22
1548928962.526901,25
1548928962.540277,24
1548928962.553549,26
1548928962.566819,34
1548928962.580103,28
1548928962.593349,32
1548928962.606641,36
1548928962.619956,36
1548928962.633227,38
1548928962.646517,37
1548928962.659810,38
1548928962.673081,32
1548928962.686389,34
1548928962.699700,37
1548928962.712972,35
1548928962.726276,38
1548928962.739602,30
1548928962.752840,27
1548928962.766172,28
1548928962.779462,28
1548928962.792794,30
1548928962.806103,35
1548928962.819387,36
1548928962.832663,39
1548928962.845948,40
1548928962.859324,39
1548928962.872613,36
1548928962.885879,34
1548928962.899173,29
1548928962.912935,34
1548928962.926762,37
1548928962.940335,34
1548928962.953653,35
1548928962.966979,35
1548928962.980362,37
1548928962.993601,34
1548928963.006903,34
1548928963.020238,26
1548928963.033639,30
1548928963.046984,29
1548928963.060475,31
1548928963.073753,33
1548928963.087009,34
1548928963.100343,35
1548928963.113576,38
1548928963.126878,36
1548928963.140191,38
1548928963.153422,39
1548928963.166726,36
1548928963.180062,35
1548928963.193370,34
1548928963.206669,34
1548928963.219999,36
1548928963.233345,37
1548928963.246671,33
1548928963.259994,28
1548928963.273475,25
1548928963.287209,26
1548928963.300956,29
1548928963.314593,30
1548928963.328034,34
1548928963.341372,35
1548928963.354750,37
1548928963.368034,37
1548928963.381342,39
1548928963.394654,38
1548928963.407974,35
1548928963.421398,37
1548928963.434732,38
1548928963.448072,31
1548928963.461392,36
1548928963.474706,34
1548928963.488003,39
1548928963.501270,39
1548928963.514620,39
1548928963.527932,38
1548928963.541193,33
1548928963.554476,32
1548928963.567812,35
1548928963.581194,37
1548928963.594538,38
1548928963.607837,39
1548928963.621138,38
1548928963.634452,38
1548928963.647766,37
1548928963.661062,34
1548928963.674385,31
1548928963.687700,23
1548928963.700973,24
1548928963.714260,30
1548928963.727606,33
1548928963.740862,32
1548928963.754136,33
1548928963.767418,34
1548928963.780720,39
1548928963.794074,38
1548928963.807382,38
1548928963.820683,39
1548928963.834112,35
1548928963.847471,30
1548928963.861280,28
1548928963.874635,28
1548928963.887965,29
1548928963.901260,32
1548928963.914650,34
1548928963.928082,33
1548928963.941357,36
1548928963.954725,37
1548928963.968049,38
1548928963.981303,37
1548928963.994594,37
1548928964.007920,40
1548928964.021373,35
1548928964.034694,35
1548928964.048024,36
1548928964.061301,37
1548928964.074855,38
1548928964.088256,38
1548928964.101534,36
1548928964.114827,39
1548928964.128135,33
1548928964.141413,32
1548928964.154705,29
1548928964.168085,33
1548928964.181392,31
1548928964.194754,39
1548928964.208079,37
1548928964.221544,37
1548928964.235519,38
1548928964.249299,38
1548928964.263093,38
1548928964.276450,37
1548928964.289795,38
1548928964.303152,38
1548928964.316461,40
1548928964.329814,39
1548928964.343110,39
1548928964.356461,36
1548928964.369740,31
1548928964.383060,32
1548928964.396399,28
1548928964.409702,33
1548928964.423032,31
1548928964.436344,32
1548928964.449634,38
1548928964.462961,38
1548928964.476245,39
1548928964.489500,38
1548928964.502793,36
1548928964.516189,29
1548928964.529457,26
1548928964.542812,27
1548928964.556134,30
1548928964.569414,30
1548928964.582678,31
1548928964.595846,35
1548928964.609080,35
1548928964.622325,39
1548928964.635630,39
1548928964.648897,39
1548928964.662236,36
1548928964.675541,36
1548928964.688824,31
1548928964.702140,35
1548928964.715441,33
1548928964.728723,36
1548928964.742000,30
1548928964.755280,34
1548928964.768561,32
1548928964.781852,35
1548928964.795144,38
1548928964.808417,39
1548928964.821848,37
1548928964.835357,34
1548928964.848676,24
1548928964.862056,23
1548928964.875395,30
1548928964.888680,29
1548928964.901947,31
1548928964.915274,31
1548928964.928752,34
1548928964.942075,35
1548928964.955389,40
1548928964.968680,36
1548928964.982011,35
1548928964.995286,35
1548928965.008591,34
1548928965.021887,37
1548928965.035222,39
1548928965.048517,37
1548928965.061834,34
1548928965.075159,31
1548928965.088463,24
1548928965.101752,28
1548928965.115569,27
1548928965.129074,29
1548928965.142754,29
1548928965.156172,33
1548928965.169600,36
1548928965.183008,36
1548928965.196429,35
1548928965.209786,40
1548928965.223109,35
1548928965.236456,34
1548928965.249749,32
1548928965.263077,34
1548928965.276409,33
1548928965.289735,30
1548928965.303040,29
1548928965.316355,31
1548928965.329618,31
1548928965.342958,35
1548928965.356292,37
1548928965.369549,36
1548928965.382863,38
1548928965.396163,39
1548928965.409461,38
1548928965.422775,39
1548928965.436068,38
1548928965.449344,39
1548928965.462645,39
1548928965.475944,38
1548928965.489381,33
1548928965.503091,31
1548928965.517187,19
1548928965.530856,29
1548928965.544195,28
1548928965.557488,30
1548928965.570799,32
1548928965.584213,33
1548928965.597528,36
1548928965.610867,34
1548928965.624178,38
1548928965.637444,35
1548928965.650735,34
1548928965.664066,31
1548928965.677354,28
1548928965.690664,27
1548928965.703980,26
1548928965.717283,26
1548928965.730665,31
1548928965.744016,31
1548928965.757282,34
1548928965.770633,38
1548928965.783911,37
1548928965.797168,40
1548928965.810480,38
1548928965.823765,39
1548928965.837049,36
1548928965.850359,35
1548928965.863641,34
1548928965.876924,36
1548928965.890251,37
1548928965.903592,39
1548928965.916845,40
1548928965.930172,37
1548928965.943483,38
1548928965.956784,28
1548928965.970084,28
1548928965.983388,29
1548928965.996675,29
1548928966.009958,33
1548928966.023257,34
1548928966.035860,38
1548928966.049179,39
1548928966.062438,40
1548928966.075719,38
1548928966.089476,35
1548928966.103088,33
1548928966.116398,24
1548928966.129655,23
1548928966.142982,23
1548928966.156298,26
1548928966.169623,28
1548928966.183068,32
1548928966.196403,34
1548928966.209660,39
1548928966.223003,37
1548928966.236294,38
1548928966.249579,40
1548928966.262866,38
1548928966.276169,32
1548928966.289462,30
1548928966.302788,27
1548928966.316109,30
1548928966.329407,34
1548928966.343173,33
1548928966.356493,34
1548928966.369925,36
1548928966.383310,36
1548928966.396606,36
1548928966.409957,37
1548928966.423407,29
1548928966.436739,31
1548928966.450131,33
1548928966.463449,33
1548928966.476741,32
1548928966.490037,36
1548928966.503359,37
1548928966.516616,37
1548928966.529892,36
1548928966.543190,38
1548928966.556477,28
1548928966.569752,30
1548928966.583060,30
1548928966.596354,31
1548928966.609630,31
1548928966.622960,33
1548928966.636267,35
1548928966.649522,38
1548928966.662835,39
1548928966.676131,32
1548928966.689406,30
1548928966.702761,35
1548928966.716063,34
1548928966.729366,36
1548928966.742637,38
1548928966.756105,40
1548928966.770149,38
1548928966.783813,23
1548928966.797555,27
1548928966.810992,22
1548928966.824327,26
1548928966.837608,28
1548928966.850949,32
1548928966.864291,36
1548928966.877552,36
1548928966.890928,36
1548928966.904225,36
1548928966.917498,37
1548928966.930923,36
1548928966.943933,25
1548928966.956853,22
1548928966.970129,22
1548928966.983415,22
1548928966.996695,24
1548928967.009998,26
1548928967.023308,28
1548928967.036618,33
1548928967.049878,35
1548928967.063358,36
1548928967.076668,39
1548928967.090142,38
1548928967.103467,39
1548928967.116787,33
1548928967.130088,35
1548928967.143395,33
1548928967.156700,33
1548928967.170048,38
1548928967.183485,39
1548928967.196828,39
1548928967.210157,33
1548928967.223508,35
1548928967.236801,27
1548928967.250175,33
1548928967.263503,31
1548928967.276821,32
1548928967.290131,31
1548928967.303451,35
1548928967.316748,37
1548928967.330019,39
1548928967.343419,37
1548928967.357004,34
1548928967.370537,28
1548928967.383915,29
1548928967.397231,28
1548928967.410558,35
1548928967.423880,33
1548928967.437205,38
1548928967.450512,36
1548928967.463824,38
1548928967.477101,36
1548928967.490424,32
1548928967.503722,25
1548928967.516972,28
1548928967.530611,35
1548928967.544401,35
1548928967.557725,37
1548928967.571277,36
1548928967.584747,39
1548928967.598215,40
1548928967.611688,33
1548928967.625092,28
1548928967.638480,25
1548928967.651803,29
1548928967.665065,30
1548928967.678375,35
1548928967.691744,29
1548928967.705087,33
1548928967.718355,35
1548928967.731701,35
1548928967.744991,38
1548928967.758307,35
1548928967.771623,24
1548928967.784890,20
1548928967.798195,21
1548928967.811517,26
1548928967.824813,26
1548928967.838123,29
1548928967.851479,31
1548928967.864752,31
1548928967.878038,35
1548928967.891590,34
1548928967.905221,37
1548928967.918929,36
1548928967.932766,29
1548928967.946216,30
1548928967.959550,32
1548928967.972931,33
1548928967.986244,33
1548928967.999517,35
1548928968.012760,37
1548928968.026070,35
1548928968.039364,36
1548928968.052650,35
1548928968.065940,36
1548928968.079236,37
1548928968.092761,35
1548928968.106063,37
1548928968.119395,33
1548928968.132653,33
1548928968.145888,39
1548928968.159097,37
1548928968.172409,40
1548928968.185739,40
1548928968.199073,34
1548928968.212363,21
1548928968.225694,24
1548928968.238983,28
1548928968.252275,26
1548928968.265559,32
1548928968.278867,31
1548928968.292179,35
1548928968.305460,37
1548928968.318727,40
1548928968.332000,38
1548928968.345290,39
1548928968.358588,38
1548928968.371871,39
1548928968.385178,34
1548928968.398462,34
1548928968.411729,31
1548928968.424978,33
1548928968.438272,35
1548928968.451748,36
1548928968.465147,36
1548928968.478532,35
1548928968.492150,36
1548928968.505475,27
1548928968.518933,21
1548928968.532332,25
1548928968.545712,28
1548928968.559169,29
1548928968.572456,32
1548928968.585736,35
1548928968.599011,34
1548928968.612222,37
1548928968.625450,37
1548928968.638679,37
1548928968.651899,37
1548928968.665158,36
1548928968.678594,30
1548928968.691927,26
1548928968.705211,28
1548928968.718550,28
1548928968.731868,31
1548928968.745142,31
1548928968.758449,33
1548928968.771766,33
1548928968.785039,38
1548928968.798364,35
1548928968.811687,31
1548928968.825067,32
1548928968.838579,37
1548928968.852388,38
1548928968.866262,35
1548928968.879801,37
1548928968.893124,35
1548928968.906487,22
1548928968.919847,22
1548928968.933151,26
1548928968.946478,31
1548928968.959829,29
1548928968.973101,34
1548928968.986394,34
1548928968.999687,37
1548928969.012986,36
1548928969.026330,38
1548928969.039677,34
1548928969.052956,32
1548928969.066254,27
1548928969.079577,25
1548928969.092876,30
1548928969.106174,31
1548928969.119492,31
1548928969.132829,37
1548928969.146158,35
1548928969.159447,37
1548928969.172736,38
1548928969.186125,33
1548928969.199471,35
1548928969.212761,34
1548928969.226025,32
1548928969.239318,33
1548928969.252619,32
1548928969.265952,36
1548928969.279248,35
1548928969.292539,35
1548928969.305834,37
1548928969.319129,35
1548928969.332413,35
1548928969.345727,36
1548928969.359034,36
1548928969.372504,31
1548928969.385997,32
1548928969.399592,33
1548928969.413030,34
1548928969.426335,38
1548928969.439680,36
1548928969.452976,38
1548928969.466273,39
1548928969.479619,39
1548928969.492957,34
1548928969.506636,25
1548928969.520005,26
1548928969.533325,30
1548928969.546619,32
1548928969.559920,33
1548928969.573227,36
1548928969.586533,40
1548928969.599787,38
1548928969.613083,19
1548928969.626393,22
1548928969.639697,24
1548928969.652954,25
1548928969.666273,29
1548928969.679568,34
1548928969.692825,37
1548928969.706147,40
1548928969.719489,38
1548928969.732847,39
1548928969.746154,23
1548928969.759442,20
1548928969.772719,24
1548928969.786625,27
1548928969.800688,31
1548928969.814171,34
1548928969.827542,34
1548928969.840918,40
1548928969.854247,37
1548928969.867607,35
1548928969.880888,34
1548928969.894224,24
1548928969.907524,30
1548928969.920851,29
1548928969.934233,31
1548928969.947546,33
1548928969.960778,33
1548928969.974103,37
1548928969.987390,36
1548928970.000683,38
1548928970.014005,36
1548928970.027294,35
1548928970.040584,32
1548928970.053868,34
1548928970.067196,35
1548928970.080510,38
1548928970.093870,37
1548928970.107117,39
1548928970.120426,39
1548928970.133718,36
1548928970.147095,33
1548928970.160412,31
1548928970.173693,32
1548928970.187043,31
1548928970.200366,33
1548928970.213657,35
1548928970.226968,38
1548928970.240296,36
1548928970.253577,39
1548928970.266892,36
1548928970.280208,31
1548928970.293496,23
1548928970.306790,22
1548928970.320124,24
1548928970.333395,30
1548928970.346693,32
1548928970.359976,35
1548928970.373494,37
1548928970.386868,38
1548928970.400215,39
1548928970.413509,38
1548928970.426834,34
1548928970.440207,35
1548928970.453504,33
1548928970.466846,26
1548928970.480191,26
1548928970.493477,27
1548928970.506754,32
1548928970.520113,32
1548928970.533427,38
1548928970.546736,37
1548928970.560038,39
1548928970.573320,37
1548928970.586788,36
1548928970.600157,33
1548928970.613467,30
1548928970.626798,32
1548928970.640116,34
1548928970.653410,38
1548928970.666726,40
1548928970.680050,37
1548928970.693339,31
1548928970.706648,27
1548928970.719950,33
1548928970.733238,33
1548928970.746523,33
1548928970.759860,33
1548928970.773169,36
1548928970.786479,37
1548928970.799786,36
1548928970.813052,34
1548928970.826348,38
1548928970.839681,38
1548928970.852972,39
1548928970.866273,37
1548928970.879569,38
1548928970.892838,39
1548928970.906119,35
1548928970.919438,37
1548928970.932807,31
1548928970.946120,20
1548928970.959430,23
1548928970.973100,22
1548928970.986498,27
1548928970.999874,29
1548928971.013205,29
1548928971.026652,35
1548928971.040166,39
1548928971.053667,39
1548928971.067106,36
1548928971.080479,38
1548928971.093809,22
1548928971.107407,22
1548928971.120739,23
1548928971.134043,25
1548928971.147351,29
1548928971.160641,26
1548928971.173980,31
1548928971.187320,35
1548928971.200683,39
1548928971.214047,38
1548928971.227397,39
1548928971.240710,32
1548928971.254025,31
1548928971.267313,33
1548928971.280601,36
1548928971.293880,36
1548928971.307196,40
1548928971.320543,38
1548928971.333885,36
1548928971.347191,32
1548928971.360509,31
1548928971.373831,26
1548928971.387375,24
1548928971.400993,24
1548928971.415182,29
1548928971.429144,31
1548928971.442674,33
1548928971.456133,32
1548928971.469500,35
1548928971.482914,34
1548928971.496251,38
1548928971.509535,39
1548928971.522853,35
1548928971.536193,23
1548928971.549476,27
1548928971.562785,29
1548928971.576071,29
1548928971.589363,31
1548928971.602642,30
1548928971.615961,30
1548928971.629240,34
1548928971.642532,35
1548928971.655834,39
1548928971.669115,40
1548928971.682411,36
1548928971.695707,30
1548928971.708989,22
1548928971.722272,24
1548928971.735638,22
1548928971.748919,26
1548928971.762256,29
1548928971.775516,29
1548928971.788811,31
1548928971.802222,29
1548928971.815556,31
1548928971.828826,34
1548928971.842126,37
1548928971.855452,36
1548928971.868751,38
1548928971.882054,23
1548928971.895355,24
1548928971.908677,23
1548928971.922008,25
1548928971.935308,27
1548928971.948613,25
1548928971.961969,28
1548928971.975248,27
1548928971.988487,31
1548928972.002257,32
1548928972.015706,36
1548928972.028982,37
1548928972.042334,38
1548928972.055638,36
1548928972.068922,34
1548928972.082257,25
1548928972.095542,28
1548928972.108871,28
1548928972.122196,29
1548928972.135496,29
1548928972.148792,29
1548928972.162161,35
1548928972.175457,36
1548928972.188777,36
1548928972.202126,37
1548928972.215429,37
1548928972.228719,35
1548928972.242025,25
1548928972.255319,22
1548928972.268624,20
1548928972.281908,25
1548928972.295220,29
1548928972.308528,28
1548928972.321820,30
1548928972.335108,36
1548928972.348442,35
1548928972.361711,39
1548928972.373873,39
1548928972.386431,39
1548928972.399458,38
1548928972.412749,28
1548928972.426010,26
1548928972.439353,31
1548928972.452672,29
1548928972.465961,30
1548928972.479271,29
1548928972.492541,34
1548928972.505817,33
1548928972.519160,35
1548928972.532454,34
1548928972.545751,32
1548928972.559062,33
1548928972.572340,33
1548928972.585583,36
1548928972.599102,36
1548928972.612577,38
1548928972.625876,39
1548928972.639189,37
1548928972.652507,40
1548928972.665820,38
1548928972.679151,38
1548928972.692457,37
1548928972.705864,39
1548928972.719352,38
1548928972.732728,39
1548928972.746274,39
1548928972.759624,33
1548928972.772922,33
1548928972.786250,32
1548928972.799543,35
1548928972.812856,37
1548928972.826182,37
1548928972.839490,39
1548928972.852836,40
1548928972.866189,38
1548928972.879476,34
1548928972.892776,34
1548928972.906049,29
1548928972.919330,32
1548928972.932697,31
1548928972.946295,35
1548928972.959688,34
1548928972.972981,38
1548928972.986331,37
1548928972.999632,34
1548928973.012895,34
1548928973.026203,36
1548928973.039550,34
1548928973.052847,32
1548928973.066107,32
1548928973.079459,36
1548928973.093088,33
1548928973.107069,39
1548928973.121054,39
1548928973.134440,36
1548928973.147835,36
1548928973.161150,31
1548928973.174488,24
1548928973.187860,23
1548928973.201317,22
1548928973.214699,27
1548928973.228016,23
1548928973.241356,28
1548928973.254672,29
1548928973.267983,35
1548928973.281286,35
1548928973.294567,37
1548928973.307851,33
1548928973.321117,36
1548928973.334393,36
1548928973.347696,38
1548928973.361003,37
1548928973.374266,32
1548928973.387548,34
1548928973.400854,36
1548928973.414137,34
1548928973.427444,37
1548928973.440742,35
1548928973.454011,35
1548928973.467289,38
1548928973.480569,30
1548928973.493861,33
1548928973.507185,30
1548928973.520691,33
1548928973.534440,34
1548928973.547801,37
1548928973.561424,37
1548928973.574756,39
1548928973.588086,39
1548928973.601337,40
1548928973.614642,37
1548928973.627996,32
1548928973.641495,30
1548928973.654847,33
1548928973.668165,29
1548928973.681466,34
1548928973.694814,34
1548928973.708151,37
1548928973.721438,40
1548928973.734729,38
1548928973.748018,38
1548928973.761281,35
1548928973.774635,30
1548928973.787978,29
1548928973.801240,22
1548928973.814536,25
1548928973.827839,28
1548928973.841132,29
1548928973.854415,36
1548928973.867713,36
1548928973.881081,39
1548928973.894752,39
1548928973.908279,39
1548928973.921963,39
1548928973.935343,35
1548928973.948636,33
1548928973.961936,29
1548928973.975225,28
1548928973.988556,30
1548928974.001868,32
1548928974.015149,34
1548928974.028438,37
1548928974.041724,40
1548928974.055098,40
1548928974.068452,39
1548928974.081723,30
1548928974.094289,27
1548928974.107598,22
1548928974.120944,26
1548928974.134284,30
1548928974.147594,31
1548928974.160843,33
1548928974.174135,36
1548928974.187490,39
1548928974.200830,39
1548928974.214128,40
1548928974.227515,34
1548928974.240820,27
1548928974.254137,29
1548928974.267459,29
1548928974.280743,33
1548928974.294040,33
1548928974.307383,32
1548928974.320682,36
1548928974.333967,36
1548928974.347317,39
1548928974.360601,38
1548928974.373899,37
1548928974.387186,34
1548928974.400522,30
1548928974.413806,29
1548928974.427070,28
1548928974.440382,29
1548928974.453654,34
1548928974.466978,33
1548928974.480453,38
1548928974.493793,36
1548928974.507082,36
1548928974.520408,38
1548928974.533702,40
1548928974.547023,39
1548928974.560311,38
1548928974.573579,29
1548928974.586883,34
1548928974.600201,33
1548928974.613469,37
1548928974.626794,36
1548928974.640047,38
1548928974.653337,40
1548928974.666630,38
1548928974.679984,27
1548928974.693281,33
1548928974.706612,31
1548928974.719895,33
1548928974.733186,31
1548928974.746472,36
1548928974.759757,31
1548928974.773021,37
1548928974.786334,36
1548928974.799637,40
1548928974.812907,36
1548928974.826228,38
1548928974.839511,38
1548928974.852824,38
1548928974.866148,37
1548928974.879473,39
1548928974.892771,40
1548928974.906061,36
1548928974.919341,38
1548928974.932816,39
1548928974.947159,40
1548928974.961227,38
1548928974.974656,40
1548928974.988096,39
1548928975.001542,35
1548928975.014944,36
1548928975.028369,39
1548928975.041720,37
1548928975.055120,37
1548928975.068490,38
1548928975.081972,38
1548928975.095332,36
1548928975.108668,33
1548928975.122010,31
1548928975.135300,27
1548928975.148636,28
1548928975.161953,28
1548928975.175278,29
1548928975.188753,30
1548928975.202074,31
1548928975.215398,35
1548928975.228658,36
1548928975.242057,39
1548928975.255357,37
1548928975.268729,36
1548928975.282011,39
1548928975.295281,39
1548928975.308567,38
1548928975.321931,34
1548928975.335204,32
1548928975.348502,32
1548928975.362167,31
1548928975.375991,32
1548928975.389878,33
1548928975.403461,38
1548928975.417030,39
1548928975.430464,39
1548928975.444047,38
1548928975.457626,35
1548928975.471064,35
1548928975.484525,37
1548928975.497996,35
1548928975.511343,34
1548928975.524642,35
1548928975.537971,33
1548928975.551325,34
1548928975.564632,39
1548928975.577959,38
1548928975.591297,38
1548928975.604652,36
1548928975.617958,34
1548928975.631275,33
1548928975.644579,34
1548928975.657917,33
1548928975.671593,34
1548928975.685135,34
1548928975.698268,37
1548928975.711632,37
1548928975.724940,38
1548928975.738319,39
1548928975.751691,34
1548928975.765076,24
1548928975.778418,17
1548928975.791749,24
1548928975.804976,24
1548928975.818293,22
1548928975.831592,27
1548928975.844819,30
1548928975.858057,36
1548928975.871319,33
1548928975.884576,38
1548928975.897846,38
1548928975.911040,39
1548928975.924212,33
1548928975.937322,33
1548928975.950538,31
1548928975.963822,29
1548928975.977099,29
1548928975.990376,31
1548928976.003658,35
1548928976.016937,35
1548928976.030244,36
1548928976.043502,38
1548928976.056743,39
1548928976.069985,39
1548928976.083280,40
1548928976.096546,33
1548928976.109500,34
1548928976.122739,32
1548928976.136110,35
1548928976.149409,35
1548928976.162721,30
1548928976.176015,33
1548928976.189273,37
1548928976.202961,38
1548928976.216367,34
1548928976.229643,24
1548928976.242937,26
1548928976.256170,22
1548928976.269724,26
1548928976.283183,31
1548928976.296454,29
1548928976.309757,35
1548928976.323012,33
1548928976.336315,36
1548928976.349592,39
1548928976.362878,38
1548928976.376171,39
1548928976.389437,32
1548928976.402751,33
1548928976.416033,29
1548928976.429262,33
1548928976.442534,37
1548928976.455832,38
1548928976.469103,36
1548928976.482438,40
1548928976.495713,31
1548928976.509007,33
1548928976.522258,31
1548928976.535536,32
1548928976.548830,32
1548928976.562135,36
1548928976.575440,34
1548928976.588718,39
1548928976.602035,34
1548928976.615366,38
1548928976.628790,35
1548928976.642358,34
1548928976.655853,33
1548928976.669169,31
1548928976.682518,30
1548928976.695803,33
1548928976.709142,36
1548928976.722449,34
1548928976.735688,35
1548928976.748915,37
1548928976.762174,38
1548928976.775485,40
1548928976.788746,36
1548928976.802030,39
1548928976.815381,37
1548928976.828697,36
1548928976.842060,30
1548928976.855365,31
1548928976.868721,28
1548928976.882166,27
1548928976.895468,26
1548928976.908825,28
1548928976.922129,29
1548928976.935439,35
1548928976.948742,34
1548928976.962100,39
1548928976.975022,39
1548928976.988157,39
1548928977.001473,37
1548928977.014747,35
1548928977.028072,27
1548928977.041567,22
1548928977.054933,26
1548928977.068276,28
1548928977.081553,31
1548928977.094868,28
1548928977.108149,35
1548928977.121442,36
1548928977.134839,39
1548928977.148135,39
1548928977.161411,38
1548928977.174746,38
1548928977.188145,29
1548928977.201719,25
1548928977.215061,27
1548928977.228367,30
1548928977.241630,28
1548928977.254970,35
1548928977.268283,37
1548928977.281565,39
1548928977.294921,40
1548928977.308240,37
1548928977.321470,30
1548928977.334777,27
1548928977.348095,29
1548928977.361389,30
1548928977.374681,30
1548928977.388069,31
1548928977.401338,33
1548928977.414644,38
1548928977.427917,35
1548928977.441228,37
1548928977.454548,34
1548928977.468081,26
1548928977.481572,24
1548928977.494855,26
1548928977.508910,26
1548928977.522195,28
1548928977.535463,28
1548928977.548702,31
1548928977.561972,30
1548928977.575224,34
1548928977.588456,37
1548928977.601804,38
1548928977.615139,39
1548928977.628440,35
1548928977.641693,30
1548928977.654976,27
1548928977.668245,26
1548928977.681500,26
1548928977.694766,26
1548928977.708041,30
1548928977.721252,34
1548928977.734540,34
1548928977.747833,37
1548928977.761075,37
1548928977.774327,39
1548928977.787625,39
1548928977.800874,35
1548928977.814129,35
1548928977.827377,29
1548928977.840616,31
1548928977.853924,34
1548928977.867169,35
1548928977.880436,35
1548928977.893736,35
1548928977.907059,34
1548928977.920329,35
1548928977.933671,40
1548928977.946976,38
1548928977.960233,33
1548928977.973466,33
1548928977.986774,28
1548928978.000107,26
1548928978.013374,29
1548928978.026673,33
1548928978.039991,37
1548928978.053280,38
1548928978.066611,34
1548928978.080155,37
1548928978.093507,37
1548928978.106802,39
1548928978.120122,35
1548928978.132658,36
1548928978.146166,34
1548928978.159494,33
1548928978.172829,34
1548928978.186185,31
1548928978.199687,33
1548928978.213135,36
1548928978.226565,36
1548928978.239893,37
1548928978.253156,36
1548928978.266461,35
1548928978.279751,38
1548928978.293023,36
1548928978.306338,24
1548928978.319668,22
1548928978.333016,21
1548928978.346364,25
1548928978.359745,25
1548928978.373017,32
1548928978.386347,28
1548928978.399636,29
1548928978.412936,33
1548928978.426289,34
1548928978.439579,35
1548928978.452881,37
1548928978.466192,37
1548928978.479522,38
1548928978.492788,33
1548928978.506090,31
1548928978.519387,28
1548928978.532671,29
1548928978.545978,29
1548928978.559275,32
1548928978.572588,35
1548928978.585872,34
1548928978.599189,35
1548928978.612446,36
1548928978.625730,37
1548928978.639015,35
1548928978.652368,24
1548928978.665625,23
1548928978.679341,23
1548928978.692689,25
1548928978.706107,28
1548928978.719438,26
1548928978.732773,33
1548928978.746066,37
1548928978.759411,39
1548928978.772707,39
1548928978.786052,35
1548928978.799546,31
1548928978.812859,27
1548928978.826211,30
1548928978.839533,32
1548928978.852858,33
1548928978.866197,35
1548928978.879527,37
1548928978.892823,36
1548928978.906117,39
1548928978.919515,38
1548928978.932880,33
1548928978.946194,38
1548928978.959494,37
1548928978.972845,36
1548928978.986180,32
1548928978.999500,23
1548928979.012876,30
1548928979.026110,26
1548928979.039413,26
1548928979.052711,26
1548928979.066091,28
1548928979.079424,31
1548928979.092786,35
1548928979.106106,36
1548928979.119459,35
1548928979.132768,31
1548928979.146042,27
1548928979.159379,29
1548928979.172710,30
1548928979.186111,33
1548928979.199557,30
1548928979.213012,31
1548928979.226368,32
1548928979.239683,36
1548928979.252956,34
1548928979.266274,34
1548928979.279774,29
1548928979.293079,27
1548928979.306404,29
1548928979.319685,26
1548928979.333036,27
1548928979.346413,28
1548928979.359787,34
1548928979.373114,33
1548928979.386398,38
1548928979.399682,35
1548928979.412975,36
1548928979.426273,33
1548928979.439587,35
1548928979.452891,24
1548928979.466198,23
1548928979.479536,26
1548928979.492860,27
1548928979.506149,32
1548928979.519467,33
1548928979.532766,33
1548928979.546047,34
1548928979.559339,33
1548928979.572651,38
1548928979.585959,37
1548928979.599275,38
1548928979.612535,37
1548928979.625816,28
1548928979.639124,27
1548928979.652429,29
1548928979.665719,30
1548928979.679033,29
1548928979.692339,31
1548928979.705609,37
1548928979.718904,35
1548928979.732177,40
1548928979.745478,39
1548928979.758775,37
1548928979.772080,24
1548928979.785353,27
1548928979.798659,25
1548928979.812024,28
1548928979.825312,31
1548928979.838623,32
1548928979.851975,38
1548928979.865249,36
1548928979.878758,38
1548928979.892125,39
1548928979.905402,33
1548928979.918743,30
1548928979.932048,33
1548928979.945329,26
1548928979.958642,25
1548928979.971949,32
1548928979.985257,32
1548928979.998607,33
1548928980.011959,38
1548928980.025242,36
1548928980.038547,37
1548928980.051853,39
1548928980.065147,36
1548928980.078505,36
1548928980.092208,31
1548928980.105660,25
1548928980.119143,27
1548928980.132508,30
1548928980.146115,30
1548928980.159479,32
1548928980.172840,31
1548928980.186217,36
1548928980.199556,38
1548928980.213055,40
1548928980.226338,36
1548928980.239607,32
1548928980.252839,29
1548928980.266103,26
1548928980.279426,32
1548928980.292703,32
1548928980.306004,34
1548928980.319262,31
1548928980.332537,36
1548928980.345901,37
1548928980.359171,38
1548928980.372438,33
1548928980.385712,33
1548928980.398996,31
1548928980.412217,32
1548928980.425495,33
1548928980.438791,36
1548928980.452198,37
1548928980.465486,34
1548928980.478974,34
1548928980.492222,38
1548928980.505498,37
1548928980.518714,33
1548928980.531982,32
1548928980.545206,34
1548928980.558469,35
1548928980.571792,36
1548928980.585030,32
1548928980.598236,37
1548928980.611551,40
1548928980.624792,38
1548928980.638065,37
1548928980.651395,34
1548928980.664685,30
1548928980.677969,25
1548928980.691546,26
1548928980.704962,26
1548928980.718270,28
1548928980.731552,29
1548928980.744838,34
1548928980.758048,33
1548928980.771342,38
1548928980.784650,38
1548928980.797946,37
1548928980.811282,36
1548928980.824621,30
1548928980.837957,32
1548928980.851217,31
1548928980.864563,35
1548928980.877890,34
1548928980.891199,39
1548928980.904506,37
1548928980.917848,36
1548928980.931154,29
1548928980.944477,32
1548928980.957836,29
1548928980.971198,33
1548928980.984467,32
1548928980.997810,35
1548928981.011012,37
1548928981.024291,36
1548928981.037580,37
1548928981.050864,37
1548928981.064121,36
1548928981.077600,39
1548928981.090947,38
1548928981.104284,34
1548928981.117558,37
1548928981.130906,37
1548928981.144225,38
1548928981.157453,37
1548928981.170728,34
1548928981.184067,34
1548928981.197387,32
1548928981.210866,34
1548928981.224222,34
1548928981.237508,36
1548928981.250834,39
1548928981.264177,40
1548928981.277478,38
1548928981.290788,27
1548928981.304092,25
1548928981.317397,28
1548928981.330777,29
1548928981.344094,35
1548928981.357384,33
1548928981.370735,36
1548928981.384170,36
1548928981.397488,35
1548928981.410856,35
1548928981.424188,29
1548928981.437579,24
1548928981.451308,29
1548928981.464694,30
1548928981.478116,33
1548928981.491492,36
1548928981.504845,38
1548928981.518241,35
1548928981.531788,33
1548928981.545127,34
1548928981.558505,34
1548928981.571841,36
1548928981.585132,37
1548928981.598456,38
1548928981.611906,38
1548928981.625234,38
1548928981.638548,36
1548928981.652060,26
1548928981.665422,24
1548928981.678851,18
1548928981.692225,23
1548928981.705503,28
1548928981.718864,29
1548928981.732144,29
1548928981.745400,31
1548928981.758672,33
1548928981.771942,39
1548928981.785295,39
1548928981.798677,39
1548928981.812124,32
1548928981.825439,23
1548928981.838838,26
1548928981.852163,24
1548928981.865447,30
1548928981.878746,33
1548928981.892046,34
1548928981.905349,37
1548928981.918743,36
1548928981.932136,39
1548928981.945510,37
1548928981.958890,27
1548928981.972521,25
1548928981.986220,24
1548928981.999804,27
1548928982.013206,30
1548928982.026570,29
1548928982.039978,32
1548928982.053323,35
1548928982.066226,35
1548928982.079317,37
1548928982.092734,39
1548928982.106080,36
1548928982.119417,32
1548928982.132704,29
1548928982.146014,29
1548928982.158765,31
1548928982.171704,33
1548928982.185053,37
1548928982.198379,35
1548928982.211894,38
1548928982.225240,38
1548928982.238565,33
1548928982.251903,30
1548928982.265179,33
1548928982.278596,33
1548928982.292068,35
1548928982.305365,37
1548928982.318733,38
1548928982.332051,38
1548928982.345360,37
1548928982.358687,32
1548928982.372054,33
1548928982.385337,35
1548928982.398630,38
1548928982.411906,37
1548928982.425172,39
1548928982.438509,38
1548928982.451790,34
1548928982.465116,25
1548928982.478436,25
1548928982.491767,31
1548928982.505018,27
1548928982.518344,33
1548928982.531655,33
1548928982.544930,35
1548928982.558243,36
1548928982.571583,33
1548928982.584823,39
1548928982.598158,36
1548928982.611474,37
1548928982.624749,34
1548928982.638061,34
1548928982.651365,37
1548928982.664628,38
1548928982.677928,38
1548928982.691232,37
1548928982.704546,24
1548928982.717861,25
1548928982.731249,26
1548928982.744573,30
1548928982.757846,31
1548928982.771142,33
1548928982.784459,35
1548928982.797808,38
1548928982.811162,36
1548928982.824450,37
1548928982.837739,32
1548928982.851051,25
1548928982.864376,28
1548928982.877866,28
1548928982.891366,32
1548928982.904667,36
1548928982.917947,36
1548928982.931287,38
1548928982.944592,36
1548928982.957919,38
1548928982.971261,37
1548928982.984568,34
1548928982.997865,34
1548928983.011217,35
1548928983.024899,35
1548928983.039185,36
1548928983.052690,25
1548928983.066198,24
1548928983.079627,22
1548928983.093047,26
1548928983.106436,26
1548928983.119864,30
1548928983.133171,34
1548928983.146478,37
1548928983.159985,35
1548928983.173467,36
1548928983.186825,35
1548928983.200183,30
1548928983.213728,31
1548928983.227058,32
1548928983.240379,34
1548928983.253721,36
1548928983.267022,37
1548928983.280370,39
1548928983.293625,32
1548928983.306996,30
1548928983.320317,35
1548928983.333591,33
1548928983.346913,37
1548928983.360237,35
1548928983.373518,36
1548928983.386835,36
1548928983.400150,37
1548928983.413425,34
1548928983.426765,33
1548928983.440112,29
1548928983.453392,33
1548928983.466740,27
1548928983.480122,31
1548928983.493538,35
1548928983.506901,39
1548928983.520257,39
1548928983.533546,38
1548928983.546869,38
1548928983.560185,27
1548928983.573516,28
1548928983.586826,21
1548928983.600142,24
1548928983.613415,28
1548928983.626730,32
1548928983.640038,33
1548928983.653334,35
1548928983.666629,36
1548928983.679835,38
1548928983.693124,36
1548928983.706430,35
1548928983.719758,36
1548928983.733036,33
1548928983.746364,27
1548928983.759743,28
1548928983.773029,32
1548928983.786309,29
1548928983.799628,32
1548928983.812930,32
1548928983.826235,37
1548928983.839536,38
1548928983.852850,39
1548928983.866146,40
1548928983.879445,33
1548928983.892761,37
1548928983.906107,27
1548928983.919501,28
1548928983.932831,32
1548928983.946130,34
1548928983.959446,36
1548928983.972772,38
1548928983.986090,39
1548928983.999402,39
1548928984.012689,38
1548928984.025990,36
1548928984.039325,35
1548928984.052616,33
1548928984.065939,33
1548928984.079242,36
1548928984.092728,38
1548928984.106046,39
1548928984.119336,39
1548928984.132993,38
1548928984.145786,34
1548928984.158942,33
1548928984.172630,27
