1548930317.205354,0
1548930317.219776,0
1548930317.232710,10
1548930317.245270,33
1548930317.258534,57
1548930317.271674,83
1548930317.285459,108
1548930317.298288,137
1548930317.311516,166
1548930317.324993,205
1548930317.339436,232
1548930317.353668,266
1548930317.367303,316
1548930317.381298,338
1548930317.394530,384
1548930317.408803,396
1548930317.422602,402
1548930317.436095,421
1548930317.448997,427
1548930317.462013,431
1548930317.475313,451
1548930317.488868,475
1548930317.502397,475
1548930317.514883,483
1548930317.526977,510
1548930317.538727,564
1548930317.550418,573
1548930317.562439,573
1548930317.575063,572
1548930317.588076,591
1548930317.601400,602
1548930317.615073,609
1548930317.627607,613
1548930317.640780,623
1548930317.654438,657
1548930317.668262,658
1548930317.681920,672
1548930317.695570,717
1548930317.709208,748
1548930317.723295,759
1548930317.736671,775
1548930317.750169,775
1548930317.763776,817
1548930317.777274,836
1548930317.791584,839
1548930317.804963,843
1548930317.818270,869
1548930317.832012,881
1548930317.846043,881
1548930317.859595,876
1548930317.873296,865
1548930317.886932,826
1548930317.900679,858
1548930317.914691,858
1548930317.928351,858
1548930317.941956,856
1548930317.955897,859
1548930317.969340,861
1548930317.982953,942
1548930317.996763,986
1548930318.009079,1000
1548930318.022457,983
1548930318.035297,1000
1548930318.048561,987
1548930318.062269,999
1548930318.075831,1000
1548930318.089295,998
1548930318.102692,998
1548930318.116833,995
1548930318.130710,1000
1548930318.144158,999
1548930318.157879,998
1548930318.171260,998
1548930318.184668,999
1548930318.198084,999
1548930318.211736,934
1548930318.225330,997
1548930318.239430,965
1548930318.252799,1000
1548930318.266957,984
1548930318.279693,1000
1548930318.292278,999
1548930318.304871,997
1548930318.317551,984
1548930318.330541,976
1548930318.343673,971
1548930318.357380,956
1548930318.371210,947
1548930318.384968,971
1548930318.398675,945
1548930318.412228,920
1548930318.425775,895
1548930318.439168,871
1548930318.452560,845
1548930318.465933,837
1548930318.479537,820
1548930318.492866,807
1548930318.508235,861
1548930318.520611,767
1548930318.533316,744
1548930318.546522,720
1548930318.560371,635
1548930318.573052,566
1548930318.586301,255
1548930318.599022,53
1548930318.612582,0
1548930318.624820,0
1548930318.637414,0
1548930318.650477,0
1548930318.664293,0
1548930318.678001,0
1548930318.691599,0
1548930318.705030,0
1548930318.718507,0
1548930318.732142,0
1548930318.745586,0
1548930318.759188,0
1548930318.772150,0
1548930318.785159,0
1548930318.798697,0
1548930318.812645,0
1548930318.826672,0
1548930318.840665,0
1548930318.854556,0
1548930318.867971,0
1548930318.881391,0
1548930318.895047,0
1548930318.908496,0
1548930318.922270,0
1548930318.935735,0
1548930318.949159,0
1548930318.962591,0
1548930318.976037,0
1548930318.989463,0
1548930319.002927,0
1548930319.016400,0
1548930319.029853,0
1548930319.043534,0
1548930319.057053,0
1548930319.070442,0
1548930319.084106,0
1548930319.097529,0
1548930319.111008,0
1548930319.124435,0
1548930319.137884,0
1548930319.151316,0
1548930319.164832,0
1548930319.178302,0
1548930319.191717,0
1548930319.205131,0
1548930319.218644,0
1548930319.232068,0
1548930319.245962,0
1548930319.259422,0
1548930319.272875,0
1548930319.286350,0
1548930319.299776,0
1548930319.313479,0
1548930319.326937,0
1548930319.340448,0
1548930319.353876,0
1548930319.367327,0
1548930319.380776,0
1548930319.394298,0
1548930319.407872,0
1548930319.421308,0
1548930319.434793,0
1548930319.448223,0
1548930319.461651,0
1548930319.474998,0
1548930319.488457,0
1548930319.501964,0
1548930319.515422,0
1548930319.528859,0
1548930319.542285,0
1548930319.555672,0
1548930319.569060,0
1548930319.582449,0
1548930319.596002,0
1548930319.609405,0
1548930319.622899,0
1548930319.636467,0
1548930319.649949,0
1548930319.663458,0
1548930319.676909,0
1548930319.690323,0
1548930319.703807,0
1548930319.717236,0
1548930319.730696,0
1548930319.744125,0
1548930319.757549,0
1548930319.770982,0
1548930319.784407,0
1548930319.797854,0
1548930319.811293,0
1548930319.824739,0
1548930319.838197,0
1548930319.852091,0
1548930319.865536,0
1548930319.878937,0
1548930319.892455,0
1548930319.905925,0
1548930319.919433,0
1548930319.932883,0
1548930319.946530,0
1548930319.959974,0
1548930319.973400,0
1548930319.986859,0
1548930320.000540,0
1548930320.013972,0
1548930320.027441,0
1548930320.040885,0
1548930320.054326,0
1548930320.067749,0
1548930320.081158,0
1548930320.094612,0
1548930320.108427,0
1548930320.121857,0
1548930320.135322,0
1548930320.148753,0
1548930320.162206,0
1548930320.175654,0
1548930320.189063,0
1548930320.202492,0
1548930320.215939,0
1548930320.229353,0
1548930320.242776,0
1548930320.256200,0
1548930320.269565,0
1548930320.282941,0
1548930320.296682,0
1548930320.310215,0
1548930320.323686,0
1548930320.337175,0
1548930320.350672,0
1548930320.364162,0
1548930320.377578,0
1548930320.391014,0
1548930320.404443,0
1548930320.417879,0
1548930320.431329,0
1548930320.444722,0
1548930320.458209,0
1548930320.471613,0
1548930320.484998,0
1548930320.498413,0
1548930320.511897,0
1548930320.525290,0
1548930320.538727,0
1548930320.552143,0
1548930320.565531,0
1548930320.578991,0
1548930320.592445,0
1548930320.606062,0
1548930320.619524,0
1548930320.632946,0
1548930320.646414,0
1548930320.659876,0
1548930320.673312,0
1548930320.686795,0
1548930320.700266,0
1548930320.713720,0
1548930320.727178,0
1548930320.740579,0
1548930320.754008,0
1548930320.767423,0
1548930320.780865,0
1548930320.794331,0
1548930320.807763,0
1548930320.821199,0
1548930320.834644,0
1548930320.848083,0
1548930320.861497,0
1548930320.874929,0
1548930320.888356,0
1548930320.901956,0
1548930320.915765,0
1548930320.929183,0
1548930320.942822,0
1548930320.956300,0
1548930320.969752,0
1548930320.983192,0
1548930320.996625,0
1548930321.010053,0
1548930321.023652,0
1548930321.037097,0
1548930321.050537,0
1548930321.064097,0
1548930321.077605,0
1548930321.091064,0
1548930321.104529,0
1548930321.117936,0
1548930321.131358,0
1548930321.144749,0
1548930321.158236,0
1548930321.171659,0
1548930321.185066,0
1548930321.198498,0
1548930321.211941,0
1548930321.225333,0
1548930321.238789,0
1548930321.252216,0
1548930321.265631,0
1548930321.279097,0
1548930321.292587,0
1548930321.306129,0
1548930321.320140,0
1548930321.334424,0
1548930321.348073,0
1548930321.361569,0
1548930321.375023,0
1548930321.388457,0
1548930321.401877,0
1548930321.415292,0
1548930321.428776,0
1548930321.442205,0
1548930321.455653,0
1548930321.469093,0
1548930321.482547,0
1548930321.495970,0
1548930321.509387,0
1548930321.522825,0
1548930321.536300,0
1548930321.549704,0
1548930321.563154,0
1548930321.576602,0
1548930321.590056,0
1548930321.603447,0
1548930321.616897,0
1548930321.630343,0
1548930321.643947,0
1548930321.657416,0
1548930321.670911,0
1548930321.684402,0
1548930321.697859,0
1548930321.711296,0
1548930321.724725,0
1548930321.738157,0
1548930321.751597,0
1548930321.764965,0
1548930321.778424,0
1548930321.791857,0
1548930321.805303,0
1548930321.818737,0
1548930321.832213,0
1548930321.845611,0
1548930321.859096,0
1548930321.872516,0
1548930321.885940,0
1548930321.899784,0
1548930321.913328,0
1548930321.926800,0
1548930321.940265,0
1548930321.953698,0
1548930321.967358,0
1548930321.980836,0
1548930321.994283,0
1548930322.007712,0
1548930322.021108,0
1548930322.034537,0
1548930322.047990,0
1548930322.061449,0
1548930322.074892,0
1548930322.088357,0
1548930322.101749,0
1548930322.115166,0
1548930322.128595,0
1548930322.142088,0
1548930322.156163,0
1548930322.169643,0
1548930322.183339,0
1548930322.196827,0
1548930322.210288,0
1548930322.223704,0
1548930322.237125,0
1548930322.250585,0
1548930322.264016,0
1548930322.277428,0
1548930322.290894,0
1548930322.304380,0
1548930322.317808,0
1548930322.331325,0
1548930322.344801,0
1548930322.358210,0
1548930322.371631,0
1548930322.385105,0
1548930322.398521,0
1548930322.411965,0
1548930322.425366,0
1548930322.438807,0
1548930322.452306,0
1548930322.465720,0
1548930322.479174,0
1548930322.492610,0
1548930322.506073,0
1548930322.519671,0
1548930322.533121,0
1548930322.546540,0
1548930322.559966,0
1548930322.573368,0
1548930322.586808,0
1548930322.600242,0
1548930322.613642,0
1548930322.627089,0
1548930322.640533,0
1548930322.653940,0
1548930322.667423,0
1548930322.680902,0
1548930322.694480,0
1548930322.708824,0
1548930322.722321,0
1548930322.736135,0
1548930322.750133,0
1548930322.763790,0
1548930322.777233,0
1548930322.790636,0
1548930322.804071,0
1548930322.817474,0
1548930322.830980,0
1548930322.844417,0
1548930322.857825,0
1548930322.871255,0
1548930322.884704,0
1548930322.898108,0
1548930322.911572,0
1548930322.925022,0
1548930322.938420,0
1548930322.951821,0
1548930322.965214,0
1548930322.978631,0
1548930322.992058,0
1548930323.005502,0
1548930323.018909,0
1548930323.032374,0
1548930323.045841,0
1548930323.059276,0
1548930323.072668,0
1548930323.086115,0
1548930323.099573,0
1548930323.112966,0
1548930323.126398,0
1548930323.139848,0
1548930323.153267,0
1548930323.166702,0
1548930323.180118,0
1548930323.193507,0
1548930323.206971,0
1548930323.220404,0
1548930323.233795,0
1548930323.247191,0
1548930323.260600,0
1548930323.274025,0
1548930323.287494,0
1548930323.301210,0
1548930323.314740,0
1548930323.328179,0
1548930323.341584,0
1548930323.355013,0
1548930323.368488,0
1548930323.381900,0
1548930323.395346,0
1548930323.408734,0
1548930323.422169,0
1548930323.435587,0
1548930323.449008,0
1548930323.462476,0
1548930323.475979,0
1548930323.489376,0
1548930323.502786,0
1548930323.516286,0
1548930323.529706,0
1548930323.543108,0
1548930323.556525,0
1548930323.569961,0
1548930323.583393,0
1548930323.596841,0
1548930323.610260,0
1548930323.623849,0
1548930323.637293,0
1548930323.650755,0
1548930323.664205,0
1548930323.677588,0
1548930323.691335,0
1548930323.704918,0
1548930323.718419,0
1548930323.731983,0
1548930323.745701,0
1548930323.759371,0
1548930323.773028,0
1548930323.786611,0
1548930323.800143,0
1548930323.813527,0
1548930323.826970,0
1548930323.840427,0
1548930323.853977,0
1548930323.867419,0
1548930323.880879,0
1548930323.894311,0
1548930323.907748,0
1548930323.921143,0
1548930323.934609,0
1548930323.948027,0
1548930323.961449,0
1548930323.974883,0
1548930323.988333,0
1548930324.001737,0
1548930324.015210,0
1548930324.028649,0
1548930324.042088,0
1548930324.055690,0
1548930324.069125,0
1548930324.082609,0
1548930324.096078,0
1548930324.109479,0
1548930324.122912,0
1548930324.136363,0
1548930324.149797,0
1548930324.163193,0
1548930324.176809,0
1548930324.190750,0
1548930324.205093,0
1548930324.218912,0
1548930324.232520,0
1548930324.246001,0
1548930324.259471,0
1548930324.272947,0
1548930324.286374,0
1548930324.299858,0
1548930324.313297,0
1548930324.326704,0
1548930324.340169,0
1548930324.353566,0
1548930324.367044,0
1548930324.380428,0
1548930324.393899,0
1548930324.407337,0
1548930324.420782,0
1548930324.434234,0
1548930324.447791,0
1548930324.461177,0
1548930324.474657,0
1548930324.488074,0
1548930324.501497,0
1548930324.514944,0
1548930324.528391,0
1548930324.541831,0
1548930324.555251,0
1548930324.568644,0
1548930324.582084,0
1548930324.595502,0
1548930324.608927,0
1548930324.622360,0
1548930324.635779,0
1548930324.649183,0
1548930324.662630,0
1548930324.676072,0
1548930324.689497,0
1548930324.702944,0
1548930324.716378,0
1548930324.729756,0
1548930324.743219,0
1548930324.756619,0
1548930324.770068,0
1548930324.783732,0
1548930324.797140,0
1548930324.810591,0
1548930324.824104,0
1548930324.837658,0
1548930324.851158,0
1548930324.864609,0
1548930324.878031,0
1548930324.891479,0
1548930324.904970,0
1548930324.918404,0
1548930324.931875,0
1548930324.945269,0
1548930324.958701,0
1548930324.972156,0
1548930324.985568,0
1548930324.998968,0
1548930325.012389,0
1548930325.025782,0
1548930325.039193,0
1548930325.052601,0
1548930325.066011,0
1548930325.079432,0
1548930325.092854,0
1548930325.106279,0
1548930325.119686,0
1548930325.133077,0
1548930325.146546,0
1548930325.159965,0
1548930325.173376,0
1548930325.186830,0
1548930325.200260,0
1548930325.213640,0
1548930325.227133,0
1548930325.240569,0
1548930325.254056,0
1548930325.267469,0
1548930325.280934,0
1548930325.294394,0
1548930325.307848,0
1548930325.321283,0
1548930325.334781,0
1548930325.348263,0
1548930325.361664,0
1548930325.375439,0
1548930325.388932,0
1548930325.402365,0
1548930325.415814,0
1548930325.429246,0
1548930325.442710,0
1548930325.456154,0
1548930325.469582,0
1548930325.483353,0
1548930325.496835,0
1548930325.510310,0
1548930325.523784,0
1548930325.537165,0
1548930325.550585,0
1548930325.564063,0
1548930325.577470,0
1548930325.590927,0
1548930325.604357,0
1548930325.617750,0
1548930325.631180,0
1548930325.644652,0
1548930325.658060,0
1548930325.671508,0
1548930325.684871,0
1548930325.698282,0
1548930325.711744,0
1548930325.725114,0
1548930325.738541,0
1548930325.752047,0
1548930325.765456,0
1548930325.778885,0
1548930325.792307,0
1548930325.805702,0
1548930325.819116,0
1548930325.832623,0
1548930325.846084,0
1548930325.859460,0
1548930325.872922,0
1548930325.886331,0
1548930325.899750,0
1548930325.913160,0
1548930325.926627,0
1548930325.940072,0
1548930325.953481,0
1548930325.966900,0
1548930325.980487,0
1548930325.993962,0
1548930326.007424,0
1548930326.020858,0
1548930326.034339,0
1548930326.047784,0
1548930326.061199,0
1548930326.073862,0
1548930326.086919,0
1548930326.100735,0
1548930326.114390,0
1548930326.128078,0
1548930326.141539,0
1548930326.154977,0
1548930326.168516,0
1548930326.181904,0
1548930326.195385,0
1548930326.208935,0
1548930326.222401,0
1548930326.235890,0
1548930326.249311,0
1548930326.262773,0
1548930326.276207,0
1548930326.289582,0
1548930326.303045,0
1548930326.316462,0
1548930326.329914,0
1548930326.343430,0
1548930326.356908,0
1548930326.370352,0
1548930326.383800,0
1548930326.397207,0
1548930326.410735,0
1548930326.424164,0
1548930326.437598,0
1548930326.451029,0
1548930326.464423,0
1548930326.477863,0
1548930326.491311,0
1548930326.504892,0
1548930326.518491,0
1548930326.532624,0
1548930326.547214,0
1548930326.560978,0
1548930326.574416,0
1548930326.587862,0
1548930326.601303,0
1548930326.614752,0
1548930326.628247,0
1548930326.641605,0
1548930326.655095,0
1548930326.668517,0
1548930326.681969,0
1548930326.695453,0
1548930326.708940,0
1548930326.722399,0
1548930326.735826,0
1548930326.749237,0
1548930326.762694,0
1548930326.776115,0
1548930326.789520,0
1548930326.802974,0
1548930326.816419,0
1548930326.829904,0
1548930326.843391,0
1548930326.856814,0
1548930326.870305,0
1548930326.883749,0
1548930326.897167,0
1548930326.910596,0
1548930326.924091,0
1548930326.937481,0
1548930326.950959,0
1548930326.964396,0
1548930326.977836,0
1548930326.991291,0
1548930327.004698,0
1548930327.018312,0
1548930327.031755,0
1548930327.045171,0
1548930327.058612,0
1548930327.072087,0
1548930327.085538,0
1548930327.098971,0
1548930327.112464,0
1548930327.126179,0
1548930327.139660,0
1548930327.153038,0
1548930327.166482,0
1548930327.179945,0
1548930327.193354,0
1548930327.206831,0
1548930327.220237,0
1548930327.233907,0
1548930327.247661,0
1548930327.261258,0
1548930327.274819,0
1548930327.288230,0
1548930327.301619,0
1548930327.315065,0
1548930327.328490,0
1548930327.342129,0
1548930327.355670,0
1548930327.369086,0
1548930327.382596,0
1548930327.395993,0
1548930327.409481,0
1548930327.422950,0
1548930327.436391,0
1548930327.449862,0
1548930327.463313,0
1548930327.476732,0
1548930327.490189,0
1548930327.503570,0
1548930327.516973,0
1548930327.530459,0
1548930327.543849,0
1548930327.557229,0
1548930327.570695,0
1548930327.584144,0
1548930327.597550,0
1548930327.610985,0
1548930327.624448,0
1548930327.637873,0
1548930327.651313,0
1548930327.665102,0
1548930327.679521,0
1548930327.693453,0
1548930327.707167,0
1548930327.720773,0
1548930327.734334,0
1548930327.747927,0
1548930327.761467,0
1548930327.774973,0
1548930327.788440,0
1548930327.801877,0
1548930327.815355,0
1548930327.828780,0
1548930327.842249,0
1548930327.855738,0
1548930327.869157,0
1548930327.882587,0
1548930327.896019,0
1548930327.909429,0
1548930327.922940,0
1548930327.936404,0
1548930327.949878,0
1548930327.963293,0
1548930327.976774,0
1548930327.990253,0
1548930328.003709,0
1548930328.017141,0
1548930328.030569,0
1548930328.044088,0
1548930328.057490,0
1548930328.070929,0
1548930328.084382,0
1548930328.097836,0
1548930328.111230,0
1548930328.124621,0
1548930328.138056,0
1548930328.151476,0
1548930328.164941,0
1548930328.178424,0
1548930328.191867,0
1548930328.205258,0
1548930328.218706,0
1548930328.232145,0
1548930328.245543,0
1548930328.258957,0
1548930328.272735,0
1548930328.286219,0
1548930328.299726,0
1548930328.313127,0
1548930328.326650,0
1548930328.340106,0
1548930328.353632,0
1548930328.367116,0
1548930328.380552,0
1548930328.394000,0
1548930328.407473,0
1548930328.420931,0
1548930328.434366,0
1548930328.447813,0
1548930328.461267,0
1548930328.474727,0
1548930328.488197,0
1548930328.501827,0
1548930328.515641,0
1548930328.529059,0
1548930328.542748,0
1548930328.556540,0
1548930328.569992,0
1548930328.583433,0
1548930328.596892,0
1548930328.610336,0
1548930328.624345,0
1548930328.637805,0
1548930328.651311,0
1548930328.664747,0
1548930328.678185,0
1548930328.691680,0
1548930328.705070,0
1548930328.718518,0
1548930328.731986,0
1548930328.745370,0
1548930328.758800,0
1548930328.772255,0
1548930328.785654,0
1548930328.799091,0
1548930328.812601,0
1548930328.826028,0
1548930328.839498,0
1548930328.852976,0
1548930328.866443,0
1548930328.879895,0
1548930328.893317,0
1548930328.906774,0
1548930328.920215,0
1548930328.933617,0
1548930328.947113,0
1548930328.960590,0
1548930328.974030,0
1548930328.987430,0
1548930329.000856,0
1548930329.014496,0
1548930329.028307,0
1548930329.042274,0
1548930329.056576,0
1548930329.070205,0
1548930329.083763,0
1548930329.097226,0
1548930329.110715,0
1548930329.124214,0
1548930329.137622,0
1548930329.151115,0
1548930329.164628,0
1548930329.178051,0
1548930329.191527,0
1548930329.204955,0
1548930329.218399,0
1548930329.231806,0
1548930329.245251,0
1548930329.258662,0
1548930329.272118,0
1548930329.285493,0
1548930329.298931,0
1548930329.312382,0
1548930329.325860,0
1548930329.339271,0
1548930329.352717,0
1548930329.366198,0
1548930329.379662,0
1548930329.393070,0
1548930329.406528,0
1548930329.419963,0
1548930329.433384,0
1548930329.446842,0
1548930329.460324,0
1548930329.473734,0
1548930329.487203,0
1548930329.500608,0
1548930329.514039,0
1548930329.527506,0
1548930329.540895,0
1548930329.554336,0
1548930329.567762,0
1548930329.581152,0
1548930329.594613,0
1548930329.608065,0
1548930329.621818,0
1548930329.635306,0
1548930329.648772,0
1548930329.662218,0
1548930329.675718,0
1548930329.689117,0
1548930329.702591,0
1548930329.716048,0
1548930329.729522,0
1548930329.742956,0
1548930329.756372,0
1548930329.769809,0
1548930329.783261,0
1548930329.796706,0
1548930329.810164,0
1548930329.823608,0
1548930329.837226,0
1548930329.850657,0
1548930329.864168,0
1548930329.877570,0
1548930329.891007,0
1548930329.904425,0
1548930329.917872,0
1548930329.931302,0
1548930329.945026,0
1548930329.958755,0
1548930329.972346,0
1548930329.985848,0
1548930329.999315,0
1548930330.012743,0
1548930330.026161,0
1548930330.039580,0
1548930330.053030,0
1548930330.066469,0
1548930330.079939,0
1548930330.093392,0
1548930330.106863,0
1548930330.120268,0
1548930330.133704,0
1548930330.147117,0
1548930330.160551,0
1548930330.174098,0
1548930330.187516,0
1548930330.200913,0
1548930330.214410,0
1548930330.227855,0
1548930330.241233,0
1548930330.254707,0
1548930330.268178,0
1548930330.281548,0
1548930330.295008,0
1548930330.308443,0
1548930330.321874,0
1548930330.335368,0
1548930330.348798,0
1548930330.362398,0
1548930330.375905,0
1548930330.389344,0
1548930330.402758,0
1548930330.416203,0
1548930330.429631,0
1548930330.443075,0
1548930330.456647,0
1548930330.470582,0
1548930330.484602,0
1548930330.498123,0
1548930330.511788,0
1548930330.525192,0
1548930330.538654,0
1548930330.552108,0
1548930330.565532,0
1548930330.578947,0
1548930330.592380,0
1548930330.605849,0
1548930330.619305,0
1548930330.632750,0
1548930330.646228,0
1548930330.659720,0
1548930330.673116,0
1548930330.686584,0
1548930330.700016,0
1548930330.713461,0
1548930330.726869,0
1548930330.740302,0
1548930330.753726,0
1548930330.767182,0
1548930330.780604,0
1548930330.794081,0
1548930330.807496,0
1548930330.820911,0
1548930330.834363,0
1548930330.847797,0
1548930330.861248,0
1548930330.874741,0
1548930330.888203,0
1548930330.901593,0
1548930330.915028,0
1548930330.928452,0
1548930330.941893,0
1548930330.955356,0
1548930330.968814,0
1548930330.982257,0
1548930330.995696,0
1548930331.009052,0
1548930331.022472,0
1548930331.035881,0
1548930331.049467,0
1548930331.063167,0
1548930331.076608,0
1548930331.090050,0
1548930331.103483,0
1548930331.116924,0
1548930331.130374,0
1548930331.143790,0
1548930331.157216,0
1548930331.170694,0
1548930331.184161,0
1548930331.197569,0
1548930331.211034,0
1548930331.224466,0
1548930331.237875,0
1548930331.251294,0
1548930331.265142,0
1548930331.278713,0
1548930331.292398,0
1548930331.305844,0
1548930331.319264,0
1548930331.332708,0
1548930331.346150,0
1548930331.359558,0
1548930331.373150,0
1548930331.386670,0
1548930331.400139,0
1548930331.413557,0
1548930331.426989,0
1548930331.440436,0
1548930331.453868,0
1548930331.467305,0
1548930331.480726,0
1548930331.494167,0
1548930331.507597,0
1548930331.520980,0
1548930331.534440,0
1548930331.547866,0
1548930331.561248,0
1548930331.574700,0
1548930331.588111,0
1548930331.601500,0
1548930331.614941,0
1548930331.628336,0
1548930331.641721,0
1548930331.655159,0
1548930331.668623,0
1548930331.682809,0
1548930331.696645,0
1548930331.710211,0
1548930331.724137,0
1548930331.737703,0
1548930331.751150,0
1548930331.764558,0
1548930331.778000,0
1548930331.791428,0
1548930331.804860,0
1548930331.818298,0
1548930331.831764,0
1548930331.845174,0
1548930331.858602,0
1548930331.872023,0
1548930331.885425,0
1548930331.898900,0
1548930331.912355,0
1548930331.925809,0
1548930331.939261,0
1548930331.952698,0
1548930331.966150,0
1548930331.979576,0
1548930331.992987,0
1548930332.006421,0
1548930332.019827,0
1548930332.033243,0
1548930332.046701,0
1548930332.060177,0
1548930332.073599,0
1548930332.087025,0
1548930332.100418,0
1548930332.113889,0
1548930332.127307,0
1548930332.141302,0
1548930332.154760,0
1548930332.168201,0
1548930332.181570,0
1548930332.195019,0
1548930332.208506,0
1548930332.221896,0
1548930332.235311,0
1548930332.248763,0
1548930332.262223,0
1548930332.276104,0
1548930332.289726,0
1548930332.303168,0
1548930332.316664,0
1548930332.330494,0
1548930332.344034,0
1548930332.357707,0
1548930332.371388,0
1548930332.384841,0
1548930332.398319,0
1548930332.411760,0
1548930332.425214,0
1548930332.438705,0
1548930332.452170,0
1548930332.465584,0
1548930332.479058,0
1548930332.492516,0
1548930332.505971,0
1548930332.519430,0
1548930332.532874,0
1548930332.546311,0
1548930332.559729,0
1548930332.573133,0
1548930332.586564,0
1548930332.600035,0
1548930332.613444,0
1548930332.626867,0
1548930332.640344,0
1548930332.653803,0
1548930332.667224,0
1548930332.680665,0
1548930332.694383,0
1548930332.708129,0
1548930332.722218,0
1548930332.736017,0
1548930332.749419,0
1548930332.762898,0
1548930332.776315,0
1548930332.789738,0
1548930332.803214,0
1548930332.816607,0
1548930332.830061,0
1548930332.843529,0
1548930332.856945,0
1548930332.870413,0
1548930332.883434,0
1548930332.896646,0
1548930332.910114,0
1548930332.923606,0
1548930332.936988,0
1548930332.950437,0
1548930332.963883,0
1548930332.977303,0
1548930332.990761,0
1548930333.004212,0
1548930333.017611,0
1548930333.031080,0
1548930333.044799,0
1548930333.058245,0
1548930333.071721,0
1548930333.085138,0
1548930333.098573,0
1548930333.112016,0
1548930333.125497,0
1548930333.138930,0
1548930333.152391,0
1548930333.165849,0
1548930333.179279,0
1548930333.192742,0
1548930333.206179,0
1548930333.219598,0
1548930333.233006,0
1548930333.246495,0
1548930333.259943,0
1548930333.273387,0
1548930333.286856,0
1548930333.300431,0
1548930333.313875,0
1548930333.327660,0
1548930333.341115,0
1548930333.354569,0
1548930333.368065,0
1548930333.381489,0
1548930333.394949,0
1548930333.408451,0
1548930333.421876,0
1548930333.435353,0
1548930333.448808,0
1548930333.462306,0
1548930333.475743,0
1548930333.489123,0
1548930333.502537,0
1548930333.515974,0
1548930333.529388,0
1548930333.542823,0
1548930333.556281,0
1548930333.569650,0
1548930333.583127,0
1548930333.596562,0
1548930333.609996,0
1548930333.623464,0
1548930333.637166,0
1548930333.650691,0
1548930333.664157,0
1548930333.677602,0
1548930333.691046,0
1548930333.704601,0
1548930333.718688,0
1548930333.732491,0
1548930333.746024,0
1548930333.759523,0
1548930333.772969,0
1548930333.786461,0
1548930333.799886,0
1548930333.813283,0
1548930333.826735,0
1548930333.840213,0
1548930333.853596,0
1548930333.867064,0
1548930333.880483,0
1548930333.893920,0
1548930333.907383,0
1548930333.920850,0
1548930333.934403,0
1548930333.947846,0
1548930333.961264,0
1548930333.974691,0
1548930333.988126,0
1548930334.001497,0
1548930334.014883,0
1548930334.028326,0
1548930334.041709,0
1548930334.055143,0
1548930334.068581,0
1548930334.082004,0
1548930334.095451,0
1548930334.108897,0
1548930334.122328,0
1548930334.135756,0
1548930334.149153,0
1548930334.162545,0
1548930334.175972,0
1548930334.189391,0
1548930334.202895,0
1548930334.216336,0
1548930334.229763,0
1548930334.243192,0
1548930334.256565,0
1548930334.270021,0
1548930334.283472,0
1548930334.296918,0
1548930334.310615,0
1548930334.324076,0
1548930334.338096,0
1548930334.351688,0
1548930334.365294,0
1548930334.378954,0
1548930334.392379,0
1548930334.405794,0
1548930334.419227,0
1548930334.432674,0
1548930334.446174,0
1548930334.459613,0
1548930334.473034,0
1548930334.486469,0
1548930334.499940,0
1548930334.513350,0
1548930334.526784,0
1548930334.540227,0
1548930334.553614,0
1548930334.567080,0
1548930334.580507,0
1548930334.593903,0
1548930334.607335,0
1548930334.620759,0
1548930334.634171,0
1548930334.647619,0
1548930334.661081,0
1548930334.674516,0
1548930334.687957,0
1548930334.701388,0
1548930334.715106,0
1548930334.729193,0
1548930334.743629,0
1548930334.757673,0
1548930334.771233,0
1548930334.784646,0
1548930334.798096,0
1548930334.811540,0
1548930334.824966,0
1548930334.838413,0
1548930334.851886,0
1548930334.865265,0
1548930334.878773,0
1548930334.892270,0
1548930334.905655,0
1548930334.919142,0
1548930334.932606,0
1548930334.946048,0
1548930334.959489,0
1548930334.972946,0
1548930334.986366,0
1548930334.999819,0
1548930335.013227,0
1548930335.026684,0
1548930335.040123,0
1548930335.053550,0
1548930335.066977,0
1548930335.080431,0
1548930335.093836,0
1548930335.107275,0
1548930335.120733,0
1548930335.134161,0
1548930335.147558,0
1548930335.160971,0
1548930335.174387,0
1548930335.187799,0
1548930335.201225,0
1548930335.214652,0
1548930335.228047,0
1548930335.241450,0
1548930335.254879,0
1548930335.268298,0
1548930335.281719,0
1548930335.295140,0
1548930335.308555,0
1548930335.322310,0
1548930335.335776,0
1548930335.349170,0
1548930335.362596,0
1548930335.376319,0
1548930335.390202,0
1548930335.403719,0
1548930335.417256,0
1548930335.430748,0
1548930335.444206,0
1548930335.457622,0
1548930335.471128,0
1548930335.484612,0
1548930335.498060,0
1548930335.511520,0
1548930335.524958,0
1548930335.538406,0
1548930335.551881,0
1548930335.565296,0
1548930335.578763,0
1548930335.592206,0
1548930335.605595,0
1548930335.619020,0
1548930335.632457,0
1548930335.645881,0
1548930335.659315,0
1548930335.672771,0
1548930335.686220,0
1548930335.699669,0
1548930335.713083,0
1548930335.726532,0
1548930335.739971,0
1548930335.753384,0
1548930335.766944,0
1548930335.780889,0
1548930335.794855,0
1548930335.808457,0
1548930335.821941,0
1548930335.835439,0
1548930335.848855,0
1548930335.862264,0
1548930335.875691,0
1548930335.889077,0
1548930335.902490,0
1548930335.915949,0
1548930335.929318,0
1548930335.942770,0
1548930335.956237,0
1548930335.969609,0
1548930335.983041,0
1548930335.996496,0
1548930336.009883,0
1548930336.023338,0
1548930336.036777,0
1548930336.050237,0
1548930336.063706,0
1548930336.077125,0
1548930336.090548,0
1548930336.103970,0
1548930336.117399,0
1548930336.130857,0
1548930336.144286,0
1548930336.157670,0
1548930336.171165,0
1548930336.184564,0
1548930336.198029,0
1548930336.211512,0
1548930336.224924,0
1548930336.238377,0
1548930336.251805,0
1548930336.265188,0
1548930336.278650,0
1548930336.292203,0
1548930336.305594,0
1548930336.319062,0
1548930336.332495,0
1548930336.345875,0
1548930336.359347,0
1548930336.373098,0
1548930336.386768,0
1548930336.400236,0
1548930336.414090,0
1548930336.427646,0
1548930336.441335,0
1548930336.454780,0
1548930336.468230,0
1548930336.481621,0
1548930336.495063,0
1548930336.508530,0
1548930336.521981,0
1548930336.535405,0
1548930336.548850,0
1548930336.562305,0
1548930336.575765,0
1548930336.589161,0
1548930336.602575,0
1548930336.616045,0
1548930336.629468,0
1548930336.642914,0
1548930336.656332,0
1548930336.669749,0
1548930336.683215,0
1548930336.696634,0
1548930336.710097,0
1548930336.723534,0
1548930336.736948,0
1548930336.750406,0
1548930336.763835,0
1548930336.777424,0
1548930336.791126,0
1548930336.805031,0
1548930336.818951,0
1548930336.832475,0
1548930336.845934,0
1548930336.859364,0
1548930336.872818,0
1548930336.886301,0
1548930336.899738,0
1548930336.913183,0
1548930336.926603,0
1548930336.940025,0
1548930336.953475,0
1548930336.966960,0
1548930336.980376,0
1548930336.993814,0
1548930337.007287,0
1548930337.020684,0
1548930337.034215,0
1548930337.047650,0
1548930337.061069,0
1548930337.074492,0
1548930337.087940,0
1548930337.101327,0
1548930337.114797,0
1548930337.128288,0
1548930337.141664,0
1548930337.155124,0
1548930337.168568,0
1548930337.181981,0
1548930337.195393,0
1548930337.208803,0
1548930337.222217,0
1548930337.235652,0
1548930337.248993,0
1548930337.262426,0
1548930337.275866,0
1548930337.289254,0
1548930337.302657,0
1548930337.316106,0
1548930337.329550,0
1548930337.342947,0
1548930337.356380,0
1548930337.369836,0
1548930337.383686,0
1548930337.397153,0
1548930337.410621,0
1548930337.424048,0
1548930337.437518,0
1548930337.450977,0
1548930337.464403,0
1548930337.477877,0
1548930337.491350,0
1548930337.504821,0
1548930337.518298,0
1548930337.531708,0
1548930337.545115,0
1548930337.558543,0
1548930337.571990,0
1548930337.585405,0
1548930337.598829,0
1548930337.612271,0
1548930337.625664,0
1548930337.639265,0
1548930337.652752,0
1548930337.666444,0
1548930337.679881,0
1548930337.693296,0
1548930337.706772,0
1548930337.720190,0
1548930337.733572,0
1548930337.747034,0
1548930337.760481,0
1548930337.773950,0
1548930337.787414,0
1548930337.801248,0
1548930337.814771,0
1548930337.828524,0
1548930337.841995,0
1548930337.855428,0
1548930337.868877,0
1548930337.882340,0
1548930337.896011,0
1548930337.909423,0
1548930337.922854,0
1548930337.936269,0
1548930337.949727,0
1548930337.963129,0
1548930337.976557,0
1548930337.989986,0
1548930338.003387,0
1548930338.016816,0
1548930338.030283,0
1548930338.043705,0
1548930338.057138,0
1548930338.070599,0
1548930338.084094,0
1548930338.097520,0
1548930338.110982,0
1548930338.124421,0
1548930338.137865,0
1548930338.151310,0
1548930338.164839,0
1548930338.178652,0
1548930338.192740,0
1548930338.206730,0
1548930338.220277,0
1548930338.233714,0
1548930338.247197,0
1548930338.260640,0
1548930338.274036,0
1548930338.287589,0
1548930338.301016,0
1548930338.314454,0
1548930338.327887,0
1548930338.341306,0
1548930338.354734,0
1548930338.368169,0
1548930338.381592,0
1548930338.395085,0
1548930338.408568,0
1548930338.421999,0
1548930338.435443,0
1548930338.448882,0
1548930338.462372,0
1548930338.475887,0
1548930338.489309,0
1548930338.502753,0
1548930338.516202,0
1548930338.529605,0
1548930338.543074,0
1548930338.556500,0
1548930338.569910,0
1548930338.583338,0
1548930338.596774,0
1548930338.610207,0
1548930338.623677,0
1548930338.637121,0
1548930338.650638,0
1548930338.664122,0
1548930338.677548,0
1548930338.690982,0
1548930338.704457,0
1548930338.717905,0
1548930338.731354,0
1548930338.744779,0
1548930338.758230,0
1548930338.771999,0
1548930338.785470,0
1548930338.798955,0
1548930338.812446,0
1548930338.825871,0
1548930338.839313,0
1548930338.852772,0
1548930338.866220,0
1548930338.879641,0
1548930338.893032,0
1548930338.906395,0
1548930338.919846,0
1548930338.933255,0
1548930338.946678,0
1548930338.960134,0
1548930338.973512,0
1548930338.986978,0
1548930339.000426,0
1548930339.013834,0
1548930339.027283,0
1548930339.040692,0
1548930339.054132,0
1548930339.067583,0
1548930339.081024,0
1548930339.094486,0
1548930339.107927,0
1548930339.121350,0
1548930339.134814,0
1548930339.148260,0
1548930339.161703,0
1548930339.175182,0
1548930339.188638,0
1548930339.202068,0
1548930339.215551,0
1548930339.229095,0
1548930339.242568,0
1548930339.256023,0
1548930339.269488,0
1548930339.282999,0
1548930339.296466,0
1548930339.309976,0
1548930339.323394,0
1548930339.336836,0
1548930339.350313,0
1548930339.364029,0
1548930339.377728,0
1548930339.391321,0
1548930339.405085,0
1548930339.418288,0
1548930339.431736,0
1548930339.445254,0
1548930339.458745,0
1548930339.472269,0
1548930339.485740,0
1548930339.499261,0
1548930339.512741,0
1548930339.526253,0
1548930339.539780,0
1548930339.553188,0
1548930339.566922,0
1548930339.580516,0
1548930339.594008,0
1548930339.607468,0
1548930339.620956,0
1548930339.634431,0
1548930339.647911,0
1548930339.661346,0
1548930339.674863,0
1548930339.688330,0
1548930339.701765,0
1548930339.715194,0
1548930339.728677,0
1548930339.742154,0
1548930339.755631,0
1548930339.769054,0
1548930339.782526,0
1548930339.795947,0
1548930339.809387,0
1548930339.822864,0
1548930339.836313,0
1548930339.849750,0
1548930339.863198,0
1548930339.876639,0
1548930339.890084,0
1548930339.903567,0
1548930339.917001,0
1548930339.930438,0
1548930339.944227,0
1548930339.957565,0
1548930339.971183,0
1548930339.984698,0
1548930339.998156,0
1548930340.011610,0
1548930340.025048,0
1548930340.038536,0
1548930340.052070,0
1548930340.065502,0
1548930340.078960,0
1548930340.092390,0
1548930340.105869,0
1548930340.119356,0
1548930340.132798,0
1548930340.146281,0
1548930340.159722,0
1548930340.173117,0
1548930340.186579,0
1548930340.199999,0
1548930340.213428,0
1548930340.226918,0
1548930340.240366,0
1548930340.253785,0
1548930340.267261,0
1548930340.280684,0
1548930340.294157,0
1548930340.307618,0
1548930340.320994,0
1548930340.334434,0
1548930340.347871,0
1548930340.361264,0
1548930340.374727,0
1548930340.388154,0
1548930340.401529,0
1548930340.414988,0
1548930340.428486,0
1548930340.441873,0
1548930340.455305,0
1548930340.468772,0
1548930340.482213,0
1548930340.495685,0
1548930340.509097,0
1548930340.522497,0
1548930340.535932,0
1548930340.549700,0
1548930340.563205,0
1548930340.576683,0
1548930340.590184,0
1548930340.603622,0
1548930340.617015,0
1548930340.630484,0
1548930340.644134,0
1548930340.657534,0
1548930340.671024,0
1548930340.684558,0
1548930340.698154,0
1548930340.711613,0
1548930340.725031,0
1548930340.738487,0
1548930340.751902,0
1548930340.765318,0
1548930340.778780,0
1548930340.792206,0
1548930340.805580,0
1548930340.819038,0
1548930340.832447,0
1548930340.845858,0
1548930340.859286,0
1548930340.872686,0
1548930340.886119,0
1548930340.899540,0
1548930340.913028,0
1548930340.926461,0
1548930340.939927,0
1548930340.953357,0
1548930340.966815,0
1548930340.980249,0
1548930340.993645,0
1548930341.007110,0
1548930341.020540,0
1548930341.033958,0
1548930341.047407,0
1548930341.060845,0
1548930341.074280,0
1548930341.087695,0
1548930341.101129,0
1548930341.114532,0
1548930341.128048,0
1548930341.141455,0
1548930341.155107,0
1548930341.168589,0
1548930341.182036,0
1548930341.195448,0
1548930341.208909,0
1548930341.222405,0
1548930341.235829,0
1548930341.249232,0
1548930341.262712,0
1548930341.276149,0
1548930341.289558,0
1548930341.303002,0
1548930341.316451,0
1548930341.329878,0
1548930341.343379,0
1548930341.356842,0
1548930341.370314,0
1548930341.383748,0
1548930341.397147,0
1548930341.410618,0
1548930341.424558,0
1548930341.438114,0
1548930341.451578,0
1548930341.465125,0
1548930341.478565,0
1548930341.492019,0
1548930341.505802,0
1548930341.519292,0
1548930341.532740,0
1548930341.546225,0
1548930341.559649,0
1548930341.573044,0
1548930341.586506,0
1548930341.599941,0
1548930341.613546,0
1548930341.627046,0
1548930341.640546,0
1548930341.654004,0
1548930341.667647,0
1548930341.681083,0
1548930341.694759,0
1548930341.708275,0
1548930341.721670,0
1548930341.735193,0
1548930341.748865,0
1548930341.762318,0
1548930341.775748,0
1548930341.789157,0
1548930341.802578,0
1548930341.816013,0
1548930341.829475,0
1548930341.842941,0
1548930341.856416,0
1548930341.869880,0
1548930341.883330,0
1548930341.896796,0
1548930341.910265,0
1548930341.923758,0
1548930341.937182,0
1548930341.950624,0
1548930341.964130,0
1548930341.977516,0
1548930341.990981,0
1548930342.004443,0
1548930342.017933,0
1548930342.031419,0
1548930342.044899,0
1548930342.058468,0
1548930342.071927,0
1548930342.085373,0
1548930342.098826,0
1548930342.112252,0
1548930342.125787,0
1548930342.139230,0
1548930342.152705,0
1548930342.166168,0
1548930342.179640,0
1548930342.193040,0
1548930342.206481,0
1548930342.219920,0
1548930342.233341,0
1548930342.247804,0
1548930342.261889,0
1548930342.275579,0
1548930342.289055,0
1548930342.302545,0
1548930342.316056,0
1548930342.329461,0
1548930342.342919,0
1548930342.356358,0
1548930342.369895,0
1548930342.383410,0
1548930342.396872,0
1548930342.410238,0
1548930342.423703,0
1548930342.437161,0
1548930342.450609,0
1548930342.464130,0
1548930342.478050,0
1548930342.491597,0
1548930342.505016,0
1548930342.518503,0
1548930342.532020,0
1548930342.545446,0
1548930342.558871,0
1548930342.572386,0
1548930342.585842,0
1548930342.599301,0
1548930342.612826,0
1548930342.626417,0
1548930342.639858,0
1548930342.653282,0
1548930342.666754,0
1548930342.680333,0
1548930342.693817,0
1548930342.707253,0
1548930342.720719,0
1548930342.734220,0
1548930342.747705,0
1548930342.761125,0
1548930342.774623,0
1548930342.788054,0
1548930342.801466,0
1548930342.814959,0
1548930342.828432,0
1548930342.841862,0
1548930342.855637,0
1548930342.869072,0
1548930342.882505,0
1548930342.896022,0
1548930342.909433,0
1548930342.923110,0
1548930342.936601,0
1548930342.949991,0
1548930342.962667,0
1548930342.976164,0
1548930342.989548,0
1548930343.002956,0
1548930343.016402,0
1548930343.029815,0
1548930343.043282,0
1548930343.056761,0
1548930343.070197,0
1548930343.083630,0
1548930343.097049,0
1548930343.110516,0
1548930343.124001,0
1548930343.137401,0
1548930343.150908,0
1548930343.164381,0
1548930343.177842,0
1548930343.191264,0
1548930343.204679,0
1548930343.218131,0
1548930343.231587,0
1548930343.245028,0
1548930343.258470,0
1548930343.271872,0
1548930343.285283,0
1548930343.298760,0
1548930343.312179,0
1548930343.325565,0
1548930343.339073,0
1548930343.352514,0
1548930343.365940,0
1548930343.379401,0
1548930343.392834,0
1548930343.406336,0
1548930343.419854,0
1548930343.433274,0
1548930343.446697,0
1548930343.460364,0
1548930343.473810,0
1548930343.487276,0
1548930343.500731,0
1548930343.514312,0
1548930343.527800,0
1548930343.541439,0
1548930343.554902,0
1548930343.568323,0
1548930343.581771,0
1548930343.595232,0
1548930343.608664,0
1548930343.622123,0
1548930343.635574,0
1548930343.649202,0
1548930343.662760,0
1548930343.676225,0
1548930343.689611,0
1548930343.703117,0
1548930343.716586,0
1548930343.729991,0
1548930343.743468,0
1548930343.756913,0
1548930343.770359,0
1548930343.783781,0
1548930343.797180,0
1548930343.810586,0
1548930343.824002,0
1548930343.837407,0
1548930343.850791,0
1548930343.864249,0
1548930343.877626,0
1548930343.891029,0
1548930343.904492,0
1548930343.917891,0
1548930343.931423,0
1548930343.945401,0
1548930343.959520,0
1548930343.973560,0
1548930343.987190,0
1548930344.000637,0
1548930344.014120,0
1548930344.027541,0
1548930344.040974,0
1548930344.054516,0
1548930344.067930,0
1548930344.081301,0
1548930344.094765,0
1548930344.108142,0
1548930344.121557,0
1548930344.135074,0
1548930344.148480,0
1548930344.161880,0
1548930344.175369,0
1548930344.188797,0
1548930344.202221,0
1548930344.215672,0
1548930344.229095,0
1548930344.242527,0
1548930344.255977,0
1548930344.269341,0
1548930344.282752,0
1548930344.296205,0
1548930344.309570,0
1548930344.323034,0
1548930344.336467,0
1548930344.349859,0
1548930344.363284,0
1548930344.376756,0
1548930344.390219,0
1548930344.403667,0
1548930344.417108,0
1548930344.430680,0
1548930344.444115,0
1548930344.457544,0
1548930344.471000,0
1548930344.484430,0
1548930344.497887,0
1548930344.511287,0
1548930344.524735,0
1548930344.538517,0
1548930344.552010,0
1548930344.565414,0
1548930344.578925,0
1548930344.592395,0
1548930344.605963,0
1548930344.619488,0
1548930344.632915,0
1548930344.646352,0
1548930344.659910,0
1548930344.673347,0
1548930344.687409,0
1548930344.701039,0
1548930344.714488,0
1548930344.727993,0
1548930344.741376,0
1548930344.754840,0
1548930344.768302,0
1548930344.781697,0
1548930344.795167,0
1548930344.808569,0
1548930344.821973,0
1548930344.835390,0
1548930344.848812,0
1548930344.862271,0
1548930344.875698,0
1548930344.889104,0
1548930344.902564,0
1548930344.916000,0
1548930344.929454,0
1548930344.943015,0
1548930344.956468,0
1548930344.969875,0
1548930344.983314,0
1548930344.996804,0
1548930345.010293,0
1548930345.023736,0
1548930345.037153,0
1548930345.050602,0
1548930345.064180,0
1548930345.078107,0
1548930345.092452,0
1548930345.106254,0
1548930345.119746,0
1548930345.133156,0
1548930345.146598,0
1548930345.160045,0
1548930345.173451,0
1548930345.186881,0
1548930345.200344,0
1548930345.213805,0
1548930345.227229,0
1548930345.240696,0
1548930345.254178,0
1548930345.267634,0
1548930345.281040,0
1548930345.294491,0
1548930345.307926,0
1548930345.321352,0
1548930345.334828,0
1548930345.348266,0
1548930345.361654,0
1548930345.375101,0
1548930345.388563,0
1548930345.401990,0
1548930345.415444,0
1548930345.428905,0
1548930345.442318,0
1548930345.455883,0
1548930345.469324,0
1548930345.482751,0
1548930345.496164,0
1548930345.509582,0
1548930345.523023,0
1548930345.536437,0
1548930345.549858,0
1548930345.563274,0
1548930345.576687,0
1548930345.590084,0
1548930345.603527,0
1548930345.616960,0
1548930345.630437,0
1548930345.643814,0
1548930345.657269,0
1548930345.670929,0
1548930345.684382,0
1548930345.697807,0
1548930345.711234,0
1548930345.724667,0
1548930345.738095,0
1548930345.751924,0
1548930345.765838,0
1548930345.779407,0
1548930345.792989,0
1548930345.806472,0
1548930345.819887,0
1548930345.833330,0
1548930345.846844,0
1548930345.860315,0
1548930345.873733,0
1548930345.887177,0
1548930345.900597,0
1548930345.914039,0
1548930345.927470,0
1548930345.940890,0
1548930345.954382,0
1548930345.967838,0
1548930345.981204,0
1548930345.994624,0
1548930346.008043,0
1548930346.021441,0
1548930346.034870,0
1548930346.048312,0
1548930346.061801,0
1548930346.075278,0
1548930346.088750,0
1548930346.102176,0
1548930346.115617,0
1548930346.129042,0
1548930346.142462,0
1548930346.155894,0
1548930346.169578,0
1548930346.184197,0
1548930346.198619,0
1548930346.212529,0
1548930346.226095,0
1548930346.239569,0
1548930346.253028,0
1548930346.266504,0
1548930346.279936,0
1548930346.293370,0
1548930346.306827,0
1548930346.320253,0
1548930346.333654,0
1548930346.347140,0
1548930346.360603,0
1548930346.374011,0
1548930346.387445,0
1548930346.400861,0
1548930346.414291,0
1548930346.427737,0
1548930346.441179,0
1548930346.454634,0
1548930346.468129,0
1548930346.481545,0
1548930346.494991,0
1548930346.508446,0
1548930346.521894,0
1548930346.535300,0
1548930346.548734,0
1548930346.562175,0
1548930346.575594,0
1548930346.588976,0
1548930346.602433,0
1548930346.615863,0
1548930346.629264,0
1548930346.642671,0
1548930346.656082,0
1548930346.669529,0
1548930346.682995,0
1548930346.696461,0
1548930346.709946,0
1548930346.723387,0
1548930346.736809,0
1548930346.750239,0
1548930346.763715,0
1548930346.777386,0
1548930346.790866,0
1548930346.804320,0
1548930346.817727,0
1548930346.831173,0
1548930346.844614,0
1548930346.858013,0
1548930346.871474,0
1548930346.884919,0
1548930346.898328,0
1548930346.911744,0
1548930346.925162,0
1548930346.938573,0
1548930346.952064,0
1548930346.965511,0
1548930346.978934,0
1548930346.992407,0
1548930347.005871,0
1548930347.019282,0
1548930347.032741,0
1548930347.046210,0
1548930347.059660,0
1548930347.073057,0
1548930347.086503,0
1548930347.099935,0
1548930347.113350,0
1548930347.126762,0
1548930347.140181,0
1548930347.153555,0
1548930347.167025,0
1548930347.180467,0
1548930347.193860,0
1548930347.207318,0
1548930347.220749,0
1548930347.234179,0
1548930347.247627,0
1548930347.261011,0
1548930347.274458,0
1548930347.287875,0
1548930347.301263,0
1548930347.314686,0
1548930347.328156,0
1548930347.341546,0
1548930347.354998,0
1548930347.368436,0
1548930347.382139,0
1548930347.395589,0
1548930347.409013,0
1548930347.422496,0
1548930347.436010,0
1548930347.449421,0
1548930347.462845,0
1548930347.476304,0
1548930347.489739,0
1548930347.503140,0
1548930347.516580,0
1548930347.530065,0
1548930347.543487,0
1548930347.556928,0
1548930347.570419,0
1548930347.583837,0
1548930347.597240,0
1548930347.610696,0
1548930347.624164,0
1548930347.637542,0
1548930347.651006,0
1548930347.664431,0
1548930347.677844,0
1548930347.691296,0
1548930347.704752,0
1548930347.718181,0
1548930347.731638,0
1548930347.744996,0
1548930347.758404,0
1548930347.771870,0
1548930347.785291,0
1548930347.798746,0
1548930347.812218,0
1548930347.825602,0
1548930347.839031,0
1548930347.852528,0
1548930347.865943,0
1548930347.879380,0
1548930347.892846,0
1548930347.906273,0
1548930347.919682,0
1548930347.933115,0
1548930347.946679,0
1548930347.960164,0
1548930347.973798,0
1548930347.987336,0
1548930348.000786,0
1548930348.014258,0
1548930348.027698,0
1548930348.041094,0
1548930348.054588,0
1548930348.068045,0
1548930348.081464,0
1548930348.094902,0
1548930348.108405,0
1548930348.121823,0
1548930348.135232,0
1548930348.148673,0
1548930348.162151,0
1548930348.175595,0
1548930348.188992,0
1548930348.202434,0
1548930348.215881,0
1548930348.229284,0
1548930348.242711,0
1548930348.256185,0
1548930348.269392,0
1548930348.282814,0
1548930348.296299,0
1548930348.309715,0
1548930348.323139,0
1548930348.336635,0
1548930348.350095,0
1548930348.363541,0
1548930348.376959,0
1548930348.390392,0
1548930348.403826,0
1548930348.417225,0
1548930348.430709,0
1548930348.444125,0
1548930348.457796,0
1548930348.471266,0
1548930348.484718,0
1548930348.498431,0
1548930348.511886,0
1548930348.525516,0
1548930348.539114,0
1548930348.552587,0
1548930348.566055,0
1548930348.579495,0
1548930348.592898,0
1548930348.606365,0
1548930348.619785,0
1548930348.633192,0
1548930348.646673,0
1548930348.660231,0
1548930348.673709,0
1548930348.687226,0
1548930348.700646,0
1548930348.714113,0
1548930348.727530,0
1548930348.740937,0
1548930348.754365,0
1548930348.767848,0
1548930348.781221,0
1548930348.794665,0
1548930348.808120,0
1548930348.821521,0
1548930348.835001,0
1548930348.848427,0
1548930348.861843,0
1548930348.875296,0
1548930348.888742,0
1548930348.902151,0
1548930348.915601,0
1548930348.929011,0
1548930348.942547,0
1548930348.956761,0
1548930348.970906,0
1548930348.984815,0
1548930348.998339,0
1548930349.011819,0
1548930349.025267,0
1548930349.038889,0
1548930349.052425,0
1548930349.065879,0
1548930349.079326,0
1548930349.092785,0
1548930349.106222,0
1548930349.119634,0
1548930349.133046,0
1548930349.146500,0
1548930349.159918,0
1548930349.173363,0
1548930349.186862,0
1548930349.200264,0
1548930349.213701,0
1548930349.227186,0
1548930349.240578,0
1548930349.253971,0
1548930349.267413,0
1548930349.280820,0
1548930349.294300,0
1548930349.307729,0
1548930349.321091,0
1548930349.334552,0
1548930349.347998,0
1548930349.361408,0
1548930349.374887,0
1548930349.388334,0
1548930349.401724,0
1548930349.415192,0
1548930349.428592,0
1548930349.442251,0
1548930349.455693,0
1548930349.469131,0
1548930349.482626,0
1548930349.496038,0
1548930349.509478,0
1548930349.522935,0
1548930349.536359,0
1548930349.550215,0
1548930349.564185,0
1548930349.577746,0
1548930349.591416,0
1548930349.604883,0
1548930349.618354,0
1548930349.631889,0
1548930349.645359,0
1548930349.658812,0
1548930349.672282,0
1548930349.685732,0
1548930349.699177,0
1548930349.712580,0
1548930349.726027,0
1548930349.739494,0
1548930349.752931,0
1548930349.766404,0
1548930349.779861,0
1548930349.793290,0
1548930349.806752,0
1548930349.820168,0
1548930349.833597,0
1548930349.847060,0
1548930349.860493,0
1548930349.873873,0
1548930349.887317,0
1548930349.900746,0
1548930349.914184,0
1548930349.927866,0
1548930349.941533,0
1548930349.955798,0
1548930349.969745,0
1548930349.983227,0
1548930349.996664,0
1548930350.010078,0
1548930350.023505,0
1548930350.037154,0
1548930350.050586,0
1548930350.064196,0
1548930350.077615,0
1548930350.091093,0
1548930350.104579,0
1548930350.118027,0
1548930350.131464,0
1548930350.144912,0
1548930350.158306,0
1548930350.171772,0
1548930350.185224,0
1548930350.198654,0
1548930350.212065,0
1548930350.225497,0
1548930350.238964,0
1548930350.252381,0
1548930350.265829,0
1548930350.279270,0
1548930350.292677,0
1548930350.306087,0
1548930350.319524,0
1548930350.332972,0
1548930350.346467,0
1548930350.359930,0
1548930350.373353,0
1548930350.386799,0
1548930350.400269,0
1548930350.413721,0
1548930350.427163,0
1548930350.440673,0
1548930350.454121,0
1548930350.467603,0
1548930350.481022,0
1548930350.494474,0
1548930350.507935,0
1548930350.521472,0
1548930350.534994,0
1548930350.548751,0
1548930350.562270,0
1548930350.575730,0
1548930350.589164,0
1548930350.602616,0
1548930350.616008,0
1548930350.629424,0
1548930350.642958,0
1548930350.656408,0
1548930350.669853,0
1548930350.683329,0
1548930350.696741,0
1548930350.710144,0
1548930350.723599,0
1548930350.736967,0
1548930350.750429,0
1548930350.763871,0
1548930350.777255,0
1548930350.790706,0
1548930350.804153,0
1548930350.817513,0
1548930350.831024,0
1548930350.844468,0
1548930350.857867,0
1548930350.871274,0
1548930350.884730,0
1548930350.898133,0
1548930350.911708,0
1548930350.925552,0
1548930350.939537,0
1548930350.953080,0
1548930350.966648,0
1548930350.980125,0
1548930350.993519,0
1548930351.006965,0
1548930351.020407,0
1548930351.033826,0
1548930351.047266,0
1548930351.060749,0
1548930351.074205,0
1548930351.087667,0
1548930351.101092,0
1548930351.114504,0
1548930351.127962,0
1548930351.141403,0
1548930351.154868,0
1548930351.168337,0
1548930351.181751,0
1548930351.195144,0
1548930351.208575,0
1548930351.222023,0
1548930351.235449,0
1548930351.248960,0
1548930351.262399,0
1548930351.275788,0
1548930351.289229,0
1548930351.302652,0
1548930351.316034,0
1548930351.329470,0
1548930351.342948,0
1548930351.356368,0
1548930351.369825,0
1548930351.383252,0
1548930351.396653,0
1548930351.410201,0
1548930351.423673,0
1548930351.437098,0
1548930351.450620,0
1548930351.464197,0
1548930351.477813,0
1548930351.491362,0
1548930351.504841,0
1548930351.518287,0
1548930351.531738,0
1548930351.545126,0
1548930351.558602,0
1548930351.572113,0
1548930351.585580,0
1548930351.599042,0
1548930351.612475,0
1548930351.625878,0
1548930351.639348,0
1548930351.652771,0
1548930351.666262,0
1548930351.679762,0
1548930351.693192,0
1548930351.706623,0
1548930351.720082,0
1548930351.733478,0
1548930351.746915,0
1548930351.760384,0
1548930351.773809,0
1548930351.787225,0
1548930351.800674,0
1548930351.814160,0
1548930351.827808,0
1548930351.841656,0
1548930351.855663,0
1548930351.869173,0
1548930351.882676,0
1548930351.896163,0
1548930351.909546,0
1548930351.923019,0
1548930351.936487,0
1548930351.949877,0
1548930351.963527,0
1548930351.976952,0
1548930351.990413,0
1548930352.003873,0
1548930352.017281,0
1548930352.030710,0
1548930352.044146,0
1548930352.057579,0
1548930352.071067,0
1548930352.084508,0
1548930352.097958,0
1548930352.111406,0
1548930352.124856,0
1548930352.138299,0
1548930352.151715,0
1548930352.165128,0
1548930352.178550,0
1548930352.191984,0
1548930352.205403,0
1548930352.218837,0
1548930352.232268,0
1548930352.245701,0
1548930352.259142,0
1548930352.272559,0
1548930352.286025,0
1548930352.299474,0
1548930352.312905,0
1548930352.326375,0
1548930352.339823,0
1548930352.353211,0
1548930352.366693,0
1548930352.380164,0
1548930352.393539,0
1548930352.407023,0
1548930352.420737,0
1548930352.434353,0
1548930352.447850,0
1548930352.461308,0
1548930352.474760,0
1548930352.488661,0
1548930352.502170,0
1548930352.515897,0
1548930352.529309,0
1548930352.542748,0
1548930352.556222,0
1548930352.569623,0
1548930352.583084,0
1548930352.596559,0
1548930352.610009,0
1548930352.623454,0
1548930352.636892,0
1548930352.650322,0
1548930352.663771,0
1548930352.677346,0
1548930352.690760,0
1548930352.704204,0
1548930352.717596,0
1548930352.731030,0
1548930352.744457,0
1548930352.757894,0
1548930352.771321,0
1548930352.784746,0
1548930352.798228,0
1548930352.811675,0
1548930352.825069,0
1548930352.838521,0
1548930352.851947,0
1548930352.865324,0
1548930352.878765,0
1548930352.892203,0
1548930352.905582,0
1548930352.919041,0
1548930352.932523,0
1548930352.945952,0
1548930352.959401,0
1548930352.972844,0
1548930352.986335,0
1548930352.999897,0
1548930353.013820,0
1548930353.027766,0
1548930353.040700,0
1548930353.053636,0
1548930353.067250,0
1548930353.080747,0
1548930353.094181,0
1548930353.107694,0
1548930353.121158,0
1548930353.134596,0
1548930353.148049,0
1548930353.161477,0
1548930353.174965,0
1548930353.188379,0
1548930353.201846,0
1548930353.215288,0
1548930353.228700,0
1548930353.242166,0
1548930353.255640,0
1548930353.269024,0
1548930353.282485,0
1548930353.295934,0
1548930353.309327,0
1548930353.322751,0
1548930353.336188,0
1548930353.349566,0
1548930353.363010,0
1548930353.376445,0
1548930353.389857,0
1548930353.403307,0
1548930353.416773,0
1548930353.430217,0
1548930353.443691,0
1548930353.457094,0
1548930353.470584,0
1548930353.484022,0
1548930353.497435,0
1548930353.510857,0
1548930353.524320,0
1548930353.537697,0
1548930353.551110,0
1548930353.564734,0
1548930353.578212,0
1548930353.591638,0
1548930353.605354,0
1548930353.618825,0
1548930353.632249,0
1548930353.645641,0
1548930353.659520,0
1548930353.673086,0
1548930353.686604,0
1548930353.700131,0
1548930353.714049,0
1548930353.727941,0
1548930353.741510,0
1548930353.754994,0
1548930353.768457,0
1548930353.781868,0
1548930353.795318,0
1548930353.808744,0
1548930353.822282,0
1548930353.835810,0
1548930353.849208,0
1548930353.862698,0
1548930353.876163,0
1548930353.889534,0
1548930353.902982,0
1548930353.916447,0
1548930353.929881,0
1548930353.943307,0
1548930353.956759,0
1548930353.970162,0
1548930353.983700,0
1548930353.997409,0
1548930354.010881,0
1548930354.024359,0
1548930354.037894,0
1548930354.051334,0
1548930354.064824,0
1548930354.078275,0
1548930354.091782,0
1548930354.105169,0
1548930354.118645,0
1548930354.132219,0
1548930354.145943,0
1548930354.159907,0
1548930354.174035,0
1548930354.187539,0
1548930354.200994,0
1548930354.214480,0
1548930354.227934,0
1548930354.241373,0
1548930354.254824,0
1548930354.268242,0
1548930354.281704,0
1548930354.295175,0
1548930354.308572,0
1548930354.322032,0
1548930354.335486,0
1548930354.348909,0
1548930354.362372,0
1548930354.375815,0
1548930354.389192,0
1548930354.402668,0
1548930354.416148,0
1548930354.429564,0
1548930354.443071,0
1548930354.456517,0
1548930354.469981,0
1548930354.483438,0
1548930354.496883,0
1548930354.510312,0
1548930354.523759,0
1548930354.537142,0
1548930354.550527,0
1548930354.564007,0
1548930354.577443,0
1548930354.590878,0
1548930354.604377,0
1548930354.617832,0
1548930354.631268,0
1548930354.644689,0
1548930354.658126,0
1548930354.671545,0
1548930354.684954,0
1548930354.698381,0
1548930354.711791,0
1548930354.725193,0
1548930354.739079,0
1548930354.752648,0
1548930354.766071,0
1548930354.780202,0
1548930354.793834,0
1548930354.807597,0
1548930354.820966,0
1548930354.834447,0
1548930354.847935,0
1548930354.861329,0
1548930354.874789,0
1548930354.888216,0
1548930354.901785,0
1548930354.915289,0
1548930354.928729,0
1548930354.942184,0
1548930354.955650,0
1548930354.969056,0
1548930354.982511,0
1548930354.995623,0
1548930355.008802,0
1548930355.022178,0
1548930355.035668,0
1548930355.049054,0
1548930355.062150,0
1548930355.075421,0
1548930355.088847,0
1548930355.102274,0
1548930355.115755,0
1548930355.129155,0
1548930355.142575,0
1548930355.156022,0
1548930355.169439,0
1548930355.182871,0
1548930355.196469,0
1548930355.210038,0
1548930355.223858,0
1548930355.237849,0
1548930355.251365,0
1548930355.264793,0
1548930355.278241,0
1548930355.291720,0
1548930355.305090,0
1548930355.318593,0
1548930355.332059,0
1548930355.345468,0
1548930355.358950,0
1548930355.372417,0
1548930355.385851,0
1548930355.399331,0
1548930355.412769,0
1548930355.426175,0
1548930355.439614,0
1548930355.452980,0
1548930355.466435,0
1548930355.480072,0
1548930355.493478,0
1548930355.506893,0
1548930355.520324,0
1548930355.533731,0
1548930355.547162,0
1548930355.560647,0
1548930355.574107,0
1548930355.587508,0
1548930355.600951,0
1548930355.614374,0
1548930355.627800,0
1548930355.641240,0
1548930355.654710,0
1548930355.668141,0
1548930355.681549,0
1548930355.695031,0
1548930355.708460,0
1548930355.721891,0
1548930355.735310,0
1548930355.748744,0
1548930355.762216,0
1548930355.775671,0
1548930355.789046,0
1548930355.802771,0
1548930355.816270,0
1548930355.829662,0
1548930355.843136,0
1548930355.856562,0
1548930355.869992,0
1548930355.883426,0
1548930355.896851,0
1548930355.910301,0
1548930355.923725,0
1548930355.937130,0
1548930355.950545,0
1548930355.964017,0
1548930355.977424,0
1548930355.990833,0
1548930356.004312,0
1548930356.017723,0
1548930356.031128,0
1548930356.044592,0
1548930356.058061,0
1548930356.071594,0
1548930356.085007,0
1548930356.098421,0
1548930356.111822,0
1548930356.125244,0
1548930356.138690,0
1548930356.152097,0
1548930356.165524,0
1548930356.178956,0
1548930356.192384,0
1548930356.205856,0
1548930356.219313,0
1548930356.232723,0
1548930356.246213,0
1548930356.259654,0
1548930356.273045,0
1548930356.286500,0
1548930356.299934,0
1548930356.313324,0
1548930356.326809,0
1548930356.340247,0
1548930356.353633,0
1548930356.367109,0
1548930356.380559,0
1548930356.394049,0
1548930356.407735,0
1548930356.421146,0
1548930356.434638,0
1548930356.448110,0
1548930356.461537,0
1548930356.474961,0
1548930356.488464,0
1548930356.501922,0
1548930356.515315,0
1548930356.528801,0
1548930356.542260,0
1548930356.555679,0
1548930356.569131,0
1548930356.582554,0
1548930356.595964,0
1548930356.609378,0
1548930356.622831,0
1548930356.636211,0
1548930356.649666,0
1548930356.663114,0
1548930356.676519,0
1548930356.689977,0
1548930356.703434,0
1548930356.716853,0
1548930356.730319,0
1548930356.743758,0
1548930356.757141,0
1548930356.770599,0
1548930356.784033,0
1548930356.797376,0
1548930356.810842,0
1548930356.824295,0
1548930356.837719,0
1548930356.851118,0
1548930356.864884,0
1548930356.878397,0
1548930356.892024,0
1548930356.905574,0
1548930356.919076,0
1548930356.932531,0
1548930356.945977,0
1548930356.959433,0
1548930356.972888,0
1548930356.986585,0
1548930357.000060,0
1548930357.013524,0
1548930357.026983,0
1548930357.040467,0
1548930357.053897,0
1548930357.067351,0
1548930357.080872,0
1548930357.094324,0
1548930357.107739,0
1548930357.121165,0
1548930357.134603,0
1548930357.148056,0
1548930357.161502,0
1548930357.174964,0
1548930357.188383,0
1548930357.201828,0
1548930357.215286,0
1548930357.228733,0
1548930357.242199,0
1548930357.255665,0
1548930357.269802,0
1548930357.283938,0
1548930357.298038,0
1548930357.311606,0
1548930357.325028,0
1548930357.338511,0
1548930357.351987,0
1548930357.365373,0
1548930357.378816,0
1548930357.392284,0
1548930357.405669,0
1548930357.419165,0
1548930357.432711,0
1548930357.446122,0
1548930357.459564,0
1548930357.473005,0
1548930357.486703,0
1548930357.500140,0
1548930357.513523,0
1548930357.526959,0
1548930357.540418,0
1548930357.553897,0
1548930357.567300,0
1548930357.580743,0
1548930357.594241,0
1548930357.607708,0
1548930357.621105,0
1548930357.634550,0
1548930357.648014,0
1548930357.661432,0
1548930357.674882,0
1548930357.688421,0
1548930357.701849,0
1548930357.715318,0
1548930357.728760,0
1548930357.742171,0
1548930357.755655,0
1548930357.769062,0
1548930357.782494,0
1548930357.795910,0
1548930357.809338,0
1548930357.822779,0
1548930357.836244,0
1548930357.849633,0
1548930357.863400,0
1548930357.876888,0
1548930357.890349,0
1548930357.903777,0
1548930357.917212,0
1548930357.930709,0
1548930357.944152,0
1548930357.957560,0
1548930357.971041,0
1548930357.984474,0
1548930357.997935,0
1548930358.011688,0
1548930358.025350,0
1548930358.039030,0
1548930358.052514,0
1548930358.065997,0
1548930358.079471,0
1548930358.093012,0
1548930358.106461,0
1548930358.119920,0
1548930358.133376,0
1548930358.146818,0
1548930358.160295,0
1548930358.173725,0
1548930358.187141,0
1548930358.200600,0
1548930358.214023,0
1548930358.227455,0
1548930358.240960,0
1548930358.254414,0
1548930358.267867,0
1548930358.281316,0
1548930358.294803,0
1548930358.308261,0
1548930358.321710,0
1548930358.335140,0
1548930358.348583,0
1548930358.362040,0
1548930358.375495,0
1548930358.389060,0
1548930358.402892,0
1548930358.417020,0
1548930358.430864,0
1548930358.444402,0
1548930358.457893,0
1548930358.471374,0
1548930358.484862,0
1548930358.498281,0
1548930358.511751,0
1548930358.525149,0
1548930358.538595,0
1548930358.552026,0
1548930358.565453,0
1548930358.578907,0
1548930358.592386,0
1548930358.605826,0
1548930358.619253,0
1548930358.632712,0
1548930358.646171,0
1548930358.659584,0
1548930358.673040,0
1548930358.686552,0
1548930358.699980,0
1548930358.713397,0
1548930358.726845,0
1548930358.740299,0
1548930358.753750,0
1548930358.767182,0
1548930358.780602,0
1548930358.794048,0
1548930358.807456,0
1548930358.820890,0
1548930358.834357,0
1548930358.847784,0
1548930358.861224,0
1548930358.874687,0
1548930358.888164,0
1548930358.901551,0
1548930358.915025,0
1548930358.928470,0
1548930358.941885,0
1548930358.955324,0
1548930358.968900,0
1548930358.982387,0
1548930358.996263,0
1548930359.009723,0
1548930359.023180,0
1548930359.036633,0
1548930359.050075,0
1548930359.063522,0
1548930359.077057,0
1548930359.090195,0
1548930359.103466,0
1548930359.116930,0
1548930359.130378,0
1548930359.143861,0
1548930359.157289,0
1548930359.170761,0
1548930359.184173,0
1548930359.197568,0
1548930359.211042,0
1548930359.224474,0
1548930359.237873,0
1548930359.251314,0
1548930359.264744,0
1548930359.278328,0
1548930359.291818,0
1548930359.305214,0
1548930359.318681,0
1548930359.332279,0
1548930359.346192,0
1548930359.359918,0
1548930359.373860,0
1548930359.387420,0
1548930359.400942,0
1548930359.414392,0
1548930359.427889,0
1548930359.441307,0
1548930359.454741,0
1548930359.468185,0
1548930359.481635,0
1548930359.495110,0
1548930359.508598,0
1548930359.522053,0
1548930359.535530,0
1548930359.548985,0
1548930359.562448,0
1548930359.575888,0
1548930359.589311,0
1548930359.602743,0
1548930359.616204,0
1548930359.629595,0
1548930359.643065,0
1548930359.656484,0
1548930359.669901,0
1548930359.683334,0
1548930359.696771,0
1548930359.710214,0
1548930359.723680,0
1548930359.737072,0
1548930359.750549,0
1548930359.763995,0
1548930359.777480,0
1548930359.790960,0
1548930359.804441,0
1548930359.817865,0
1548930359.831320,0
1548930359.844776,0
1548930359.858211,0
1548930359.871774,0
1548930359.885223,0
1548930359.898987,0
1548930359.912561,0
1548930359.926097,0
1548930359.939566,0
1548930359.953035,0
1548930359.966523,0
1548930359.979976,0
1548930359.993490,0
1548930360.007088,0
1548930360.020592,0
1548930360.034060,0
1548930360.047558,0
1548930360.060999,0
1548930360.074524,0
1548930360.088192,0
1548930360.101846,0
1548930360.115426,0
1548930360.128916,0
1548930360.142387,0
1548930360.155930,0
1548930360.169335,0
1548930360.182762,0
1548930360.196226,0
1548930360.209629,0
1548930360.223083,0
1548930360.236522,0
1548930360.249905,0
1548930360.263310,0
1548930360.276848,0
1548930360.290759,0
1548930360.304739,0
1548930360.318782,0
1548930360.332422,0
1548930360.346016,0
1548930360.359553,0
1548930360.373036,0
1548930360.386549,0
1548930360.400048,0
1548930360.413496,0
1548930360.427018,0
1548930360.440497,0
1548930360.453935,0
1548930360.467386,0
1548930360.480856,0
1548930360.494298,0
1548930360.507703,0
1548930360.521114,0
1548930360.534559,0
1548930360.548038,0
1548930360.561459,0
1548930360.574912,0
1548930360.588397,0
1548930360.601834,0
1548930360.615259,0
1548930360.628717,0
1548930360.642152,0
1548930360.655575,0
1548930360.668988,0
1548930360.682448,0
1548930360.695883,0
1548930360.709293,0
1548930360.722736,0
1548930360.736183,0
1548930360.749589,0
1548930360.763038,0
1548930360.776465,0
1548930360.789880,0
1548930360.803322,0
1548930360.816756,0
1548930360.830207,0
1548930360.843656,0
1548930360.857058,0
1548930360.870504,0
1548930360.884250,0
1548930360.897718,0
1548930360.911217,0
1548930360.924685,0
1548930360.938143,0
1548930360.951605,0
1548930360.964992,0
1548930360.978424,0
1548930360.991895,0
1548930361.005395,0
1548930361.018774,0
1548930361.032229,0
1548930361.045611,0
1548930361.059062,0
1548930361.072538,0
1548930361.085933,0
1548930361.099417,0
1548930361.112879,0
1548930361.126278,0
1548930361.139683,0
1548930361.153081,0
1548930361.166501,0
1548930361.179961,0
1548930361.193389,0
1548930361.206802,0
1548930361.220312,0
1548930361.233732,0
1548930361.247141,0
1548930361.260573,0
1548930361.274121,0
1548930361.287557,0
1548930361.300969,0
1548930361.314441,0
1548930361.327883,0
1548930361.341307,0
1548930361.354798,0
1548930361.368257,0
1548930361.381642,0
1548930361.395138,0
1548930361.408552,0
1548930361.421988,0
1548930361.435477,0
1548930361.448915,0
1548930361.462344,0
1548930361.476585,0
1548930361.490201,0
1548930361.503777,0
1548930361.517347,0
1548930361.530984,0
1548930361.544487,0
1548930361.557936,0
1548930361.571379,0
1548930361.584855,0
1548930361.598288,0
1548930361.611763,0
1548930361.625185,0
1548930361.638654,0
1548930361.652094,0
1548930361.665498,0
1548930361.678982,0
1548930361.692440,0
1548930361.705916,0
1548930361.719367,0
1548930361.732784,0
1548930361.746205,0
1548930361.759653,0
1548930361.773057,0
1548930361.786507,0
1548930361.799972,0
1548930361.813355,0
1548930361.826807,0
1548930361.840261,0
1548930361.853626,0
1548930361.867101,0
1548930361.880558,0
1548930361.894119,0
1548930361.908064,0
1548930361.921894,0
1548930361.936009,0
1548930361.949484,0
1548930361.962897,0
1548930361.976312,0
1548930361.989740,0
1548930362.003134,0
1548930362.016558,0
1548930362.030060,0
1548930362.043490,0
1548930362.056925,0
1548930362.070436,0
1548930362.083865,0
1548930362.097233,0
1548930362.110720,0
1548930362.124166,0
1548930362.137549,0
1548930362.151019,0
1548930362.164452,0
1548930362.177847,0
1548930362.191310,0
1548930362.204734,0
1548930362.218145,0
1548930362.231635,0
1548930362.244990,0
1548930362.258401,0
1548930362.271881,0
1548930362.285290,0
1548930362.298693,0
1548930362.312164,0
1548930362.325524,0
1548930362.338961,0
1548930362.352473,0
1548930362.365890,0
1548930362.379305,0
1548930362.392973,0
1548930362.406448,0
1548930362.420263,0
1548930362.433962,0
1548930362.447437,0
1548930362.460880,0
1548930362.474369,0
1548930362.487796,0
1548930362.501240,0
1548930362.514730,0
1548930362.528179,0
1548930362.541616,0
1548930362.555061,0
1548930362.568469,0
1548930362.581937,0
1548930362.595388,0
1548930362.608807,0
1548930362.622248,0
1548930362.635694,0
1548930362.649063,0
1548930362.662560,0
1548930362.676011,0
1548930362.689449,0
1548930362.702963,0
1548930362.716404,0
1548930362.729833,0
1548930362.743761,0
1548930362.757906,0
1548930362.771927,0
1548930362.785971,0
1548930362.799463,0
1548930362.812884,0
1548930362.826312,0
1548930362.839751,0
1548930362.853163,0
1548930362.866563,0
1548930362.880010,0
1548930362.893423,0
1548930362.906854,0
1548930362.920269,0
1548930362.933660,0
1548930362.947178,0
1548930362.960565,0
1548930362.973952,0
1548930362.987415,0
1548930363.000844,0
1548930363.014405,0
1548930363.027843,0
1548930363.041233,0
1548930363.054687,0
1548930363.068151,0
1548930363.081539,0
1548930363.095083,0
1548930363.108493,0
1548930363.121948,0
1548930363.135403,0
1548930363.148864,0
1548930363.162296,0
1548930363.175729,0
1548930363.189121,0
1548930363.202545,0
1548930363.215982,0
1548930363.229379,0
1548930363.242823,0
1548930363.256291,0
1548930363.269717,0
1548930363.283186,0
1548930363.296596,0
1548930363.310051,0
1548930363.323481,0
1548930363.336923,0
1548930363.350667,0
1548930363.364155,0
1548930363.377987,0
1548930363.391513,0
1548930363.405156,0
1548930363.418608,0
1548930363.432068,0
1548930363.445491,0
1548930363.458919,0
1548930363.472426,0
1548930363.485837,0
1548930363.499238,0
1548930363.512687,0
1548930363.526127,0
1548930363.539609,0
1548930363.553011,0
1548930363.566416,0
1548930363.579879,0
1548930363.593299,0
1548930363.606705,0
1548930363.620156,0
1548930363.633567,0
1548930363.646997,0
1548930363.660492,0
1548930363.673973,0
1548930363.687487,0
1548930363.700929,0
1548930363.714373,0
1548930363.728106,0
1548930363.742190,0
1548930363.755964,0
1548930363.769720,0
1548930363.783239,0
1548930363.796692,0
1548930363.810104,0
1548930363.823588,0
1548930363.836974,0
1548930363.850416,0
1548930363.863925,0
1548930363.877311,0
1548930363.890698,0
1548930363.904170,0
1548930363.917519,0
1548930363.930916,0
1548930363.944390,0
1548930363.957828,0
1548930363.971233,0
1548930363.984735,0
1548930363.998140,0
1548930364.011558,0
1548930364.024997,0
1548930364.038409,0
1548930364.051821,0
1548930364.065288,0
1548930364.078738,0
1548930364.092212,0
1548930364.105660,0
1548930364.119116,0
1548930364.132492,0
1548930364.145962,0
1548930364.159392,0
1548930364.172782,0
1548930364.186246,0
1548930364.199666,0
1548930364.213047,0
1548930364.226543,0
1548930364.239958,0
1548930364.253349,0
1548930364.266826,0
1548930364.280272,0
1548930364.293740,0
1548930364.307229,0
1548930364.320676,0
1548930364.334587,0
1548930364.348071,0
1548930364.361471,0
1548930364.374938,0
1548930364.388374,0
1548930364.401811,0
1548930364.415236,0
1548930364.428659,0
1548930364.442113,0
1548930364.455619,0
1548930364.469016,0
1548930364.482463,0
1548930364.495933,0
1548930364.509351,0
1548930364.522747,0
1548930364.536193,0
1548930364.549572,0
1548930364.563008,0
1548930364.576487,0
1548930364.589872,0
1548930364.603274,0
1548930364.616724,0
1548930364.630156,0
1548930364.643605,0
1548930364.657005,0
1548930364.670444,0
1548930364.683877,0
1548930364.697281,0
1548930364.710719,0
1548930364.724126,0
1548930364.737542,0
1548930364.750961,0
1548930364.764405,0
1548930364.777823,0
1548930364.791262,0
1548930364.804693,0
1548930364.818116,0
1548930364.831546,0
1548930364.844976,0
1548930364.858481,0
1548930364.871919,0
1548930364.885435,0
1548930364.898940,0
1548930364.912403,0
1548930364.925881,0
1548930364.939647,0
1548930364.953140,0
1548930364.966676,0
1548930364.980222,0
1548930364.993631,0
1548930365.007109,0
1548930365.020657,0
1548930365.034201,0
1548930365.047633,0
1548930365.061072,0
1548930365.074545,0
1548930365.087970,0
1548930365.101418,0
1548930365.114856,0
1548930365.128328,0
1548930365.141799,0
1548930365.155266,0
1548930365.168708,0
1548930365.182182,0
1548930365.195624,0
1548930365.209020,0
1548930365.222483,0
1548930365.235946,0
1548930365.249348,0
1548930365.262848,0
1548930365.276449,0
1548930365.289945,0
1548930365.303466,0
1548930365.316895,0
1548930365.330346,0
1548930365.343912,0
1548930365.357351,0
1548930365.370802,0
1548930365.384288,0
1548930365.397720,0
1548930365.411155,0
1548930365.424733,0
1548930365.438221,0
1548930365.451696,0
1548930365.465192,0
1548930365.478698,0
1548930365.492189,0
1548930365.505650,0
1548930365.519098,0
1548930365.532592,0
1548930365.546269,0
1548930365.559763,0
1548930365.573267,0
1548930365.586814,0
1548930365.600253,0
1548930365.613793,0
1548930365.627410,0
1548930365.640751,0
1548930365.654199,0
1548930365.667931,0
1548930365.681432,0
1548930365.695243,0
1548930365.708789,0
1548930365.722333,0
1548930365.735934,0
1548930365.749391,0
1548930365.762865,0
1548930365.776387,0
1548930365.789838,0
1548930365.803243,0
1548930365.816713,0
1548930365.830181,0
1548930365.843632,0
1548930365.857081,0
1548930365.870529,0
1548930365.883974,0
1548930365.897409,0
1548930365.910869,0
1548930365.924358,0
1548930365.938121,0
1548930365.951752,0
1548930365.965205,0
1548930365.978810,0
1548930365.992360,0
1548930366.005876,0
1548930366.019481,0
1548930366.032955,0
1548930366.046433,0
1548930366.059947,0
1548930366.073377,0
1548930366.086819,0
1548930366.100284,0
1548930366.113708,0
1548930366.127123,0
1548930366.140738,0
1548930366.154212,0
1548930366.167699,0
1548930366.181138,0
1548930366.194628,0
1548930366.208206,0
1548930366.221710,0
1548930366.235233,0
1548930366.248702,0
1548930366.262216,0
1548930366.275656,0
1548930366.289118,0
1548930366.302562,0
1548930366.316008,0
1548930366.330465,0
1548930366.343281,0
1548930366.356619,0
1548930366.370463,0
1548930366.384103,0
1548930366.397770,0
1548930366.411441,0
1548930366.425107,0
1548930366.438768,0
1548930366.452355,0
1548930366.465914,0
1548930366.479539,0
1548930366.493069,0
1548930366.506547,0
1548930366.520020,0
1548930366.533461,0
1548930366.546980,0
1548930366.560761,0
1548930366.574966,0
1548930366.588568,0
1548930366.602111,0
1548930366.615620,0
1548930366.629263,0
1548930366.642802,0
1548930366.656330,0
1548930366.669814,0
1548930366.683240,0
1548930366.696697,0
1548930366.710117,0
1548930366.724003,0
1548930366.737583,0
1548930366.751055,0
1548930366.764582,0
1548930366.778067,0
1548930366.791784,0
1548930366.805265,0
1548930366.818690,0
1548930366.832272,0
1548930366.845728,0
1548930366.859333,0
1548930366.872759,0
1548930366.886273,0
1548930366.899889,0
1548930366.913277,0
1548930366.926944,0
1548930366.940385,0
1548930366.953887,0
1548930366.967594,0
1548930366.981054,0
1548930366.994519,0
1548930367.007986,0
1548930367.021503,0
1548930367.035112,0
1548930367.048549,0
1548930367.062000,0
1548930367.075532,0
1548930367.088989,0
1548930367.102397,0
1548930367.115864,0
1548930367.129249,0
1548930367.142689,0
1548930367.156179,0
1548930367.169563,0
1548930367.183000,0
1548930367.196456,0
1548930367.209867,0
1548930367.223316,0
1548930367.236746,0
1548930367.250191,0
1548930367.263690,0
1548930367.277185,0
1548930367.290651,0
1548930367.304118,0
1548930367.317565,0
1548930367.331072,0
1548930367.344475,0
1548930367.357929,0
1548930367.371338,0
1548930367.384779,0
1548930367.398583,0
1548930367.411933,0
1548930367.425507,0
1548930367.439397,0
1548930367.453005,0
1548930367.466632,0
1548930367.480346,0
1548930367.493981,0
1548930367.507581,0
1548930367.521236,0
1548930367.534903,0
1548930367.548511,0
1548930367.562108,0
1548930367.575628,0
1548930367.589079,0
1548930367.602535,0
1548930367.615981,0
1548930367.629591,0
1548930367.643168,0
1548930367.657224,0
1548930367.670837,0
1548930367.685148,0
1548930367.698897,0
1548930367.712660,0
1548930367.726286,0
1548930367.740009,0
1548930367.753591,0
1548930367.767141,0
1548930367.780716,0
1548930367.794300,0
1548930367.807868,0
1548930367.821619,0
1548930367.835269,0
1548930367.848799,0
1548930367.862309,0
1548930367.875761,0
1548930367.889231,0
1548930367.902744,0
1548930367.916199,0
1548930367.929790,0
1548930367.943301,0
1548930367.956749,0
1548930367.970229,0
1548930367.983896,0
1548930367.998007,0
1548930368.011619,0
1548930368.025308,0
1548930368.038983,0
1548930368.052483,0
1548930368.065899,0
1548930368.079406,0
1548930368.092850,0
1548930368.106307,0
1548930368.119748,0
1548930368.133159,0
1548930368.146600,0
1548930368.160022,0
1548930368.173467,0
1548930368.186938,0
1548930368.200352,0
1548930368.213822,0
1548930368.227290,0
1548930368.240707,0
1548930368.254166,0
1548930368.267592,0
1548930368.281080,0
1548930368.294758,0
1548930368.308504,0
1548930368.322158,0
1548930368.335789,0
1548930368.349253,0
1548930368.362762,0
1548930368.376376,0
1548930368.389872,0
1548930368.403338,0
1548930368.416847,0
1548930368.430369,0
1548930368.443830,0
1548930368.457306,0
1548930368.470778,0
1548930368.484268,0
1548930368.497795,0
1548930368.511259,0
1548930368.524720,0
1548930368.538468,0
1548930368.551920,0
1548930368.565350,0
1548930368.578913,0
1548930368.592347,0
1548930368.605821,0
1548930368.619341,0
1548930368.632914,0
1548930368.646340,0
1548930368.659888,0
1548930368.673827,0
1548930368.687390,0
1548930368.700830,0
1548930368.714295,0
1548930368.727758,0
1548930368.741215,0
1548930368.754656,0
1548930368.768170,0
1548930368.781722,0
1548930368.795214,0
1548930368.808726,0
1548930368.822182,0
1548930368.835693,0
1548930368.849134,0
1548930368.862582,0
1548930368.876027,0
1548930368.889490,0
1548930368.902944,0
1548930368.916390,0
1548930368.929882,0
1548930368.943362,0
1548930368.956791,0
1548930368.970226,0
1548930368.983760,0
1548930368.997162,0
1548930369.010697,0
1548930369.024153,0
1548930369.037562,0
1548930369.051019,0
1548930369.064484,0
1548930369.077958,0
1548930369.091409,0
1548930369.104845,0
1548930369.118294,0
1548930369.131740,0
1548930369.145136,0
1548930369.158590,0
1548930369.172041,0
1548930369.185431,0
1548930369.198896,0
1548930369.212365,0
1548930369.225914,0
1548930369.239384,0
1548930369.252867,0
1548930369.266312,0
1548930369.279798,0
1548930369.293256,0
1548930369.306672,0
1548930369.320116,0
1548930369.333531,0
1548930369.347002,0
1548930369.360449,0
1548930369.373885,0
1548930369.387345,0
1548930369.400807,0
1548930369.414271,0
1548930369.427721,0
1548930369.441144,0
1548930369.454646,0
1548930369.468165,0
1548930369.481630,0
1548930369.495135,0
1548930369.508604,0
1548930369.522166,0
1548930369.535650,0
1548930369.549048,0
1548930369.562438,0
1548930369.575924,0
1548930369.589331,0
1548930369.602815,0
1548930369.616255,0
1548930369.629628,0
1548930369.643073,0
1548930369.656550,0
1548930369.669987,0
1548930369.683485,0
1548930369.696967,0
1548930369.710391,0
1548930369.723821,0
1548930369.737273,0
1548930369.750694,0
1548930369.764130,0
1548930369.777600,0
1548930369.791082,0
1548930369.804515,0
1548930369.818018,0
1548930369.831843,0
1548930369.845444,0
1548930369.859001,0
1548930369.872527,0
1548930369.885964,0
1548930369.899465,0
1548930369.912934,0
1548930369.926457,0
1548930369.939894,0
1548930369.953312,0
1548930369.966785,0
1548930369.980241,0
1548930369.993631,0
1548930370.007091,0
1548930370.020561,0
1548930370.034000,0
1548930370.047783,0
1548930370.061227,0
1548930370.074682,0
1548930370.088378,0
1548930370.101897,0
1548930370.115379,0
1548930370.129129,0
1548930370.142637,0
1548930370.156162,0
1548930370.169725,0
1548930370.183172,0
1548930370.196620,0
1548930370.210639,0
1548930370.224374,0
1548930370.237878,0
1548930370.251414,0
1548930370.264907,0
1548930370.278404,0
1548930370.291869,0
1548930370.305284,0
1548930370.318755,0
1548930370.332221,0
1548930370.345613,0
1548930370.359087,0
1548930370.372616,0
1548930370.386023,0
1548930370.399611,0
1548930370.413037,0
1548930370.426443,0
1548930370.439933,0
1548930370.453411,0
1548930370.466847,0
1548930370.480277,0
1548930370.493751,0
1548930370.507177,0
1548930370.520610,0
1548930370.534425,0
1548930370.548144,0
1548930370.561673,0
1548930370.575187,0
1548930370.588636,0
1548930370.602120,0
1548930370.615607,0
1548930370.629012,0
1548930370.642527,0
1548930370.655996,0
1548930370.669449,0
1548930370.682949,0
1548930370.696404,0
1548930370.709859,0
1548930370.723360,0
1548930370.736931,0
1548930370.750404,0
1548930370.763883,0
1548930370.777329,0
1548930370.790786,0
1548930370.804277,0
1548930370.817795,0
1548930370.832104,0
1548930370.845533,0
1548930370.858456,0
1548930370.871147,0
1548930370.884282,0
1548930370.897758,0
1548930370.911254,0
1548930370.924732,0
1548930370.936946,0
1548930370.949436,0
1548930370.962077,0
1548930370.974440,0
1548930370.986816,0
1548930370.999170,0
1548930371.012200,0
1548930371.025673,0
1548930371.038532,0
1548930371.051327,0
1548930371.064193,0
1548930371.077855,0
1548930371.091432,0
1548930371.105399,0
1548930371.118114,0
1548930371.130631,0
1548930371.143451,0
1548930371.155569,0
1548930371.167730,0
1548930371.179822,0
1548930371.191951,0
1548930371.204097,0
1548930371.216226,0
1548930371.228381,0
1548930371.240660,0
1548930371.253220,0
1548930371.265710,0
1548930371.278566,0
1548930371.291275,0
1548930371.304635,0
1548930371.318358,0
1548930371.331939,0
1548930371.345481,0
1548930371.358466,0
1548930371.371245,0
1548930371.383522,0
1548930371.395583,0
1548930371.407723,0
1548930371.419735,0
1548930371.431783,0
1548930371.443371,0
1548930371.455011,0
1548930371.466640,0
1548930371.478294,0
1548930371.490279,0
1548930371.502068,0
1548930371.513854,0
1548930371.525843,0
1548930371.538256,0
1548930371.550911,0
1548930371.564028,0
1548930371.577473,0
1548930371.591465,0
1548930371.605435,0
1548930371.618536,0
1548930371.631648,0
1548930371.644894,0
1548930371.658469,0
1548930371.672372,0
1548930371.685525,0
1548930371.698585,0
1548930371.710879,0
1548930371.723426,0
1548930371.735098,0
1548930371.746634,0
1548930371.758195,0
1548930371.769731,0
1548930371.781357,0
1548930371.792980,0
1548930371.804598,0
1548930371.816336,0
1548930371.828295,0
1548930371.840103,0
1548930371.851927,0
1548930371.863727,0
1548930371.876138,0
1548930371.889326,0
1548930371.902682,0
1548930371.916107,0
1548930371.929495,0
1548930371.942940,0
1548930371.956342,0
1548930371.969745,0
1548930371.983291,0
1548930371.996954,0
1548930372.010380,0
1548930372.023873,0
1548930372.037266,0
1548930372.050757,0
1548930372.064284,0
1548930372.077741,0
1548930372.091350,0
1548930372.104836,0
1548930372.118470,0
1548930372.131949,0
1548930372.145380,0
1548930372.158799,0
1548930372.172185,0
1548930372.185841,0
1548930372.199309,0
1548930372.212727,0
1548930372.226346,0
1548930372.239809,0
1548930372.253214,0
1548930372.266718,0
1548930372.280175,0
1548930372.293537,0
1548930372.306999,0
1548930372.320439,0
1548930372.333866,0
1548930372.347310,0
1548930372.360915,0
1548930372.374352,0
1548930372.387865,0
1548930372.401276,0
1548930372.414699,0
1548930372.428190,0
1548930372.441579,0
1548930372.455008,0
1548930372.468497,0
1548930372.481880,0
1548930372.495298,0
1548930372.508747,0
1548930372.522200,0
1548930372.535625,0
1548930372.549062,0
1548930372.562818,0
1548930372.576281,0
1548930372.589671,0
1548930372.603146,0
1548930372.616580,0
1548930372.629999,0
1548930372.643436,0
1548930372.656884,0
1548930372.670297,0
1548930372.683896,0
1548930372.697423,0
1548930372.710919,0
1548930372.724468,0
1548930372.737982,0
1548930372.751561,0
1548930372.765019,0
1548930372.778532,0
1548930372.792063,0
1548930372.805521,0
1548930372.819130,0
1548930372.832626,0
1548930372.846306,0
1548930372.859870,0
1548930372.873320,0
1548930372.886777,0
1548930372.900264,0
1548930372.914153,0
1548930372.927680,0
1548930372.941176,0
1548930372.954596,0
1548930372.968025,0
1548930372.981481,0
1548930372.994962,0
1548930373.008406,0
1548930373.022023,0
1548930373.035507,0
1548930373.048940,0
1548930373.062442,0
1548930373.075917,0
1548930373.089475,0
1548930373.102985,0
1548930373.116426,0
1548930373.129879,0
1548930373.143321,0
1548930373.156762,0
1548930373.170230,0
1548930373.183822,0
1548930373.197271,0
1548930373.210712,0
1548930373.224200,0
1548930373.237593,0
1548930373.251155,0
1548930373.264611,0
1548930373.278490,0
1548930373.292095,0
1548930373.305513,0
1548930373.319046,0
1548930373.332554,0
1548930373.346002,0
1548930373.359443,0
1548930373.372916,0
1548930373.386470,0
1548930373.399972,0
1548930373.413524,0
1548930373.427004,0
1548930373.440453,0
1548930373.453987,0
1548930373.467470,0
1548930373.480903,0
1548930373.494367,0
1548930373.507843,0
1548930373.521223,0
1548930373.534695,0
1548930373.548116,0
1548930373.561509,0
1548930373.574985,0
1548930373.588405,0
1548930373.601809,0
1548930373.614928,0
1548930373.628459,0
1548930373.641982,0
1548930373.655532,0
1548930373.668956,0
1548930373.682512,0
1548930373.696202,0
1548930373.709624,0
1548930373.723101,0
1548930373.736602,0
1548930373.750074,0
1548930373.763541,0
1548930373.777107,0
1548930373.790537,0
1548930373.804006,0
1548930373.817461,0
1548930373.830914,0
1548930373.844368,0
1548930373.857817,0
1548930373.871242,0
1548930373.884829,0
1548930373.898353,0
1548930373.911913,0
1548930373.925348,0
1548930373.938913,0
1548930373.952460,0
1548930373.965970,0
1548930373.979541,0
1548930373.992960,0
1548930374.006444,0
1548930374.020013,0
1548930374.033481,0
1548930374.047008,0
1548930374.060541,0
1548930374.074017,0
1548930374.087468,0
1548930374.100998,0
1548930374.114604,0
1548930374.128102,0
1548930374.141529,0
1548930374.154981,0
1548930374.168503,0
1548930374.182595,0
1548930374.195793,0
1548930374.208484,0
1548930374.220422,0
1548930374.232089,0
1548930374.243865,0
1548930374.256233,0
1548930374.268652,0
1548930374.280803,0
1548930374.293218,0
1548930374.305707,0
1548930374.318541,0
1548930374.331284,0
1548930374.343640,0
1548930374.355970,0
1548930374.368578,0
1548930374.381668,0
1548930374.394749,0
1548930374.407602,0
1548930374.420743,0
1548930374.434426,0
1548930374.448193,0
1548930374.461418,0
1548930374.474326,0
1548930374.487377,0
1548930374.501032,0
1548930374.514612,0
1548930374.526718,0
1548930374.538783,0
1548930374.551025,0
1548930374.563556,0
1548930374.575957,0
1548930374.588145,0
1548930374.600862,0
1548930374.613369,0
1548930374.625893,0
1548930374.638487,0
1548930374.651250,0
1548930374.664293,0
1548930374.677763,0
1548930374.691318,0
1548930374.704944,0
1548930374.718484,0
1548930374.731926,0
1548930374.745329,0
1548930374.758806,0
1548930374.772253,0
1548930374.785709,0
1548930374.799134,0
1548930374.812567,0
1548930374.826027,0
1548930374.839425,0
1548930374.852812,0
1548930374.866255,0
1548930374.879673,0
1548930374.893048,0
1548930374.906490,0
1548930374.919928,0
1548930374.933332,0
1548930374.946803,0
1548930374.960192,0
1548930374.973579,0
1548930374.987081,0
1548930375.000628,0
1548930375.014530,0
1548930375.028033,0
1548930375.041448,0
1548930375.055045,0
1548930375.068503,0
1548930375.082013,0
1548930375.095520,0
1548930375.108949,0
1548930375.122421,0
1548930375.135893,0
1548930375.149269,0
1548930375.162740,0
1548930375.176258,0
1548930375.189693,0
1548930375.203137,0
1548930375.216684,0
1548930375.230127,0
1548930375.243575,0
1548930375.257080,0
1548930375.270566,0
1548930375.284010,0
1548930375.297530,0
1548930375.311033,0
1548930375.324504,0
1548930375.337979,0
1548930375.351447,0
1548930375.364950,0
1548930375.378436,0
1548930375.391841,0
1548930375.405273,0
1548930375.418754,0
1548930375.432232,0
1548930375.445747,0
1548930375.459252,0
1548930375.472696,0
1548930375.485908,0
1548930375.498593,0
1548930375.511806,0
1548930375.525467,0
1548930375.539072,0
1548930375.552661,0
1548930375.566207,0
1548930375.579865,0
1548930375.593402,0
1548930375.607016,0
1548930375.620587,0
1548930375.634117,0
1548930375.647638,0
1548930375.661300,0
1548930375.674856,0
1548930375.688326,0
1548930375.701856,0
1548930375.715359,0
1548930375.728821,0
1548930375.744377,0
1548930375.758073,0
1548930375.771725,0
1548930375.785328,0
1548930375.798915,0
1548930375.812607,0
1548930375.826159,0
1548930375.839721,0
1548930375.853364,0
1548930375.866932,0
1548930375.880501,0
1548930375.894091,0
1548930375.907599,0
1548930375.921043,0
1548930375.934609,0
1548930375.948067,0
1548930375.961516,0
1548930375.975044,0
1548930375.988516,0
1548930376.001996,0
1548930376.015427,0
1548930376.028877,0
1548930376.042322,0
1548930376.055782,0
1548930376.069187,0
1548930376.082615,0
1548930376.096058,0
1548930376.109462,0
1548930376.122920,0
1548930376.136401,0
1548930376.149858,0
1548930376.163367,0
1548930376.176803,0
1548930376.190248,0
1548930376.203680,0
1548930376.217085,0
1548930376.230490,0
1548930376.243913,0
1548930376.257319,0
1548930376.270777,0
1548930376.284257,0
1548930376.297662,0
1548930376.311153,0
1548930376.324616,0
1548930376.338114,0
1548930376.351545,0
1548930376.365021,0
1548930376.378504,0
1548930376.391923,0
1548930376.405362,0
1548930376.418810,0
1548930376.432285,0
1548930376.445744,0
1548930376.459171,0
1548930376.472678,0
1548930376.486225,0
1548930376.499658,0
1548930376.513319,0
1548930376.526964,0
1548930376.540516,0
1548930376.554006,0
1548930376.567727,0
1548930376.581325,0
1548930376.594926,0
1548930376.608473,0
1548930376.621939,0
1548930376.635404,0
1548930376.648947,0
1548930376.662373,0
1548930376.675897,0
1548930376.689354,0
1548930376.702878,0
1548930376.716388,0
1548930376.729905,0
1548930376.743328,0
1548930376.756750,0
1548930376.770256,0
1548930376.783713,0
1548930376.797095,0
1548930376.810558,0
1548930376.824043,0
1548930376.837448,0
1548930376.850929,0
1548930376.864381,0
1548930376.877812,0
1548930376.891342,0
1548930376.904793,0
1548930376.918214,0
1548930376.931727,0
1548930376.945243,0
1548930376.958696,0
1548930376.972170,0
1548930376.985548,0
1548930376.998995,0
1548930377.011567,0
1548930377.024968,0
1548930377.038428,0
1548930377.052105,0
1548930377.065630,0
1548930377.079196,0
1548930377.092736,0
1548930377.106228,0
1548930377.119818,0
1548930377.133338,0
1548930377.146787,0
1548930377.160202,0
1548930377.173635,0
1548930377.187126,0
1548930377.200593,0
1548930377.214040,0
1548930377.227480,0
1548930377.240909,0
1548930377.254379,0
1548930377.267962,0
1548930377.281987,0
1548930377.295705,0
1548930377.309221,0
1548930377.322724,0
1548930377.336181,0
1548930377.349563,0
1548930377.363065,0
1548930377.376606,0
1548930377.390113,0
1548930377.403584,0
1548930377.417271,0
1548930377.430887,0
1548930377.444566,0
1548930377.458195,0
1548930377.471627,0
1548930377.485422,0
1548930377.498971,0
1548930377.512675,0
1548930377.524442,0
1548930377.537175,0
1548930377.550671,0
1548930377.564222,0
1548930377.577831,0
1548930377.591366,0
1548930377.604873,0
1548930377.618445,0
1548930377.632246,0
1548930377.645878,0
1548930377.659556,0
1548930377.673097,0
1548930377.686621,0
1548930377.700127,0
1548930377.713646,0
1548930377.727158,0
1548930377.740560,0
1548930377.754017,0
1548930377.767493,0
1548930377.780999,0
1548930377.794440,0
1548930377.807940,0
1548930377.821342,0
1548930377.834795,0
1548930377.848237,0
1548930377.861646,0
1548930377.875155,0
1548930377.888610,0
1548930377.902110,0
1548930377.915579,0
1548930377.929149,0
1548930377.942586,0
1548930377.956035,0
1548930377.969488,0
1548930377.982915,0
1548930377.996326,0
1548930378.009733,0
1548930378.023194,0
1548930378.036599,0
1548930378.050083,0
1548930378.063520,0
1548930378.077604,0
1548930378.091163,0
1548930378.104609,0
1548930378.118021,0
1548930378.131507,0
1548930378.145129,0
1548930378.158849,0
1548930378.171747,0
1548930378.185434,0
1548930378.198914,0
1548930378.212655,0
1548930378.226142,0
1548930378.239630,0
1548930378.253216,0
1548930378.266659,0
1548930378.280278,0
1548930378.293821,0
1548930378.307851,0
1548930378.321327,0
1548930378.334752,0
1548930378.348191,0
1548930378.361642,0
1548930378.375142,0
1548930378.388556,0
1548930378.402002,0
1548930378.415435,0
1548930378.428858,0
1548930378.443070,0
1548930378.456066,0
1548930378.469099,0
1548930378.482727,0
1548930378.496170,0
1548930378.509620,0
1548930378.523143,0
1548930378.536630,0
1548930378.550054,0
1548930378.563497,0
1548930378.576987,0
1548930378.590395,0
1548930378.603908,0
1548930378.617487,0
1548930378.631004,0
1548930378.644701,0
1548930378.658186,0
1548930378.671751,0
1548930378.685411,0
