1548932181.357439,0
1548932181.370267,1
1548932181.382882,1
1548932181.395584,171
1548932181.407999,283
1548932181.422691,1
1548932181.435236,0
1548932181.447439,0
1548932181.459763,2
1548932181.473123,1
1548932181.486481,0
1548932181.500354,0
1548932181.513854,0
1548932181.527558,0
1548932181.541557,0
1548932181.554044,2
1548932181.566565,0
1548932181.580162,6
1548932181.593101,40
1548932181.606165,2
1548932181.618781,0
1548932181.631798,0
1548932181.645369,0
1548932181.659059,2
1548932181.673323,11
1548932181.687131,8
1548932181.700482,42
1548932181.713034,0
1548932181.725534,0
1548932181.738176,0
1548932181.751458,4
1548932181.766562,2
1548932181.780558,9
1548932181.794527,21
1548932181.807191,4
1548932181.819799,29
1548932181.832880,7
1548932181.846304,26
1548932181.860516,5
1548932181.874015,24
1548932181.887226,2
1548932181.899879,7
1548932181.912735,1
1548932181.925556,4
1548932181.939652,33
1548932181.952798,5
1548932181.965517,4
1548932181.978197,33
1548932181.991616,3
1548932182.004585,24
1548932182.017019,3
1548932182.029376,7
1548932182.041999,13
1548932182.054534,1
1548932182.067223,2
1548932182.080234,2
1548932182.094590,1
1548932182.107756,26
1548932182.121081,18
1548932182.134130,16
1548932182.147477,2
1548932182.160373,21
1548932182.172858,9
1548932182.185653,15
1548932182.198110,4
1548932182.211859,31
1548932182.224503,9
1548932182.236983,42
1548932182.249326,7
1548932182.262140,6
1548932182.276432,15
1548932182.289873,12
1548932182.302653,23
1548932182.314827,3
1548932182.327017,22
1548932182.339447,47
1548932182.351756,1
1548932182.364412,0
1548932182.378057,0
1548932182.391323,0
1548932182.404983,0
1548932182.419220,1
1548932182.432891,2
1548932182.446523,21
1548932182.460098,29
1548932182.473023,4
1548932182.485424,28
1548932182.497895,5
1548932182.510452,5
1548932182.524265,23
1548932182.537839,18
1548932182.551854,3
1548932182.564673,12
1548932182.576938,31
1548932182.589066,1
1548932182.602073,0
1548932182.615202,0
1548932182.629406,7
1548932182.642705,1
1548932182.655068,50
1548932182.668040,5
1548932182.681228,7
1548932182.694480,44
1548932182.707867,2
1548932182.721422,20
1548932182.734386,16
1548932182.747149,37
1548932182.759478,3
1548932182.772027,1
1548932182.785109,13
1548932182.798147,5
1548932182.810459,27
1548932182.823023,4
1548932182.836257,0
1548932182.849960,17
1548932182.863328,15
1548932182.876542,45
1548932182.889144,2
1548932182.901648,0
1548932182.915744,7
1548932182.929232,8
1548932182.941940,24
1548932182.954658,2
1548932182.967087,6
1548932182.980277,43
1548932182.993413,2
1548932183.006931,37
1548932183.019845,14
1548932183.032392,57
1548932183.045556,4
1548932183.058321,2
1548932183.071559,3
1548932183.083810,17
1548932183.097305,7
1548932183.109859,9
1548932183.122323,6
1548932183.135871,13
1548932183.148262,36
1548932183.161278,0
1548932183.174409,12
1548932183.187262,25
1548932183.200973,0
1548932183.214158,33
1548932183.226177,3
1548932183.238589,16
1548932183.250986,1
1548932183.264236,14
1548932183.277299,5
1548932183.289363,10
1548932183.301715,41
1548932183.313965,2
1548932183.326150,23
1548932183.339403,2
1548932183.352275,19
1548932183.366315,0
1548932183.378916,38
1548932183.392522,15
1548932183.405303,1
1548932183.418103,39
1548932183.430487,0
1548932183.443807,12
1548932183.456824,43
1548932183.469452,1
1548932183.482279,1
1548932183.495405,0
1548932183.508898,0
1548932183.522621,6
1548932183.536231,17
1548932183.549328,4
1548932183.562236,0
1548932183.575539,1
1548932183.589076,9
1548932183.601625,28
1548932183.614106,40
1548932183.626899,1
1548932183.639872,0
1548932183.653268,4
1548932183.666717,36
1548932183.680340,4
1548932183.693314,27
1548932183.707699,8
1548932183.720250,1
1548932183.733709,25
1548932183.746634,7
1548932183.759392,7
1548932183.771758,41
1548932183.785021,7
1548932183.798511,20
1548932183.810688,29
1548932183.823270,0
1548932183.836673,0
1548932183.849819,13
1548932183.862706,29
1548932183.875418,5
1548932183.888745,10
1548932183.901491,2
1548932183.914965,22
1548932183.929156,9
1548932183.941901,2
1548932183.955045,6
1548932183.967680,16
1548932183.980251,1
1548932183.992835,27
1548932184.005526,6
1548932184.018031,30
1548932184.031003,1
1548932184.043512,44
1548932184.055992,8
1548932184.068343,0
1548932184.081124,0
1548932184.094490,0
1548932184.108382,0
1548932184.122059,0
1548932184.135495,0
1548932184.149019,0
1548932184.163534,2
1548932184.177614,8
1548932184.191733,22
1548932184.204084,0
1548932184.216931,28
1548932184.229887,4
1548932184.242692,1
1548932184.256139,28
1548932184.268167,3
1548932184.280575,0
1548932184.294520,14
1548932184.307172,37
1548932184.320346,1
1548932184.332866,2
1548932184.345480,25
1548932184.357848,3
1548932184.370406,20
1548932184.383077,2
1548932184.396225,18
1548932184.409394,24
1548932184.421589,5
1548932184.434703,36
1548932184.447229,9
1548932184.459881,0
1548932184.473273,22
1548932184.487033,11
1548932184.499457,28
1548932184.512823,2
1548932184.526411,1
1548932184.539361,32
1548932184.553284,6
1548932184.566839,6
1548932184.580470,8
1548932184.593426,24
1548932184.606802,5
1548932184.619951,17
1548932184.632456,1
1548932184.644896,24
1548932184.657748,10
1548932184.670286,1
1548932184.683338,4
1548932184.696090,7
1548932184.709417,23
1548932184.722404,8
1548932184.735757,24
1548932184.748227,7
1548932184.761055,33
1548932184.773771,4
1548932184.786279,0
1548932184.799111,0
1548932184.813511,9
1548932184.827010,34
1548932184.841907,4
1548932184.854990,8
1548932184.868344,35
1548932184.881499,0
1548932184.894526,19
1548932184.907290,27
1548932184.920492,3
1548932184.933455,49
1548932184.945936,0
1548932184.958440,0
1548932184.971751,10
1548932184.984185,28
1548932184.997270,7
1548932185.011110,8
1548932185.024621,45
1548932185.037081,0
1548932185.050262,0
1548932185.063690,0
1548932185.077318,0
1548932185.091013,8
1548932185.105106,4
1548932185.118511,28
1548932185.130864,2
1548932185.143904,43
1548932185.157062,0
1548932185.170956,6
1548932185.184302,34
1548932185.197345,13
1548932185.210293,0
1548932185.223091,0
1548932185.236153,8
1548932185.250183,1
1548932185.263006,3
1548932185.276615,19
1548932185.289815,0
1548932185.302272,5
1548932185.314448,45
1548932185.326868,1
1548932185.339443,0
1548932185.352067,33
1548932185.364984,2
1548932185.378412,4
1548932185.391083,4
1548932185.403540,26
1548932185.416768,6
1548932185.430263,9
1548932185.443376,3
1548932185.456688,24
1548932185.469353,3
1548932185.482260,0
1548932185.495228,0
1548932185.508849,0
1548932185.523705,0
1548932185.537608,2
1548932185.551415,39
1548932185.563888,2
1548932185.576478,17
1548932185.588824,2
1548932185.602330,24
1548932185.615041,2
1548932185.627181,0
1548932185.639571,0
1548932185.652505,0
1548932185.666126,2
1548932185.679666,2
1548932185.692899,4
1548932185.705340,41
1548932185.718489,8
1548932185.731711,46
1548932185.744818,8
1548932185.758194,8
1548932185.770479,25
1548932185.782684,1
1548932185.796049,17
1548932185.808778,7
1548932185.821605,4
1548932185.834263,3
1548932185.847763,9
1548932185.861198,39
1548932185.874536,3
1548932185.888187,2
1548932185.903088,8
1548932185.915927,39
1548932185.928431,3
1548932185.941448,44
1548932185.954095,0
1548932185.967038,32
1548932185.979788,3
1548932185.992527,5
1548932186.005842,31
1548932186.018256,0
1548932186.031793,26
1548932186.045129,6
1548932186.058090,22
1548932186.070562,3
1548932186.082986,41
1548932186.095029,3
1548932186.107375,0
1548932186.120084,0
1548932186.133556,5
1548932186.146856,8
1548932186.161409,14
1548932186.174506,13
1548932186.186887,0
1548932186.199700,2
1548932186.213087,1
1548932186.227307,1
1548932186.241180,18
1548932186.255291,45
1548932186.268768,1
1548932186.281579,2
1548932186.294927,19
1548932186.308142,6
1548932186.320640,18
1548932186.333485,36
1548932186.345960,2
1548932186.358386,6
1548932186.370894,31
1548932186.384163,16
1548932186.397129,32
1548932186.409546,9
1548932186.421830,36
1548932186.434486,1
1548932186.447600,1
1548932186.460324,1
1548932186.473375,0
1548932186.487090,7
1548932186.499689,20
1548932186.512437,5
1548932186.525263,1
1548932186.538343,47
1548932186.551608,0
1548932186.564720,9
1548932186.577501,24
1548932186.590449,14
1548932186.602874,0
1548932186.615702,0
1548932186.629084,0
1548932186.642766,0
1548932186.656958,0
1548932186.670748,21
1548932186.683353,8
1548932186.696369,11
1548932186.708759,10
1548932186.721008,7
1548932186.733068,47
1548932186.745805,4
1548932186.758289,0
1548932186.771332,2
1548932186.784095,6
1548932186.797499,14
1548932186.810410,3
1548932186.823147,36
1548932186.835941,0
1548932186.848969,19
1548932186.861258,5
1548932186.873770,23
1548932186.886873,1
1548932186.899898,11
1548932186.912539,36
1548932186.925233,4
1548932186.937719,11
1548932186.950101,33
1548932186.963285,5
1548932186.977246,9
1548932186.989651,10
1548932187.002258,0
1548932187.015426,1
1548932187.028709,0
1548932187.042445,0
1548932187.056128,1
1548932187.070208,0
1548932187.083852,9
1548932187.095940,44
1548932187.108279,2
1548932187.120580,16
1548932187.133182,25
1548932187.145567,1
1548932187.158371,0
1548932187.171691,0
1548932187.185638,11
1548932187.199071,47
1548932187.211534,5
1548932187.224299,13
1548932187.236531,53
1548932187.249440,79
1548932187.262198,4
1548932187.275124,0
1548932187.288769,0
1548932187.303210,13
1548932187.316804,10
1548932187.330268,46
1548932187.343638,16
1548932187.357383,35
1548932187.370719,3
1548932187.384734,6
1548932187.396847,31
1548932187.409613,6
1548932187.422157,36
1548932187.434773,3
1548932187.448036,8
1548932187.461051,37
1548932187.474202,4
1548932187.488156,13
1548932187.500701,0
1548932187.513231,7
1548932187.526321,19
1548932187.539179,34
1548932187.551249,26
1548932187.563253,2
1548932187.575585,2
1548932187.588058,29
1548932187.600333,71
1548932187.612800,2
1548932187.625341,0
1548932187.638109,8
1548932187.653135,1
1548932187.666178,24
1548932187.679061,29
1548932187.692193,4
1548932187.705374,22
1548932187.719150,5
1548932187.733239,19
1548932187.746293,1
1548932187.758702,0
1548932187.771259,26
1548932187.784359,8
1548932187.797792,13
1548932187.812282,0
1548932187.825798,19
1548932187.838312,4
1548932187.851137,24
1548932187.864050,5
1548932187.876399,22
1548932187.888923,2
1548932187.901706,39
1548932187.914729,2
1548932187.927139,15
1548932187.939815,26
1548932187.952192,8
1548932187.964616,4
1548932187.977489,21
1548932187.990608,12
1548932188.003121,8
1548932188.014949,18
1548932188.027053,15
1548932188.039063,8
1548932188.051617,48
1548932188.063978,12
1548932188.076551,0
1548932188.089850,1
1548932188.104259,0
1548932188.117353,0
1548932188.130283,2
1548932188.142689,22
1548932188.155280,17
1548932188.167987,11
1548932188.180776,1
1548932188.194273,29
1548932188.207167,2
1548932188.219553,9
1548932188.232071,42
1548932188.244611,2
1548932188.256826,1
1548932188.269660,0
1548932188.283616,1
1548932188.296128,5
1548932188.308842,45
1548932188.321795,1
1548932188.334569,1
1548932188.347360,27
1548932188.360218,9
1548932188.372229,1
1548932188.384347,9
1548932188.397402,47
1548932188.410521,3
1548932188.423547,27
1548932188.438137,11
1548932188.450875,16
1548932188.463185,0
1548932188.475479,51
1548932188.487807,0
1548932188.500100,1
1548932188.514155,13
1548932188.527677,24
1548932188.541962,24
1548932188.554493,1
1548932188.568037,39
1548932188.580872,2
1548932188.593457,7
1548932188.607040,23
1548932188.619341,18
1548932188.631704,3
1548932188.644225,0
1548932188.656931,3
1548932188.669618,5
1548932188.681652,10
1548932188.693848,56
1548932188.706298,15
1548932188.718856,27
1548932188.731264,17
1548932188.744059,6
1548932188.757323,32
1548932188.769757,10
1548932188.782270,27
1548932188.794976,8
1548932188.808011,33
1548932188.820234,9
1548932188.833648,52
1548932188.846859,3
1548932188.860268,3
1548932188.873489,8
1548932188.886410,2
1548932188.899428,8
1548932188.912018,2
1548932188.924610,35
1548932188.937362,2
1548932188.949729,22
1548932188.963526,2
1548932188.976505,27
1548932188.988852,3
1548932189.001118,31
1548932189.013056,2
1548932189.025899,15
1548932189.038720,3
1548932189.051621,1
1548932189.065368,0
1548932189.078342,8
1548932189.091531,23
1548932189.104156,12
1548932189.117069,29
1548932189.130275,10
1548932189.143377,39
1548932189.155959,10
1548932189.170552,11
1548932189.183289,8
1548932189.195807,43
1548932189.208426,2
1548932189.221415,7
1548932189.234175,39
1548932189.246587,6
1548932189.259104,36
1548932189.271677,2
1548932189.284310,39
1548932189.296998,5
1548932189.310940,27
1548932189.324057,9
1548932189.337633,28
1548932189.351016,2
1548932189.364533,27
1548932189.377476,0
1548932189.391381,6
1548932189.404035,22
1548932189.417306,2
1548932189.430855,8
1548932189.443808,3
1548932189.456272,2
1548932189.468643,0
1548932189.481471,3
1548932189.493867,31
1548932189.507178,56
1548932189.519835,1
1548932189.532632,0
1548932189.545660,0
1548932189.558924,0
1548932189.572370,17
1548932189.587442,13
1548932189.601375,5
1548932189.614046,38
1548932189.626352,9
1548932189.638931,0
1548932189.652665,6
1548932189.665298,43
1548932189.677644,4
1548932189.690429,29
1548932189.702798,0
1548932189.715127,0
1548932189.727999,1
1548932189.741196,0
1548932189.754738,0
1548932189.768254,1
1548932189.781546,1
1548932189.795256,0
1548932189.809646,5
1548932189.823465,3
1548932189.837820,32
1548932189.850214,9
1548932189.862440,53
1548932189.874832,3
1548932189.887087,0
1548932189.899544,0
1548932189.912441,1
1548932189.926141,1
1548932189.940345,8
1548932189.953194,32
1548932189.966242,3
1548932189.978673,7
1548932189.991925,38
1548932190.004895,2
1548932190.019095,39
1548932190.031400,10
1548932190.044560,9
1548932190.057121,21
1548932190.070647,2
1548932190.084148,31
1548932190.097467,17
1548932190.109826,2
1548932190.122133,25
1548932190.134153,0
1548932190.146588,2
1548932190.159837,1
1548932190.173640,2
1548932190.187618,31
1548932190.200769,9
1548932190.214101,25
1548932190.228028,24
1548932190.240759,2
1548932190.254310,25
1548932190.266848,0
1548932190.279932,5
1548932190.293305,6
1548932190.306293,25
1548932190.319025,1
1548932190.331264,13
1548932190.344789,3
1548932190.358414,17
1548932190.370714,1
1548932190.383805,0
1548932190.397028,29
1548932190.409052,2
1548932190.421590,24
1548932190.433874,12
1548932190.446452,16
1548932190.458736,2
1548932190.472147,11
1548932190.485343,18
1548932190.498431,3
1548932190.511571,0
1548932190.524815,0
1548932190.538312,0
1548932190.551899,0
1548932190.565928,5
1548932190.580477,0
1548932190.593439,0
1548932190.606302,23
1548932190.620156,5
1548932190.632819,2
1548932190.646608,15
1548932190.659243,7
1548932190.672000,12
1548932190.684017,49
1548932190.696033,2
1548932190.708215,0
1548932190.721071,0
1548932190.734263,0
1548932190.748187,0
1548932190.762648,2
1548932190.775789,7
1548932190.788590,24
1548932190.801906,13
1548932190.815190,4
1548932190.827743,3
1548932190.840561,0
1548932190.853847,0
1548932190.868467,0
1548932190.882328,0
1548932190.895787,26
1548932190.908296,0
1548932190.920956,21
1548932190.932932,63
1548932190.945153,6
1548932190.958439,8
1548932190.971062,23
1548932190.983586,17
1548932190.996429,11
1548932191.009932,29
1548932191.022266,0
1548932191.034499,20
1548932191.046801,15
1548932191.059143,2
1548932191.072357,2
1548932191.086336,3
1548932191.098455,35
1548932191.111035,6
1548932191.123977,1
1548932191.136549,29
1548932191.149346,2
1548932191.162348,17
1548932191.175382,20
1548932191.188302,1
1548932191.201532,3
1548932191.216554,37
1548932191.229563,0
1548932191.242696,2
1548932191.256391,1
1548932191.270997,0
1548932191.285469,8
1548932191.299765,18
1548932191.313282,29
1548932191.325935,11
1548932191.338463,1
1548932191.351617,0
1548932191.365041,0
1548932191.379246,0
1548932191.393141,23
1548932191.406251,19
1548932191.419733,16
1548932191.432503,4
1548932191.445098,7
1548932191.458059,24
1548932191.470643,44
1548932191.483579,0
1548932191.496208,14
1548932191.509499,5
1548932191.522434,35
1548932191.536298,11
1548932191.548998,47
1548932191.562041,3
1548932191.576103,0
1548932191.589889,13
1548932191.603601,10
1548932191.617216,38
1548932191.630006,2
1548932191.642829,14
1548932191.655634,40
1548932191.668006,2
1548932191.681016,0
1548932191.694628,0
1548932191.707918,4
1548932191.721252,6
1548932191.734398,22
1548932191.747316,9
1548932191.759853,34
1548932191.772574,4
1548932191.785476,0
1548932191.798795,1
1548932191.812431,6
1548932191.826678,6
1548932191.840121,8
1548932191.852901,27
1548932191.865336,28
1548932191.878268,0
1548932191.891111,2
1548932191.905346,33
1548932191.918317,4
1548932191.932111,4
1548932191.944139,22
1548932191.956749,40
1548932191.969434,1
1548932191.983352,17
1548932191.996817,1
1548932192.009249,21
1548932192.022716,2
1548932192.035509,0
1548932192.048744,0
1548932192.062332,3
1548932192.077017,0
1548932192.090104,26
1548932192.103221,20
1548932192.116183,42
1548932192.128407,2
1548932192.141026,0
1548932192.154488,12
1548932192.168853,5
1548932192.181784,39
1548932192.195860,5
1548932192.209731,4
1548932192.222327,0
1548932192.235326,0
1548932192.248517,2
1548932192.262376,0
1548932192.276058,11
1548932192.289414,28
1548932192.302833,15
1548932192.315848,1
1548932192.328931,34
1548932192.341480,9
1548932192.354162,21
1548932192.366320,2
1548932192.379189,9
1548932192.391742,5
1548932192.405412,41
1548932192.419784,2
1548932192.432307,8
1548932192.444988,26
1548932192.457423,5
1548932192.470269,0
1548932192.484074,34
1548932192.496788,14
1548932192.509803,4
1548932192.522609,28
1548932192.535181,6
1548932192.548673,13
1548932192.561043,12
1548932192.573737,6
1548932192.585777,54
1548932192.598330,0
1548932192.611088,0
1548932192.623884,0
1548932192.637788,0
1548932192.651681,0
1548932192.666180,10
1548932192.679327,6
1548932192.695099,26
1548932192.709089,9
1548932192.724636,47
1548932192.737483,0
1548932192.750891,5
1548932192.764284,0
1548932192.778385,46
1548932192.790816,9
1548932192.803153,43
1548932192.815738,0
1548932192.828130,7
1548932192.841171,19
1548932192.853810,13
1548932192.867361,4
1548932192.879750,40
1548932192.892213,2
1548932192.905701,26
1548932192.918513,0
1548932192.932086,15
1548932192.944936,10
1548932192.957397,7
1548932192.969995,41
1548932192.983305,3
1548932192.995827,11
1548932193.009261,0
1548932193.022015,7
1548932193.034771,41
1548932193.048062,1
1548932193.061129,6
1548932193.074890,33
1548932193.088135,6
1548932193.101762,20
1548932193.115190,6
1548932193.128977,12
1548932193.142134,6
1548932193.154921,16
1548932193.169610,14
1548932193.182929,16
1548932193.197448,18
1548932193.211309,11
1548932193.224070,35
1548932193.236863,6
1548932193.249925,0
1548932193.263655,0
1548932193.277527,0
1548932193.292106,1
1548932193.307119,13
1548932193.320667,40
1548932193.333366,0
1548932193.346332,2
1548932193.358639,26
1548932193.371375,1
1548932193.383688,5
1548932193.398172,8
1548932193.410547,45
1548932193.423424,2
1548932193.435846,0
1548932193.449473,0
1548932193.463234,1
1548932193.477247,0
1548932193.490149,8
1548932193.502880,5
1548932193.515336,25
1548932193.528158,25
1548932193.541102,0
1548932193.554546,4
1548932193.568788,4
1548932193.582363,13
1548932193.594565,6
1548932193.606951,2
1548932193.619863,7
1548932193.634022,11
1548932193.647007,33
1548932193.659686,0
1548932193.672497,14
1548932193.685076,2
1548932193.697715,30
1548932193.710461,4
1548932193.723089,0
1548932193.735967,0
1548932193.749561,0
1548932193.763861,0
1548932193.778190,2
1548932193.791498,32
1548932193.803634,21
1548932193.816360,0
1548932193.829248,1
1548932193.842590,0
1548932193.856291,0
1548932193.870714,0
1548932193.884343,7
1548932193.898717,7
1548932193.911458,33
1548932193.923874,4
1548932193.936280,19
1548932193.948451,59
1548932193.961074,0
1548932193.973649,0
1548932193.986761,0
1548932193.999989,0
1548932194.013932,6
1548932194.026735,6
1548932194.040490,12
1548932194.053274,5
1548932194.065558,21
1548932194.078077,55
1548932194.090570,2
1548932194.103135,13
1548932194.115703,2
1548932194.128271,22
1548932194.141382,10
1548932194.154665,43
1548932194.167799,2
1548932194.181068,0
1548932194.194591,6
1548932194.209463,8
1548932194.223521,5
1548932194.235939,1
1548932194.248157,1
1548932194.261219,4
1548932194.274958,5
1548932194.288596,0
1548932194.302252,17
1548932194.315918,16
1548932194.329178,37
1548932194.342514,4
1548932194.355131,0
1548932194.368583,1
1548932194.382850,27
1548932194.396910,6
1548932194.410406,15
1548932194.423102,25
1548932194.435508,2
1548932194.449398,8
1548932194.463119,4
1548932194.476245,29
1548932194.489483,4
1548932194.501903,2
1548932194.514740,0
1548932194.528118,0
1548932194.541819,0
1548932194.556266,0
1548932194.569029,2
1548932194.581406,10
1548932194.593912,48
1548932194.606668,0
1548932194.619243,0
1548932194.632490,2
1548932194.646193,0
1548932194.660507,12
1548932194.673865,6
1548932194.686519,24
1548932194.699772,5
1548932194.712509,30
1548932194.725704,1
1548932194.737693,2
1548932194.750719,2
1548932194.764523,0
1548932194.778468,1
1548932194.792052,3
1548932194.805030,32
1548932194.818227,0
1548932194.831723,5
1548932194.844689,5
1548932194.857478,1
1548932194.870536,0
1548932194.884033,24
1548932194.896997,8
1548932194.909360,17
1548932194.921775,50
1548932194.934603,7
1548932194.947559,18
1548932194.960533,1
1548932194.974079,19
1548932194.987179,18
1548932194.999952,6
1548932195.012656,31
1548932195.025030,0
1548932195.038374,20
1548932195.051907,28
1548932195.064230,7
1548932195.076714,18
1548932195.089597,34
1548932195.102486,2
1548932195.115184,29
1548932195.127590,2
1548932195.140514,0
1548932195.153910,0
1548932195.168011,0
1548932195.182425,0
1548932195.195841,13
1548932195.209041,5
1548932195.221994,45
1548932195.235368,10
1548932195.249060,38
1548932195.261233,0
1548932195.274019,0
1548932195.287672,9
1548932195.300160,12
1548932195.313705,26
1548932195.326521,9
1548932195.339945,14
1548932195.353302,19
1548932195.366578,2
1548932195.379451,12
1548932195.392307,2
1548932195.405714,2
1548932195.419037,22
1548932195.432053,0
1548932195.444321,5
1548932195.457132,44
1548932195.469601,1
1548932195.483085,1
1548932195.496854,2
1548932195.509600,22
1548932195.522332,22
1548932195.534837,19
1548932195.548327,2
1548932195.561035,29
1548932195.574053,4
1548932195.587189,28
1548932195.601034,9
1548932195.613940,6
1548932195.626628,6
1548932195.639920,14
1548932195.652605,58
1548932195.664748,4
1548932195.678043,0
1548932195.691381,0
1548932195.704664,0
1548932195.718457,0
1548932195.732188,0
1548932195.747237,2
1548932195.760755,4
1548932195.773427,30
1548932195.786009,1
1548932195.798323,15
1548932195.810224,36
1548932195.822585,1
1548932195.835297,41
1548932195.849068,3
1548932195.861715,13
1548932195.875704,36
1548932195.889489,0
1548932195.902571,0
1548932195.916146,8
1548932195.930101,50
1548932195.942785,2
1548932195.955701,4
1548932195.968815,3
1548932195.982039,16
1548932195.995201,0
1548932196.008368,0
1548932196.021861,0
1548932196.035669,0
1548932196.049822,5
1548932196.064705,3
1548932196.079083,6
1548932196.092042,35
1548932196.105451,4
1548932196.118826,21
1548932196.131805,3
1548932196.145587,7
1548932196.159169,20
1548932196.172298,10
1548932196.184713,20
1548932196.197709,0
1548932196.210868,0
1548932196.224238,0
1548932196.238140,0
1548932196.251815,0
1548932196.265298,0
1548932196.278858,0
1548932196.292520,0
1548932196.306071,0
1548932196.319661,0
1548932196.333196,0
1548932196.346744,0
1548932196.360239,0
1548932196.373653,1
1548932196.387481,1
1548932196.402352,2
1548932196.415325,10
1548932196.427731,39
1548932196.440661,2
1548932196.453402,0
1548932196.467484,0
1548932196.481013,2
1548932196.494100,1
1548932196.508675,7
1548932196.521734,50
1548932196.534154,9
1548932196.547290,1
1548932196.560369,0
1548932196.575116,7
1548932196.588184,14
1548932196.601662,4
1548932196.615021,25
1548932196.628386,0
1548932196.641417,9
1548932196.655136,16
1548932196.668624,2
1548932196.681707,18
1548932196.694696,0
1548932196.707656,27
1548932196.721057,6
1548932196.734457,15
1548932196.748178,0
1548932196.761575,0
1548932196.775949,14
1548932196.788613,4
1548932196.801017,47
1548932196.813694,2
1548932196.826758,33
1548932196.839593,12
1548932196.851752,8
1548932196.864724,39
1548932196.878021,3
1548932196.891107,17
1548932196.903993,0
1548932196.916725,2
1548932196.931149,0
1548932196.943743,39
1548932196.956321,22
1548932196.968560,21
1548932196.981422,36
1548932196.993866,2
1548932197.006167,1
1548932197.018840,15
1548932197.032928,2
1548932197.046780,34
1548932197.059169,0
1548932197.071457,0
1548932197.084497,0
1548932197.097976,0
1548932197.112432,2
1548932197.125781,14
1548932197.139319,32
1548932197.152518,10
1548932197.166303,27
1548932197.179320,9
1548932197.191691,37
1548932197.204066,37
1548932197.216915,18
1548932197.229528,14
1548932197.241738,0
1548932197.254226,0
1548932197.267122,0
1548932197.280817,0
1548932197.294588,0
1548932197.308276,1
1548932197.321338,3
1548932197.336382,28
1548932197.348966,1
1548932197.361582,37
1548932197.374297,1
1548932197.387326,0
1548932197.400726,1
1548932197.414127,8
1548932197.427534,27
1548932197.441047,4
1548932197.453875,38
1548932197.467756,24
1548932197.481979,13
1548932197.494378,30
1548932197.506873,4
1548932197.519488,0
1548932197.532723,0
1548932197.546058,0
1548932197.560069,3
1548932197.574178,3
1548932197.587990,9
1548932197.601105,22
1548932197.614649,0
1548932197.627342,22
1548932197.639908,29
1548932197.652111,0
1548932197.664217,15
1548932197.677259,61
1548932197.689830,3
1548932197.702567,1
1548932197.715775,0
1548932197.729498,1
1548932197.744187,0
1548932197.758643,11
1548932197.772261,15
1548932197.785788,0
1548932197.798962,21
1548932197.811547,0
1548932197.825022,2
1548932197.839282,32
1548932197.852742,17
1548932197.866392,2
1548932197.879204,33
1548932197.891484,18
1548932197.904294,0
1548932197.917761,0
1548932197.931383,2
1548932197.945872,2
1548932197.960959,0
1548932197.974390,34
1548932197.986756,33
1548932198.000037,29
1548932198.012627,2
1548932198.025487,36
1548932198.038193,9
1548932198.051812,19
1548932198.064292,2
1548932198.077557,0
1548932198.091012,0
1548932198.104539,0
1548932198.118124,0
1548932198.131633,0
1548932198.145223,0
1548932198.158910,12
1548932198.173553,1
1548932198.187552,23
1548932198.200480,5
1548932198.214722,32
1548932198.227929,8
1548932198.241121,14
1548932198.253541,17
1548932198.266495,13
1548932198.279057,7
1548932198.291739,15
1548932198.304006,0
1548932198.316485,0
1548932198.329927,0
1548932198.344235,0
1548932198.357925,0
1548932198.373083,4
1548932198.386574,11
1548932198.399710,20
1548932198.413124,12
1548932198.426904,17
1548932198.440794,11
1548932198.453044,13
1548932198.465619,18
1548932198.478257,3
1548932198.492179,40
1548932198.505247,17
1548932198.517734,1
1548932198.530297,40
1548932198.545101,4
1548932198.558115,28
1548932198.571487,14
1548932198.584093,6
1548932198.596203,0
1548932198.608999,0
1548932198.622232,5
1548932198.636224,4
1548932198.649590,19
1548932198.662640,12
1548932198.675485,0
1548932198.687764,22
1548932198.700574,26
1548932198.713783,4
1548932198.726364,42
1548932198.738932,1
1548932198.751729,8
1548932198.765572,7
1548932198.778029,43
1548932198.790705,0
1548932198.803468,2
1548932198.817007,28
1548932198.832418,0
1548932198.846022,2
1548932198.859843,25
1548932198.872287,4
1548932198.884606,8
1548932198.896852,44
1548932198.909640,3
1548932198.922738,14
1548932198.934913,0
1548932198.948149,8
1548932198.961017,36
1548932198.973576,1
1548932198.986579,13
1548932198.999422,6
1548932199.012013,31
1548932199.024936,13
1548932199.038767,7
1548932199.051754,35
1548932199.064676,0
1548932199.077896,33
1548932199.090891,6
1548932199.103565,12
1548932199.117349,37
1548932199.129943,2
1548932199.143758,7
1548932199.156955,10
1548932199.169874,7
1548932199.184526,6
1548932199.198387,33
1548932199.210625,27
1548932199.223338,1
1548932199.236135,12
1548932199.248633,36
1548932199.260785,1
1548932199.273201,0
1548932199.286611,0
1548932199.299973,2
1548932199.313288,0
1548932199.326996,0
1548932199.340573,1
1548932199.354471,3
1548932199.368388,7
1548932199.381107,34
1548932199.393170,7
1548932199.405643,2
1548932199.418817,0
1548932199.432438,0
1548932199.446196,0
1548932199.460085,0
1548932199.473783,4
1548932199.487706,7
1548932199.500104,65
1548932199.512722,16
1548932199.525998,1
1548932199.538688,3
1548932199.551298,9
1548932199.564047,26
1548932199.576285,0
1548932199.588629,11
1548932199.601476,36
1548932199.615202,7
1548932199.628559,29
1548932199.641374,0
1548932199.653878,0
1548932199.667228,0
1548932199.681156,2
1548932199.695230,2
1548932199.709408,33
1548932199.722644,4
1548932199.735728,5
1548932199.749487,8
1548932199.762735,45
1548932199.776332,20
1548932199.789267,3
1548932199.801989,31
1548932199.814406,3
1548932199.827288,0
1548932199.840388,0
1548932199.854711,9
1548932199.868594,16
1548932199.881440,7
1548932199.894457,7
1548932199.907732,18
1548932199.920222,0
1548932199.933212,36
1548932199.945551,0
1548932199.958064,0
1548932199.971125,0
1548932199.984417,0
1548932199.998701,4
1548932200.012646,3
1548932200.026381,33
1548932200.039971,2
1548932200.052399,8
1548932200.065378,37
1548932200.078449,18
1548932200.092508,16
1548932200.105863,40
1548932200.119436,15
1548932200.132283,2
1548932200.146894,36
1548932200.160106,23
1548932200.174784,9
1548932200.187697,26
1548932200.200639,0
1548932200.213639,3
1548932200.226050,31
1548932200.239706,18
1548932200.252362,0
1548932200.265791,0
1548932200.280120,2
1548932200.293366,2
1548932200.311081,19
1548932200.323843,18
1548932200.336868,50
1548932200.349613,0
1548932200.362661,11
1548932200.377289,15
1548932200.390615,2
1548932200.404056,36
1548932200.416507,3
1548932200.429475,22
1548932200.441798,0
1548932200.454369,6
1548932200.468455,16
1548932200.481181,3
1548932200.493748,8
1548932200.506397,0
1548932200.519404,0
1548932200.534550,0
1548932200.548047,35
1548932200.561199,8
1548932200.574508,25
1548932200.586589,10
1548932200.599140,34
1548932200.611453,47
1548932200.624186,0
1548932200.637444,0
1548932200.650529,0
1548932200.664071,0
1548932200.677879,0
1548932200.691385,0
1548932200.705733,8
1548932200.720196,0
1548932200.733176,25
1548932200.746422,4
1548932200.759071,23
1548932200.775882,16
1548932200.789085,54
1548932200.802685,9
1548932200.816772,37
1548932200.829716,5
1548932200.842426,23
1548932200.855651,7
1548932200.868995,25
1548932200.881420,1
1548932200.894521,0
1548932200.908101,3
1548932200.922444,10
1548932200.935489,17
1548932200.949091,2
1548932200.962822,30
1548932200.975529,0
1548932200.988095,2
1548932201.001799,5
1548932201.017543,9
1548932201.031125,22
1548932201.044512,14
1548932201.058137,25
1548932201.071997,8
1548932201.084707,43
1548932201.098888,15
1548932201.111337,6
1548932201.124537,10
1548932201.138062,15
1548932201.150674,23
1548932201.164007,6
1548932201.177337,40
1548932201.190104,1
1548932201.202591,18
1548932201.214658,37
1548932201.226898,4
1548932201.239338,42
1548932201.251803,1
1548932201.264444,0
1548932201.277913,0
1548932201.292009,7
1548932201.304794,8
1548932201.317822,39
1548932201.330876,1
1548932201.343899,14
1548932201.356663,23
1548932201.369250,0
1548932201.381795,11
1548932201.394360,31
1548932201.406429,8
1548932201.419274,16
1548932201.431739,7
1548932201.444895,29
1548932201.458392,6
1548932201.470942,15
1548932201.483882,23
1548932201.496809,3
1548932201.510829,16
1548932201.524269,1
1548932201.537106,0
1548932201.550538,0
1548932201.564181,0
1548932201.577996,6
1548932201.592243,3
1548932201.605389,12
1548932201.618039,20
1548932201.630905,8
1548932201.643424,39
1548932201.655532,4
1548932201.668561,0
1548932201.682108,3
1548932201.697034,1
1548932201.710273,27
1548932201.723846,20
1548932201.737209,28
1548932201.750958,14
1548932201.763561,12
1548932201.776455,24
1548932201.789160,11
1548932201.802245,2
1548932201.814922,19
1548932201.828060,13
1548932201.840655,4
1548932201.854330,31
1548932201.866390,11
1548932201.879364,18
1548932201.892111,22
1548932201.904501,26
1548932201.917027,5
1548932201.929694,27
1548932201.943007,8
1548932201.956904,17
1548932201.969277,3
1548932201.982591,17
1548932201.995086,29
1548932202.007513,2
1548932202.020323,0
1548932202.032904,1
1548932202.046795,30
1548932202.059822,0
1548932202.072909,6
1548932202.085484,18
1548932202.098069,2
1548932202.110872,0
1548932202.124209,3
1548932202.137831,0
1548932202.152015,2
1548932202.166069,8
1548932202.180212,4
1548932202.194047,6
1548932202.207100,5
1548932202.220290,25
1548932202.233428,2
1548932202.246852,10
1548932202.259983,29
1548932202.272550,31
1548932202.285228,0
1548932202.298133,2
1548932202.310735,38
1548932202.323139,2
1548932202.335483,9
1548932202.350782,15
1548932202.363619,7
1548932202.376754,36
1548932202.390308,1
1548932202.403381,24
1548932202.415708,23
1548932202.428799,43
1548932202.440942,10
1548932202.454522,37
1548932202.466980,13
1548932202.479644,9
1548932202.492717,17
1548932202.505033,30
1548932202.517698,7
1548932202.530371,13
1548932202.542933,32
1548932202.555868,24
1548932202.568648,10
1548932202.580993,53
1548932202.593046,6
1548932202.605319,0
1548932202.618513,0
1548932202.632187,0
1548932202.646318,0
1548932202.660449,3
1548932202.673317,47
1548932202.686957,3
1548932202.699997,9
1548932202.712529,2
1548932202.725626,0
1548932202.739072,0
1548932202.753198,9
1548932202.766384,11
1548932202.779248,24
1548932202.792556,1
1548932202.805483,0
1548932202.818927,0
1548932202.832304,0
1548932202.846067,0
1548932202.860519,6
1548932202.873584,7
1548932202.888085,39
1548932202.900716,6
1548932202.913244,31
1548932202.926084,31
1548932202.939224,29
1548932202.952088,9
1548932202.965412,23
1548932202.978796,1
1548932202.991877,16
1548932203.004078,4
1548932203.016529,2
1548932203.028946,25
1548932203.041781,36
1548932203.054986,19
1548932203.068406,31
1548932203.081112,8
1548932203.094671,3
1548932203.106777,25
1548932203.119096,8
1548932203.131340,7
1548932203.145104,38
1548932203.157773,4
1548932203.170431,3
1548932203.184493,0
1548932203.199616,14
1548932203.212144,56
1548932203.224988,0
1548932203.237838,0
1548932203.250754,0
1548932203.264730,0
1548932203.278638,0
1548932203.291313,10
1548932203.304181,6
1548932203.316763,1
1548932203.329482,0
1548932203.343306,0
1548932203.357430,0
1548932203.371656,0
1548932203.386449,0
1548932203.400881,2
1548932203.414367,4
1548932203.428135,1
1548932203.442451,18
1548932203.455953,2
1548932203.469096,22
1548932203.482609,10
1548932203.495003,8
1548932203.507261,43
1548932203.519805,1
1548932203.533809,7
1548932203.547156,6
1548932203.561658,12
1548932203.575743,35
1548932203.588655,2
1548932203.601443,6
1548932203.614004,1
1548932203.626948,1
1548932203.640024,24
1548932203.654051,0
1548932203.667285,18
1548932203.680278,20
1548932203.692946,2
1548932203.706580,5
1548932203.720573,42
1548932203.734460,17
1548932203.746497,16
1548932203.758977,0
1548932203.771335,8
1548932203.784117,25
1548932203.796941,49
1548932203.809834,9
1548932203.823317,21
1548932203.836059,5
1548932203.848497,0
1548932203.861050,0
1548932203.874421,1
1548932203.887879,10
1548932203.903278,11
1548932203.916600,32
1548932203.929228,26
1548932203.943315,5
1548932203.957640,18
1548932203.970399,7
1548932203.983430,7
1548932203.996344,4
1548932204.008794,20
1548932204.021087,26
1548932204.033429,0
1548932204.046060,0
1548932204.059397,1
1548932204.072996,3
1548932204.086049,11
1548932204.099665,45
1548932204.112384,3
1548932204.124956,0
1548932204.138461,1
1548932204.152681,5
1548932204.166112,17
1548932204.179243,5
1548932204.192797,45
1548932204.205429,1
1548932204.218275,9
1548932204.232083,54
1548932204.244538,3
1548932204.257540,0
1548932204.270614,0
1548932204.284264,0
1548932204.298382,4
1548932204.312604,3
1548932204.325791,35
1548932204.338938,0
1548932204.351690,9
1548932204.365472,6
1548932204.378386,27
1548932204.390877,42
1548932204.403138,2
1548932204.416337,0
1548932204.430163,12
1548932204.443648,15
1548932204.456641,2
1548932204.469353,47
1548932204.482595,2
1548932204.496260,25
1548932204.508648,13
1548932204.521238,43
1548932204.533300,8
1548932204.545611,13
1548932204.558522,39
1548932204.571677,4
1548932204.584383,35
1548932204.597778,1
1548932204.610601,27
1548932204.623408,4
1548932204.636163,13
1548932204.649806,2
1548932204.662695,7
1548932204.675893,17
1548932204.688033,0
1548932204.700157,0
1548932204.712675,1
1548932204.726181,8
1548932204.739985,4
1548932204.753568,19
1548932204.766745,17
1548932204.780324,7
1548932204.794033,2
1548932204.807310,11
1548932204.820406,36
1548932204.834078,2
1548932204.846691,25
1548932204.859481,1
1548932204.872537,0
1548932204.886166,0
1548932204.899913,0
1548932204.913714,0
1548932204.927426,1
1548932204.941118,0
1548932204.956316,0
1548932204.969502,0
1548932204.983499,29
1548932204.996157,2
1548932205.008957,2
1548932205.022552,5
1548932205.035942,20
1548932205.049518,30
1548932205.062560,6
1548932205.075612,49
1548932205.088289,0
1548932205.101182,9
1548932205.113790,21
1548932205.126566,7
1548932205.139533,28
1548932205.152803,25
1548932205.165809,4
1548932205.178737,44
1548932205.192488,11
1548932205.205252,26
1548932205.217351,4
1548932205.230176,28
1548932205.244017,2
1548932205.256674,50
1548932205.269590,1
1548932205.281839,7
1548932205.295054,26
1548932205.309592,6
1548932205.322588,0
1548932205.335802,0
1548932205.349200,0
1548932205.362284,5
1548932205.375725,1
1548932205.389828,6
1548932205.402722,7
1548932205.416092,3
1548932205.429351,37
1548932205.443592,12
1548932205.457781,23
1548932205.470677,12
1548932205.483574,16
1548932205.496583,3
1548932205.509237,2
1548932205.522872,41
1548932205.536876,15
1548932205.549527,37
1548932205.562124,2
1548932205.575134,19
1548932205.589097,8
1548932205.602222,37
1548932205.614469,11
1548932205.626941,19
1548932205.639569,9
1548932205.653465,1
1548932205.666358,47
1548932205.680374,9
1548932205.694517,13
1548932205.707824,23
1548932205.721521,0
1548932205.735702,10
1548932205.748410,35
1548932205.760914,1
1548932205.773612,0
1548932205.787074,5
1548932205.800482,17
1548932205.813298,39
1548932205.826989,6
1548932205.839918,46
1548932205.852268,1
1548932205.865136,41
1548932205.877999,39
1548932205.890109,6
1548932205.902554,0
1548932205.916020,3
1548932205.928851,15
1548932205.941397,51
1548932205.955088,2
1548932205.968524,22
1548932205.982127,2
1548932205.994820,0
1548932206.008147,1
1548932206.022691,4
1548932206.035582,10
1548932206.048180,39
1548932206.060439,3
1548932206.073354,21
1548932206.086904,2
1548932206.101603,2
1548932206.114254,36
1548932206.126676,2
1548932206.139543,16
1548932206.153500,33
1548932206.165771,2
1548932206.178769,9
1548932206.192186,25
1548932206.204702,4
1548932206.217305,26
1548932206.229787,20
1548932206.242156,6
1548932206.254790,24
1548932206.267299,1
1548932206.280219,11
1548932206.293778,45
1548932206.307103,7
1548932206.319875,35
1548932206.332578,0
1548932206.345655,0
1548932206.359355,0
1548932206.372955,0
1548932206.386515,0
1548932206.400470,7
1548932206.414211,3
1548932206.428932,32
1548932206.441093,21
1548932206.454498,6
1548932206.467462,13
1548932206.481504,20
1548932206.494084,4
1548932206.507148,32
1548932206.519617,4
1548932206.532185,26
1548932206.545178,1
1548932206.557931,31
1548932206.570758,2
1548932206.584584,16
1548932206.597421,3
1548932206.610413,2
1548932206.623137,13
1548932206.635715,31
1548932206.648082,0
1548932206.660388,6
1548932206.672538,34
1548932206.685293,0
1548932206.698428,20
1548932206.711562,1
1548932206.724254,29
1548932206.737241,3
1548932206.750133,21
1548932206.762981,12
1548932206.776808,2
1548932206.791294,14
1548932206.804052,0
1548932206.817501,11
1548932206.829647,56
1548932206.842114,1
1548932206.854082,0
1548932206.866826,0
1548932206.879679,0
1548932206.893192,0
1548932206.906945,0
1548932206.919370,0
1548932206.931702,6
1548932206.944454,33
1548932206.957128,34
1548932206.969945,0
1548932206.983712,2
1548932206.998049,24
1548932207.010609,1
1548932207.023206,1
1548932207.036731,8
1548932207.049757,7
1548932207.063269,20
1548932207.075987,1
1548932207.090260,18
1548932207.102944,0
1548932207.115749,23
1548932207.128399,20
1548932207.141571,6
1548932207.154168,35
1548932207.166711,1
1548932207.179612,0
1548932207.192954,0
1548932207.206751,0
1548932207.220010,1
1548932207.234001,9
1548932207.246419,28
1548932207.258866,0
1548932207.271844,0
1548932207.285820,7
1548932207.298771,51
1548932207.311473,1
1548932207.324322,6
1548932207.338798,29
1548932207.352092,3
1548932207.365320,2
1548932207.379812,9
1548932207.392935,8
1548932207.405287,8
1548932207.418598,25
1548932207.432052,12
1548932207.445389,10
1548932207.458774,28
1548932207.471810,0
1548932207.484353,16
1548932207.497598,33
1548932207.510448,11
1548932207.523244,2
1548932207.537376,1
1548932207.550251,23
1548932207.563348,2
1548932207.576290,0
1548932207.589916,3
1548932207.602626,40
1548932207.615236,0
1548932207.628085,1
1548932207.641667,2
1548932207.656300,11
1548932207.669038,2
1548932207.681976,21
1548932207.695403,5
1548932207.708345,0
1548932207.722269,0
1548932207.736025,10
1548932207.749004,30
1548932207.762052,2
1548932207.776031,40
1548932207.789185,2
1548932207.802881,16
1548932207.815906,27
1548932207.829067,40
1548932207.841981,0
1548932207.855115,2
1548932207.868632,10
1548932207.883390,21
1548932207.896584,1
1548932207.909999,33
1548932207.922349,11
1548932207.934427,43
1548932207.946682,2
1548932207.959513,0
1548932207.972434,0
1548932207.985997,0
1548932208.000429,3
1548932208.014442,22
1548932208.028188,34
1548932208.040922,2
1548932208.054466,38
1548932208.068789,11
1548932208.081442,6
1548932208.094277,0
1548932208.108429,10
1548932208.122163,24
1548932208.135097,1
1548932208.147707,0
1548932208.160474,0
1548932208.173738,0
1548932208.187999,3
1548932208.201933,3
1548932208.220532,48
1548932208.234211,6
1548932208.247334,31
1548932208.259633,2
1548932208.272686,3
1548932208.286381,3
1548932208.299160,2
1548932208.313857,10
1548932208.326544,29
1548932208.338989,7
1548932208.351304,38
1548932208.363506,3
1548932208.376098,5
1548932208.389262,47
1548932208.402305,7
1548932208.416400,0
1548932208.430285,9
1548932208.442792,42
1548932208.455563,6
1548932208.468708,42
1548932208.482085,6
1548932208.494642,31
1548932208.507944,10
1548932208.520286,20
1548932208.533182,5
1548932208.545820,2
1548932208.558648,0
1548932208.572112,0
1548932208.585422,0
1548932208.599989,5
1548932208.614885,8
1548932208.629576,30
1548932208.642808,13
1548932208.655621,15
1548932208.668277,2
1548932208.680663,18
1548932208.693091,0
1548932208.706496,7
1548932208.720654,2
1548932208.734206,31
1548932208.746808,2
1548932208.759945,7
1548932208.772854,7
1548932208.785455,14
1548932208.797882,1
1548932208.810571,17
1548932208.823472,15
1548932208.835512,2
1548932208.848218,2
1548932208.861159,1
1548932208.875119,0
1548932208.888289,0
1548932208.901376,24
1548932208.913867,3
1548932208.926380,8
1548932208.938785,24
1548932208.951380,2
1548932208.964466,1
1548932208.977431,0
1548932208.990887,0
1548932209.004791,3
1548932209.018589,9
1548932209.032630,26
1548932209.045228,8
1548932209.058517,41
1548932209.071160,2
1548932209.083775,1
1548932209.097031,6
1548932209.110626,26
1548932209.123267,11
1548932209.136042,33
1548932209.148370,1
1548932209.161390,40
1548932209.173670,1
1548932209.186620,0
1548932209.199849,0
1548932209.213087,0
1548932209.226630,0
1548932209.240007,0
1548932209.253572,1
1548932209.267479,0
1548932209.281874,6
1548932209.296871,20
1548932209.308976,7
1548932209.321423,5
1548932209.334776,4
1548932209.348088,42
1548932209.360577,9
1548932209.373517,27
1548932209.386112,4
1548932209.398880,47
1548932209.410912,1
1548932209.423309,0
1548932209.436396,0
1548932209.450004,0
1548932209.463469,0
1548932209.478468,3
1548932209.492210,12
1548932209.505362,3
1548932209.519264,33
1548932209.532656,4
1548932209.545649,38
1548932209.558218,30
1548932209.570759,11
1548932209.583659,2
1548932209.596494,0
1548932209.609777,1
1548932209.623375,0
1548932209.636788,0
1548932209.650273,1
1548932209.663750,0
1548932209.677240,0
1548932209.690865,0
1548932209.705289,9
1548932209.719615,20
1548932209.731861,1
1548932209.744215,25
1548932209.756847,0
1548932209.769323,0
1548932209.782508,1
1548932209.796396,2
1548932209.810203,8
1548932209.823617,17
1548932209.836559,3
1548932209.848996,29
1548932209.861927,0
1548932209.874658,30
1548932209.887316,3
1548932209.900061,3
1548932209.912475,32
1548932209.924926,1
1548932209.937489,7
1548932209.950967,17
1548932209.964479,7
1548932209.977871,30
1548932209.991423,4
1548932210.004056,22
1548932210.016865,2
1548932210.029775,5
1548932210.042535,29
1548932210.055428,0
1548932210.068709,14
1548932210.082470,8
1548932210.095457,4
1548932210.109001,13
1548932210.121892,26
1548932210.134791,3
1548932210.146971,13
1548932210.159098,24
1548932210.171411,0
1548932210.184383,33
1548932210.197797,2
1548932210.209940,13
1548932210.222296,2
1548932210.234490,8
1548932210.246796,48
1548932210.259406,2
1548932210.272370,0
1548932210.285753,0
1548932210.299330,0
1548932210.313522,0
1548932210.328662,7
1548932210.341833,6
1548932210.354626,38
1548932210.367197,2
1548932210.380009,0
1548932210.393141,0
1548932210.407006,3
1548932210.421010,2
1548932210.433636,21
1548932210.447675,10
1548932210.460087,3
1548932210.473887,38
1548932210.487776,2
1548932210.501236,0
1548932210.513748,14
1548932210.526875,40
1548932210.539654,0
1548932210.552903,1
1548932210.566659,14
1548932210.579503,14
1548932210.592028,14
1548932210.604706,10
1548932210.617475,35
1548932210.630446,3
1548932210.644045,23
1548932210.656862,5
1548932210.669419,14
1548932210.681729,11
1548932210.694164,7
1548932210.707942,0
1548932210.720601,25
1548932210.733471,0
1548932210.746722,12
1548932210.759695,51
1548932210.773281,1
1548932210.786297,0
1548932210.800548,7
1548932210.814130,41
1548932210.827672,2
1548932210.840789,7
1548932210.853533,5
1548932210.866405,18
1548932210.880175,16
1548932210.894100,4
1548932210.907070,28
1548932210.919759,0
1548932210.932737,2
1548932210.946041,27
1548932210.958608,8
1548932210.971257,29
1548932210.983691,0
1548932210.996704,0
1548932211.009872,0
1548932211.023122,0
1548932211.037268,0
1548932211.052233,9
1548932211.064859,21
1548932211.077888,16
1548932211.090431,15
1548932211.103287,6
1548932211.115695,6
1548932211.128835,33
1548932211.141237,4
1548932211.153884,8
1548932211.166726,4
1548932211.179660,15
1548932211.192181,41
1548932211.205353,5
1548932211.218485,0
1548932211.232058,0
1548932211.245657,5
1548932211.259463,0
1548932211.275159,8
1548932211.288870,46
1548932211.302254,2
1548932211.316439,25
1548932211.329570,4
1548932211.342097,41
1548932211.354433,13
1548932211.367090,1
1548932211.380272,0
1548932211.393820,0
1548932211.407849,19
1548932211.423291,32
1548932211.436405,8
1548932211.448883,17
1548932211.461002,16
1548932211.473238,1
1548932211.486465,2
1548932211.499467,34
1548932211.511857,0
1548932211.524765,4
1548932211.538564,0
1548932211.553266,32
1548932211.565932,35
1548932211.579136,0
1548932211.591676,35
1548932211.605169,15
1548932211.618173,13
1548932211.631377,8
1548932211.643857,44
1548932211.656234,2
1548932211.668810,0
1548932211.682152,0
1548932211.695982,2
1548932211.710302,2
1548932211.723520,21
1548932211.737046,4
1548932211.750484,35
1548932211.763375,6
1548932211.776327,27
1548932211.788346,0
1548932211.801056,0
1548932211.814651,0
1548932211.828657,13
1548932211.842769,21
1548932211.855191,52
1548932211.867416,1
1548932211.879841,0
1548932211.892257,1
1548932211.905160,0
1548932211.918985,0
1548932211.934185,0
1548932211.948129,19
1548932211.960990,7
1548932211.973539,0
1548932211.986633,1
1548932212.000622,1
1548932212.015562,6
1548932212.028938,42
1548932212.041387,2
1548932212.053841,2
1548932212.066692,0
1548932212.080114,2
1548932212.094026,0
1548932212.107770,2
1548932212.121417,17
1548932212.134305,40
1548932212.146871,2
1548932212.159492,5
1548932212.172710,28
1548932212.187194,6
1548932212.200028,25
1548932212.212776,35
1548932212.225697,2
1548932212.239223,11
1548932212.252129,15
1548932212.266912,9
1548932212.280263,43
1548932212.292804,0
1548932212.305316,0
1548932212.317904,0
1548932212.330901,0
1548932212.344982,0
1548932212.359539,12
1548932212.373238,6
1548932212.386408,8
1548932212.399171,18
1548932212.412506,2
1548932212.425288,36
1548932212.437361,3
1548932212.449545,2
1548932212.462189,6
1548932212.474935,31
1548932212.487778,4
1548932212.500245,8
1548932212.512806,21
1548932212.526244,51
1548932212.539009,0
1548932212.552196,0
1548932212.565372,0
1548932212.579160,0
1548932212.592534,0
1548932212.606665,13
1548932212.622210,26
1548932212.634766,16
1548932212.646925,37
1548932212.659429,7
1548932212.672901,39
1548932212.685065,5
1548932212.697426,32
1548932212.710098,18
1548932212.723122,0
1548932212.736181,0
1548932212.750332,7
1548932212.764196,32
1548932212.778776,12
1548932212.791130,36
1548932212.803905,6
1548932212.816677,2
1548932212.829045,14
1548932212.841128,3
1548932212.853832,0
1548932212.866901,2
1548932212.880623,1
1548932212.893858,2
1548932212.906454,41
1548932212.918878,12
1548932212.931717,3
1548932212.945339,33
1548932212.958337,8
1548932212.971201,7
1548932212.983580,24
1548932212.996471,4
1548932213.010298,12
1548932213.023500,3
1548932213.035894,33
1548932213.048497,13
1548932213.061176,0
1548932213.074400,2
1548932213.088252,2
1548932213.102875,32
1548932213.115577,25
1548932213.128471,6
1548932213.141655,25
1548932213.154475,3
1548932213.167247,24
1548932213.180124,4
1548932213.193971,16
1548932213.206654,20
1548932213.218911,12
1548932213.232018,43
1548932213.244527,4
1548932213.257606,26
1548932213.269837,29
1548932213.282322,34
1548932213.295312,11
1548932213.309162,12
1548932213.321584,15
1548932213.334619,1
1548932213.347668,13
1548932213.360122,24
1548932213.372150,5
1548932213.384217,39
1548932213.396405,3
1548932213.408249,31
1548932213.420936,68
1548932213.433392,38
1548932213.446232,0
