1548929137.753084,0
1548929137.765498,1
1548929137.777650,9
1548929137.790469,12
1548929137.803211,21
1548929137.816420,26
1548929137.830356,29
1548929137.843891,39
1548929137.857468,43
1548929137.870905,50
1548929137.884378,68
1548929137.897808,74
1548929137.911261,83
1548929137.924724,90
1548929137.938138,93
1548929137.951563,99
1548929137.964925,130
1548929137.978321,143
1548929137.991643,150
1548929138.005184,158
1548929138.019257,165
1548929138.032922,173
1548929138.046402,180
1548929138.059920,189
1548929138.073245,197
1548929138.086562,236
1548929138.099922,273
1548929138.113348,290
1548929138.126626,303
1548929138.139919,320
1548929138.153175,334
1548929138.166375,346
1548929138.179529,357
1548929138.192739,365
1548929138.205970,375
1548929138.219419,385
1548929138.232651,396
1548929138.245860,407
1548929138.259058,417
1548929138.272273,422
1548929138.285475,424
1548929138.298873,443
1548929138.312158,467
1548929138.325451,476
1548929138.338877,502
1548929138.352238,519
1548929138.365476,535
1548929138.378798,547
1548929138.392034,554
1548929138.405234,565
1548929138.418814,578
1548929138.432041,589
1548929138.445340,598
1548929138.458612,607
1548929138.471819,616
1548929138.485075,626
1548929138.498227,635
1548929138.511483,642
1548929138.524718,650
1548929138.537942,658
1548929138.551139,666
1548929138.564348,674
1548929138.577581,680
1548929138.590804,687
1548929138.604314,694
1548929138.617557,701
1548929138.630916,707
1548929138.644208,714
1548929138.657428,721
1548929138.670655,728
1548929138.683878,737
1548929138.697107,745
1548929138.710364,756
1548929138.723557,765
1548929138.736967,783
1548929138.750260,813
1548929138.763533,846
1548929138.777028,882
1548929138.790478,899
1548929138.803949,931
1548929138.817372,967
1548929138.830595,982
1548929138.843917,1000
1548929138.857462,999
1548929138.870822,999
1548929138.884036,999
1548929138.897235,1000
1548929138.910483,1000
1548929138.923815,999
1548929138.937325,1000
1548929138.950481,1000
1548929138.963743,999
1548929138.976920,1000
1548929138.990080,1000
1548929139.003321,999
1548929139.016596,999
1548929139.029816,1000
1548929139.042976,999
1548929139.056170,999
1548929139.069402,1000
1548929139.082624,999
1548929139.095844,1000
1548929139.109051,1000
1548929139.122339,1000
1548929139.135544,998
1548929139.148776,999
1548929139.162094,1000
1548929139.175351,1000
1548929139.188605,999
1548929139.202217,999
1548929139.215654,999
1548929139.228857,1000
1548929139.242161,999
1548929139.255420,1000
1548929139.268630,1000
1548929139.281804,1000
1548929139.295087,1000
1548929139.308482,998
1548929139.321802,999
1548929139.335080,1000
1548929139.348419,998
1548929139.361730,999
1548929139.375056,999
1548929139.388289,1000
1548929139.401501,1000
1548929139.414748,1000
1548929139.428052,999
1548929139.441621,1000
1548929139.454961,1000
1548929139.468285,997
1548929139.481532,994
1548929139.494912,1000
1548929139.508267,1000
1548929139.521583,997
1548929139.534895,999
1548929139.548229,999
1548929139.561466,1000
1548929139.574742,1000
1548929139.588017,999
1548929139.601333,1000
1548929139.614690,999
1548929139.627979,1000
1548929139.641247,1000
1548929139.654544,999
1548929139.667816,999
1548929139.681088,1000
1548929139.694392,998
1548929139.707710,998
1548929139.720965,1000
1548929139.734392,998
1548929139.747729,1000
1548929139.761071,999
1548929139.774371,999
1548929139.787676,997
1548929139.800993,997
1548929139.814454,1000
1548929139.827812,998
1548929139.841062,998
1548929139.854400,998
1548929139.867770,1000
1548929139.881093,1000
1548929139.894371,1000
1548929139.907666,998
1548929139.921042,999
1548929139.934372,999
1548929139.947683,999
1548929139.960913,1000
1548929139.974194,999
1548929139.987501,999
1548929140.000815,999
1548929140.014082,1000
1548929140.027419,999
1548929140.040709,1000
1548929140.053972,999
1548929140.067289,1000
1548929140.080624,1000
1548929140.093971,1000
1548929140.107305,1000
1548929140.120614,999
1548929140.133889,1000
1548929140.147220,1000
1548929140.160523,1000
1548929140.173850,999
1548929140.187210,1000
1548929140.200557,1000
1548929140.213831,1000
1548929140.227131,1000
1548929140.240389,999
1548929140.253640,1000
1548929140.266963,1000
1548929140.280232,1000
1548929140.293513,1000
1548929140.306767,1000
1548929140.320112,999
1548929140.333346,999
1548929140.346632,1000
1548929140.359922,1000
1548929140.373224,995
1548929140.385390,997
1548929140.398278,998
1548929140.411655,999
1548929140.425100,995
1548929140.438731,999
1548929140.452144,995
1548929140.465431,998
1548929140.478743,999
1548929140.491965,991
1548929140.505258,980
1548929140.518635,996
1548929140.531912,1000
1548929140.545167,999
1548929140.558817,999
1548929140.572428,993
1548929140.586020,999
1548929140.599576,992
1548929140.613147,994
1548929140.626735,995
1548929140.640757,999
1548929140.654120,1000
1548929140.667473,998
1548929140.681090,1000
1548929140.694516,1000
1548929140.707677,999
1548929140.720970,984
1548929140.734102,976
1548929140.745664,977
1548929140.757800,976
1548929140.770232,993
1548929140.783203,1000
1548929140.796511,1000
1548929140.810283,999
1548929140.823800,1000
1548929140.837368,1000
1548929140.850225,999
1548929140.862235,998
1548929140.874402,986
1548929140.887047,978
1548929140.900139,968
1548929140.912076,962
1548929140.923698,972
1548929140.935873,986
1548929140.947419,999
1548929140.959060,1000
1548929140.971496,1000
1548929140.983801,993
1548929140.995854,996
1548929141.008725,998
1548929141.021732,996
1548929141.035497,962
1548929141.048800,998
1548929141.062341,997
1548929141.075778,993
1548929141.089082,999
1548929141.102923,997
1548929141.116462,983
1548929141.129887,932
1548929141.143247,892
1548929141.155747,844
1548929141.168087,817
1548929141.181577,813
1548929141.194875,804
1548929141.208202,800
1548929141.221580,820
1548929141.234952,857
1548929141.248565,864
1548929141.261952,849
1548929141.275301,853
1548929141.288686,818
1548929141.302050,829
1548929141.315435,822
1548929141.328748,830
1548929141.342323,837
1548929141.355722,862
1548929141.368787,894
1548929141.382024,922
1548929141.395628,951
1548929141.409065,993
1548929141.422408,996
1548929141.435773,997
1548929141.449084,992
1548929141.462105,992
1548929141.475462,986
1548929141.488817,980
1548929141.502131,968
1548929141.515480,943
1548929141.528817,959
1548929141.542206,953
1548929141.556085,903
1548929141.569463,868
1548929141.582839,882
1548929141.596225,917
1548929141.609704,951
1548929141.623077,985
1548929141.636426,998
1548929141.649796,999
1548929141.663118,999
1548929141.676452,1000
1548929141.689742,1000
1548929141.703041,1000
1548929141.716399,999
1548929141.729670,1000
1548929141.743041,993
1548929141.756316,990
1548929141.769598,992
1548929141.782952,1000
1548929141.796266,957
1548929141.809647,933
1548929141.822983,920
1548929141.836309,912
1548929141.849559,908
1548929141.862874,919
1548929141.876177,926
1548929141.889456,929
1548929141.902774,932
1548929141.916068,933
1548929141.929333,931
1548929141.942695,940
1548929141.956010,948
1548929141.969315,953
1548929141.982642,958
1548929141.995983,970
1548929142.009296,975
1548929142.022662,986
1548929142.035982,1000
1548929142.049275,1000
1548929142.062609,998
1548929142.075904,998
1548929142.089188,999
1548929142.102527,998
1548929142.115810,996
1548929142.129093,998
1548929142.142416,997
1548929142.155672,998
1548929142.168921,999
1548929142.182428,1000
1548929142.195996,999
1548929142.209892,997
1548929142.223493,1000
1548929142.236819,1000
1548929142.250135,999
1548929142.263468,997
1548929142.276798,999
1548929142.290516,998
1548929142.303893,998
1548929142.317196,996
1548929142.330461,999
1548929142.343717,1000
1548929142.356983,998
1548929142.370288,998
1548929142.383613,1000
1548929142.396858,999
1548929142.410144,999
1548929142.423461,1000
1548929142.436702,1000
1548929142.450054,999
1548929142.463323,1000
1548929142.476650,999
1548929142.489940,1000
1548929142.503236,1000
1548929142.516512,998
1548929142.529763,999
1548929142.543030,998
1548929142.556400,998
1548929142.569692,995
1548929142.582917,998
1548929142.596227,997
1548929142.609505,998
1548929142.622771,999
1548929142.636027,1000
1548929142.649260,999
1548929142.662551,1000
1548929142.675919,1000
1548929142.689176,999
1548929142.702510,1000
1548929142.715805,999
1548929142.729238,996
1548929142.742535,1000
1548929142.755808,1000
1548929142.769108,1000
1548929142.782534,1000
1548929142.795873,999
1548929142.809367,999
1548929142.822751,1000
1548929142.836114,997
1548929142.849412,991
1548929142.862732,997
1548929142.876265,999
1548929142.889562,997
1548929142.902981,999
1548929142.916565,1000
1548929142.929890,998
1548929142.943431,999
1548929142.955773,997
1548929142.968684,999
1548929142.981960,1000
1548929142.995226,999
1548929143.008567,1000
1548929143.022005,999
1548929143.035576,998
1548929143.048913,999
1548929143.062106,1000
1548929143.074415,998
1548929143.087129,999
1548929143.100331,998
1548929143.112537,999
1548929143.125828,995
1548929143.139262,994
1548929143.152609,991
1548929143.166010,1000
1548929143.179494,996
1548929143.192851,980
1548929143.206520,999
1548929143.219806,983
1548929143.233110,981
1548929143.246468,986
1548929143.259970,994
1548929143.273293,996
1548929143.286687,990
1548929143.300072,984
1548929143.313389,968
1548929143.326813,953
1548929143.340456,926
1548929143.353727,902
1548929143.367131,883
1548929143.380447,872
1548929143.393728,861
1548929143.405999,849
1548929143.418880,831
1548929143.431883,808
1548929143.445173,807
1548929143.458763,809
1548929143.472313,822
1548929143.485552,840
1548929143.497112,845
1548929143.508642,847
1548929143.520541,850
1548929143.533072,854
1548929143.546366,830
1548929143.559757,792
1548929143.573029,750
1548929143.586373,704
1548929143.599920,688
1548929143.613282,676
1548929143.626639,664
1548929143.640143,649
1548929143.653519,641
1548929143.667098,635
1548929143.680411,623
1548929143.693699,621
1548929143.707269,612
1548929143.720987,607
1548929143.734288,604
1548929143.747607,598
1548929143.761000,579
1548929143.774829,556
1548929143.788470,530
1548929143.801912,512
1548929143.815355,509
1548929143.828749,500
1548929143.842082,513
1548929143.855411,536
1548929143.868752,548
1548929143.882071,545
1548929143.895417,531
1548929143.908755,521
1548929143.922099,512
1548929143.935434,500
1548929143.948733,496
1548929143.962028,489
1548929143.975354,486
1548929143.988641,487
1548929144.001915,488
1548929144.015369,491
1548929144.028699,494
1548929144.042044,501
1548929144.055367,505
1548929144.068667,517
1548929144.081957,526
1548929144.095201,536
1548929144.108555,549
1548929144.121876,560
1548929144.135273,572
1548929144.148576,581
1548929144.161887,591
1548929144.175187,600
1548929144.188468,605
1548929144.201750,612
1548929144.215057,614
1548929144.228370,617
1548929144.241624,620
1548929144.254955,620
1548929144.268226,618
1548929144.281488,615
1548929144.294827,612
1548929144.308235,606
1548929144.321531,607
1548929144.334853,605
1548929144.348188,604
1548929144.361499,603
1548929144.374805,606
1548929144.388190,606
1548929144.401472,605
1548929144.414792,606
1548929144.428087,606
1548929144.441362,605
1548929144.454628,604
1548929144.467972,605
1548929144.481240,606
1548929144.494595,605
1548929144.507891,604
1548929144.521162,605
1548929144.534452,605
1548929144.547717,605
1548929144.560987,604
1548929144.574317,605
1548929144.587603,605
1548929144.601013,605
1548929144.614489,604
1548929144.627880,606
1548929144.641182,607
1548929144.654543,606
1548929144.667869,606
1548929144.681134,606
1548929144.694445,608
1548929144.707768,606
1548929144.721052,607
1548929144.734348,605
1548929144.747608,605
1548929144.760835,605
1548929144.774115,605
1548929144.787430,606
1548929144.800687,607
1548929144.814012,606
1548929144.827405,608
1548929144.840698,608
1548929144.853996,608
1548929144.867313,608
1548929144.880608,609
1548929144.893933,610
1548929144.907246,608
1548929144.920541,607
1548929144.933814,608
1548929144.947110,609
1548929144.960380,607
1548929144.973635,609
1548929144.986941,608
1548929145.000267,608
1548929145.013530,609
1548929145.026851,610
1548929145.040148,609
1548929145.053430,610
1548929145.066772,609
1548929145.080072,608
1548929145.093363,609
1548929145.106715,609
1548929145.120032,609
1548929145.133339,609
1548929145.146636,608
1548929145.159971,607
1548929145.173256,607
1548929145.186522,610
1548929145.199804,611
1548929145.213262,610
1548929145.226599,610
1548929145.239941,610
1548929145.253230,611
1548929145.266601,609
1548929145.279912,611
1548929145.293201,611
1548929145.306499,610
1548929145.319952,611
1548929145.333252,611
1548929145.346559,611
1548929145.359848,611
1548929145.373108,612
1548929145.386403,612
1548929145.399676,612
1548929145.412921,611
1548929145.426209,609
1548929145.439619,612
1548929145.452900,610
1548929145.466245,612
1548929145.479575,612
1548929145.493177,613
1548929145.506453,614
1548929145.519720,614
1548929145.533215,612
1548929145.546880,614
1548929145.560254,614
1548929145.573697,614
1548929145.587012,614
1548929145.600657,616
1548929145.613888,614
1548929145.627049,614
1548929145.640349,615
1548929145.653609,615
1548929145.667112,612
1548929145.680484,611
1548929145.693823,614
1548929145.707115,615
1548929145.720453,613
1548929145.733761,614
1548929145.747061,616
1548929145.760388,614
1548929145.773656,615
1548929145.786982,613
1548929145.800305,614
1548929145.813567,613
1548929145.826910,614
1548929145.840241,615
1548929145.853571,616
1548929145.866922,617
1548929145.880247,617
1548929145.893527,614
1548929145.906850,613
1548929145.920605,617
1548929145.934340,616
1548929145.948329,616
1548929145.962089,616
1548929145.975496,618
1548929145.988866,617
1548929146.002273,618
1548929146.015642,618
1548929146.028961,616
1548929146.042285,617
1548929146.055605,616
1548929146.068914,617
1548929146.082246,614
1548929146.095634,614
1548929146.108925,614
1548929146.122252,615
1548929146.135586,615
1548929146.148844,618
1548929146.162273,616
1548929146.175622,616
1548929146.188946,617
1548929146.202295,618
1548929146.215614,619
1548929146.228899,618
1548929146.242206,619
1548929146.255519,618
1548929146.268820,617
1548929146.282129,617
1548929146.295477,617
1548929146.308810,618
1548929146.322108,618
1548929146.335427,616
1548929146.348746,618
1548929146.362080,617
1548929146.375457,619
1548929146.388791,618
1548929146.402087,618
1548929146.415399,620
1548929146.428713,619
1548929146.442001,618
1548929146.455296,618
1548929146.468609,619
1548929146.481905,619
1548929146.495225,619
1548929146.508519,620
1548929146.521877,619
1548929146.535362,619
1548929146.548691,617
1548929146.562385,619
1548929146.576477,620
1548929146.590202,618
1548929146.603849,618
1548929146.617214,620
1548929146.630567,620
1548929146.643907,619
1548929146.657205,621
1548929146.670628,620
1548929146.684217,619
1548929146.697553,620
1548929146.710883,620
1548929146.724223,621
1548929146.737497,620
1548929146.750789,620
1548929146.764121,621
1548929146.777419,619
1548929146.790892,618
1548929146.804251,619
1548929146.817801,620
1548929146.831283,622
1548929146.844603,621
1548929146.857939,623
1548929146.871283,623
1548929146.884537,625
1548929146.897812,623
1548929146.911086,623
1548929146.924428,624
1548929146.937703,623
1548929146.951097,622
1548929146.964409,622
1548929146.977631,623
1548929146.990934,624
1548929147.004281,623
1548929147.017552,622
1548929147.030877,623
1548929147.044204,624
1548929147.057460,624
1548929147.070779,622
1548929147.084083,621
1548929147.097351,623
1548929147.110635,624
1548929147.123952,625
1548929147.137215,625
1548929147.150509,623
1548929147.163870,626
1548929147.177286,625
1548929147.190726,625
1548929147.204054,625
1548929147.217357,623
1548929147.230740,625
1548929147.244102,624
1548929147.257413,623
1548929147.270750,623
1548929147.284091,624
1548929147.298249,624
1548929147.311813,623
1548929147.325571,624
1548929147.338949,626
1548929147.352270,625
1548929147.365645,625
1548929147.379098,624
1548929147.392404,627
1548929147.405647,626
1548929147.418945,625
1548929147.432219,624
1548929147.445486,627
1548929147.458761,628
1548929147.471467,627
1548929147.484423,626
1548929147.497493,625
1548929147.510754,629
1548929147.524057,628
1548929147.537323,627
1548929147.550613,628
1548929147.563898,629
1548929147.577164,628
1548929147.590449,627
1548929147.603734,627
1548929147.617010,627
1548929147.630322,628
1548929147.643601,628
1548929147.656838,627
1548929147.670142,628
1548929147.683414,627
1548929147.696860,627
1548929147.710154,624
1548929147.723459,625
1548929147.736754,628
1548929147.750187,627
1548929147.763541,628
1548929147.776853,626
1548929147.790190,628
1548929147.803494,627
1548929147.816818,628
1548929147.830108,628
1548929147.843429,627
1548929147.856694,629
1548929147.869983,630
1548929147.883492,630
1548929147.896877,629
1548929147.910169,628
1548929147.923430,631
1548929147.936695,629
1548929147.949967,631
1548929147.963199,632
1548929147.976467,632
1548929147.989796,632
1548929148.003071,631
1548929148.016305,631
1548929148.029558,631
1548929148.042808,632
1548929148.056065,631
1548929148.069364,631
1548929148.082626,631
1548929148.095846,630
1548929148.109374,631
1548929148.122675,631
1548929148.135973,631
1548929148.149258,631
1548929148.162590,630
1548929148.175907,629
1548929148.189184,628
1548929148.202604,632
1548929148.215938,630
1548929148.229214,630
1548929148.242538,630
1548929148.255864,632
1548929148.269158,633
1548929148.282460,633
1548929148.295762,632
1548929148.308989,631
1548929148.322301,631
1548929148.335614,633
1548929148.348873,633
1548929148.362191,633
1548929148.375480,633
1548929148.388775,631
1548929148.402158,631
1548929148.415450,632
1548929148.428729,632
1548929148.442051,632
1548929148.455366,633
1548929148.468651,631
1548929148.482084,636
1548929148.495526,631
1548929148.508864,634
1548929148.522190,633
1548929148.535531,633
1548929148.548819,633
1548929148.562143,633
1548929148.575439,633
1548929148.588715,634
1548929148.602029,632
1548929148.615291,632
1548929148.628586,632
1548929148.641936,634
1548929148.655228,633
1548929148.668500,633
1548929148.681745,634
1548929148.695147,633
1548929148.708487,632
1548929148.722067,635
1548929148.735430,635
1548929148.748736,635
1548929148.762093,634
1548929148.775428,635
1548929148.788752,635
1548929148.802032,635
1548929148.815488,634
1548929148.828869,634
1548929148.842179,634
1548929148.855454,636
1548929148.868779,633
1548929148.882063,631
1548929148.895326,635
1548929148.908820,638
1548929148.922160,638
1548929148.935466,638
1548929148.948770,638
1548929148.962046,640
1548929148.975344,638
1548929148.988673,638
1548929149.001995,639
1548929149.015262,639
1548929149.028532,639
1548929149.041842,638
1548929149.055162,638
1548929149.068436,636
1548929149.081726,638
1548929149.095042,638
1548929149.108355,638
1548929149.121636,638
1548929149.135039,638
1548929149.149051,637
1548929149.163173,638
1548929149.176998,638
1548929149.190446,639
1548929149.203809,639
1548929149.217157,641
1548929149.230736,642
1548929149.244087,639
1548929149.257428,641
1548929149.270745,641
1548929149.284029,640
1548929149.297343,640
1548929149.310690,641
1548929149.324006,639
1548929149.337276,640
1548929149.350677,641
1548929149.363975,641
1548929149.377314,641
1548929149.390607,640
1548929149.403948,638
1548929149.417291,639
1548929149.430598,640
1548929149.443935,640
1548929149.457179,640
1548929149.470491,640
1548929149.483792,640
1548929149.497059,642
1548929149.510364,641
1548929149.523650,641
1548929149.536901,642
1548929149.550241,641
1548929149.563529,641
1548929149.576806,640
1548929149.590102,641
1548929149.603382,644
1548929149.616944,641
1548929149.630252,643
1548929149.643555,639
1548929149.656832,641
1548929149.670215,644
1548929149.683657,642
1548929149.696942,642
1548929149.710268,642
1548929149.723587,643
1548929149.737462,644
1548929149.750796,641
1548929149.764146,641
1548929149.777438,642
1548929149.790820,640
1548929149.804181,640
1548929149.817437,643
1548929149.830780,642
1548929149.844070,642
1548929149.857322,642
1548929149.870655,642
1548929149.883916,644
1548929149.897152,644
1548929149.910389,643
1548929149.923620,642
1548929149.937067,645
1548929149.950320,647
1548929149.963603,647
1548929149.976827,646
1548929149.990056,646
1548929150.003347,645
1548929150.016598,644
1548929150.029864,646
1548929150.043148,645
1548929150.056400,647
1548929150.069720,646
1548929150.083050,646
1548929150.096362,647
1548929150.109567,643
1548929150.122804,647
1548929150.135967,648
1548929150.149192,646
1548929150.162522,643
1548929150.175758,645
1548929150.189032,647
1548929150.202308,645
1548929150.215571,644
1548929150.228839,646
1548929150.242062,644
1548929150.255525,646
1548929150.268799,645
1548929150.282103,643
1548929150.295373,646
1548929150.308626,646
1548929150.321996,645
1548929150.335556,644
1548929150.348878,647
1548929150.362178,646
1548929150.375445,648
1548929150.388693,646
1548929150.401973,647
1548929150.415256,646
1548929150.428519,647
1548929150.442162,647
1548929150.455465,648
1548929150.468730,648
1548929150.482079,649
1548929150.495455,647
1548929150.508780,648
1548929150.521969,648
1548929150.535323,649
1548929150.548621,648
1548929150.561966,646
1548929150.575244,647
1548929150.588555,648
1548929150.601841,648
1548929150.615162,648
1548929150.628448,648
1548929150.641786,649
1548929150.655067,650
1548929150.668383,648
1548929150.681624,649
1548929150.694954,648
1548929150.708243,648
1548929150.721514,648
1548929150.734806,646
1548929150.748122,647
1548929150.761542,648
1548929150.774877,647
1548929150.788164,647
1548929150.801431,648
1548929150.814743,648
1548929150.828082,648
1548929150.841374,648
1548929150.854692,650
1548929150.868011,648
1548929150.881280,651
1548929150.894590,648
1548929150.907893,649
1548929150.921222,649
1548929150.934552,650
1548929150.948269,650
1548929150.961752,651
1548929150.975071,650
1548929150.988411,650
1548929151.001703,651
1548929151.015039,653
1548929151.028478,652
1548929151.041812,650
1548929151.055113,653
1548929151.068487,651
1548929151.081816,652
1548929151.095089,654
1548929151.108383,654
1548929151.121737,653
1548929151.135059,653
1548929151.148349,654
1548929151.161622,651
1548929151.174959,651
1548929151.188260,654
1548929151.201519,654
1548929151.214894,652
1548929151.228192,649
1548929151.241442,653
1548929151.254749,654
1548929151.268064,651
1548929151.281359,654
1548929151.294652,654
1548929151.307979,652
1548929151.321257,653
1548929151.334569,654
1548929151.347874,654
1548929151.361186,652
1548929151.374854,654
1548929151.388349,654
1548929151.401961,653
1548929151.415735,653
1548929151.429146,653
1548929151.442537,650
1548929151.455888,654
1548929151.469272,653
1548929151.482559,654
1548929151.495899,653
1548929151.508558,652
1548929151.521750,654
1548929151.535035,654
1548929151.548386,657
1548929151.561708,655
1548929151.575016,656
1548929151.588242,656
1548929151.601557,656
1548929151.614836,656
1548929151.628096,656
1548929151.641412,655
1548929151.654749,655
1548929151.668083,654
1548929151.681352,654
1548929151.694644,655
1548929151.707964,653
1548929151.721235,657
1548929151.734541,655
1548929151.747808,655
1548929151.761209,655
1548929151.774536,652
1548929151.787971,656
1548929151.801364,655
1548929151.814739,656
1548929151.828100,655
1548929151.841395,658
1548929151.854692,658
1548929151.867994,657
1548929151.881271,656
1548929151.894585,657
1548929151.907911,657
1548929151.921171,658
1548929151.934525,657
1548929151.947839,658
1548929151.961116,657
1548929151.974458,656
1548929151.988148,659
1548929152.001518,657
1548929152.014874,659
1548929152.028132,660
1548929152.041414,661
1548929152.054750,659
1548929152.068041,658
1548929152.081305,659
1548929152.094587,659
1548929152.107834,658
1548929152.121069,659
1548929152.134344,661
1548929152.147643,659
1548929152.160881,659
1548929152.174177,659
1548929152.187457,660
1548929152.200737,661
1548929152.214134,658
1548929152.227440,659
1548929152.240713,656
1548929152.253949,660
1548929152.267203,658
1548929152.280468,659
1548929152.293714,657
1548929152.307154,659
1548929152.320433,658
1548929152.333721,659
1548929152.346997,659
1548929152.360275,658
1548929152.373505,660
1548929152.386786,658
1548929152.400082,659
1548929152.413694,657
1548929152.427550,660
1548929152.440876,661
1548929152.454309,661
1548929152.467614,660
1548929152.480854,656
1548929152.494228,659
1548929152.507495,661
1548929152.520784,661
1548929152.534076,660
1548929152.547379,661
1548929152.560618,660
1548929152.573854,662
1548929152.587091,662
1548929152.600282,660
1548929152.613506,662
1548929152.626769,660
1548929152.640123,660
1548929152.653371,660
1548929152.666661,662
1548929152.679949,662
1548929152.693166,662
1548929152.706493,662
1548929152.719813,659
1548929152.733097,662
1548929152.746411,661
1548929152.759730,663
1548929152.773011,661
1548929152.786310,662
1548929152.799654,662
1548929152.813182,662
1548929152.826888,662
1548929152.840795,663
1548929152.854294,663
1548929152.867741,663
1548929152.881001,664
1548929152.894311,664
1548929152.907561,666
1548929152.920849,666
1548929152.934126,664
1548929152.947370,664
1548929152.960638,661
1548929152.973912,665
1548929152.987159,666
1548929153.000502,667
1548929153.013779,664
1548929153.027029,666
1548929153.040330,665
1548929153.053587,666
1548929153.066816,667
1548929153.080083,664
1548929153.093314,667
1548929153.106602,665
1548929153.120074,664
1548929153.133614,664
1548929153.146948,666
1548929153.160256,665
1548929153.173515,667
1548929153.186798,667
1548929153.200062,665
1548929153.213301,667
1548929153.226592,666
1548929153.239863,668
1548929153.253093,667
1548929153.266377,666
1548929153.279646,667
1548929153.292878,667
1548929153.306124,666
1548929153.319516,666
1548929153.332861,666
1548929153.346120,666
1548929153.359403,664
1548929153.372678,666
1548929153.385995,668
1548929153.399328,669
1548929153.412621,667
1548929153.426183,667
1548929153.439489,666
1548929153.452764,662
1548929153.466071,669
1548929153.479298,666
1548929153.492560,668
1548929153.505782,667
1548929153.518790,669
1548929153.531805,670
1548929153.544977,667
1548929153.558213,669
1548929153.571466,669
1548929153.584737,669
1548929153.598021,669
1548929153.611305,668
1548929153.624586,667
1548929153.637806,667
1548929153.651039,667
1548929153.664352,668
1548929153.677590,667
1548929153.690862,669
1548929153.704123,666
1548929153.717367,669
1548929153.730666,670
1548929153.743940,670
1548929153.757177,669
1548929153.770452,669
1548929153.784010,668
1548929153.797508,669
1548929153.810906,668
1548929153.824400,668
1548929153.837852,670
1548929153.851162,668
1548929153.864436,666
1548929153.877723,669
1548929153.891003,671
1548929153.904553,670
1548929153.917854,670
1548929153.931170,670
1548929153.944476,671
1548929153.957805,673
1548929153.971111,672
1548929153.984436,672
1548929153.997727,673
1548929154.011132,672
1548929154.024425,673
1548929154.037828,672
1548929154.051120,671
1548929154.064439,674
1548929154.077711,672
1548929154.091016,671
1548929154.104286,671
1548929154.117541,672
1548929154.130820,672
1548929154.144069,671
1548929154.157311,671
1548929154.170625,671
1548929154.183900,671
1548929154.197372,672
1548929154.210895,674
1548929154.224783,672
1548929154.238879,671
1548929154.252331,672
1548929154.265604,673
1548929154.279034,673
1548929154.292408,672
1548929154.305849,670
1548929154.319199,672
1548929154.332580,671
1548929154.346111,673
1548929154.359414,673
1548929154.372700,673
1548929154.385998,674
1548929154.399313,674
1548929154.412633,670
1548929154.426024,674
1548929154.439340,675
1548929154.452646,674
1548929154.465950,676
1548929154.479255,674
1548929154.492549,676
1548929154.505859,675
1548929154.519156,673
1548929154.532451,675
1548929154.545844,677
1548929154.559153,676
1548929154.572460,674
1548929154.585732,675
1548929154.599094,676
1548929154.612412,676
1548929154.625721,675
1548929154.639057,674
1548929154.652396,675
1548929154.665663,671
1548929154.678986,677
1548929154.692262,673
1548929154.705532,677
1548929154.718838,674
1548929154.732101,675
1548929154.745376,676
1548929154.758662,677
1548929154.771964,676
1548929154.785235,674
1548929154.798553,677
1548929154.812129,674
1548929154.825480,675
1548929154.838812,674
1548929154.852114,678
1548929154.865533,679
1548929154.878838,677
1548929154.892124,676
1548929154.905415,676
1548929154.918756,674
1548929154.932041,677
1548929154.945242,676
1548929154.958525,676
1548929154.971844,679
1548929154.985096,679
1548929154.998825,678
1548929155.012225,678
1548929155.025713,678
1548929155.039043,679
1548929155.052516,680
1548929155.065856,678
1548929155.079136,678
1548929155.092579,679
1548929155.105878,679
1548929155.119183,677
1548929155.132464,680
1548929155.145796,678
1548929155.159009,679
1548929155.172221,679
1548929155.185408,679
1548929155.198611,681
1548929155.211811,678
1548929155.225028,680
1548929155.238227,681
1548929155.251501,679
1548929155.264794,680
1548929155.278122,680
1548929155.291429,678
1548929155.304797,677
1548929155.318096,678
1548929155.331423,679
1548929155.344787,680
1548929155.358082,679
1548929155.371548,679
1548929155.384862,679
1548929155.398289,678
1548929155.412068,680
1548929155.425787,678
1548929155.439395,681
1548929155.452792,679
1548929155.466138,680
1548929155.479448,680
1548929155.492745,681
1548929155.506029,681
1548929155.519325,681
1548929155.532632,681
1548929155.545888,680
1548929155.559220,678
1548929155.572622,678
1548929155.585917,681
1548929155.599203,681
1548929155.612467,678
1548929155.625791,681
1548929155.639083,681
1548929155.652373,681
1548929155.665646,681
1548929155.679042,682
1548929155.692361,682
1548929155.705645,681
1548929155.719104,682
1548929155.732402,682
1548929155.745740,682
1548929155.759059,682
1548929155.772352,680
1548929155.785605,681
1548929155.798938,683
1548929155.812245,683
1548929155.825561,684
1548929155.838855,684
1548929155.852154,682
1548929155.865466,683
1548929155.878755,684
1548929155.892171,681
1548929155.905461,684
1548929155.918822,681
1548929155.932114,682
1548929155.945432,684
1548929155.958760,683
1548929155.972072,685
1548929155.985351,684
1548929155.998967,685
1548929156.012332,684
1548929156.025597,684
1548929156.038907,684
1548929156.052206,682
1548929156.065498,683
1548929156.078929,685
1548929156.092263,687
1548929156.105529,684
1548929156.118840,685
1548929156.132182,686
1548929156.145438,685
1548929156.158792,685
1548929156.172116,686
1548929156.185393,687
1548929156.198711,687
1548929156.212034,686
1548929156.225323,687
1548929156.238670,687
1548929156.251971,689
1548929156.265257,684
1548929156.278581,687
1548929156.291888,685
1548929156.305193,686
1548929156.318514,687
1548929156.331829,686
1548929156.345109,686
1548929156.358432,687
1548929156.371742,686
1548929156.385020,682
1548929156.398426,687
1548929156.411747,684
1548929156.424995,687
1548929156.438366,686
1548929156.451659,687
1548929156.464966,687
1548929156.478248,687
1548929156.491598,687
1548929156.504863,687
1548929156.518157,687
1548929156.531452,687
1548929156.544733,686
1548929156.558051,685
1548929156.571401,687
1548929156.584764,688
1548929156.598284,687
1548929156.611608,686
1548929156.624816,688
1548929156.638152,688
1548929156.651493,688
1548929156.664791,688
1548929156.678094,689
1548929156.691328,689
1548929156.704574,690
1548929156.717818,690
1548929156.731102,689
1548929156.744377,689
1548929156.757643,690
1548929156.770962,688
1548929156.784226,688
1548929156.797467,689
1548929156.810753,690
1548929156.824030,690
1548929156.837239,690
1548929156.850548,690
1548929156.863846,691
1548929156.877079,693
1548929156.890328,689
1548929156.903704,693
1548929156.917016,691
1548929156.930345,691
1548929156.943596,691
1548929156.956793,692
1548929156.970085,691
1548929156.983338,693
1548929156.996610,690
1548929157.009901,692
1548929157.023217,692
1548929157.036474,692
1548929157.049751,691
1548929157.063048,693
1548929157.076340,693
1548929157.089604,690
1548929157.103001,692
1548929157.116263,692
1548929157.129537,689
1548929157.142988,691
1548929157.156285,688
1548929157.169566,691
1548929157.182846,693
1548929157.196248,693
1548929157.209535,694
1548929157.222992,693
1548929157.236296,694
1548929157.249536,693
1548929157.262871,694
1548929157.276148,695
1548929157.289382,691
1548929157.302666,691
1548929157.315952,693
1548929157.329304,693
1548929157.342574,692
1548929157.355845,692
1548929157.369098,691
1548929157.382326,689
1548929157.395577,691
1548929157.408817,694
1548929157.422187,693
1548929157.435488,693
1548929157.448745,694
1548929157.461992,694
1548929157.475247,692
1548929157.488527,692
1548929157.501796,693
1548929157.515028,692
1548929157.528291,692
1548929157.541553,691
1548929157.554542,692
1548929157.567667,694
1548929157.580902,693
1548929157.594172,693
1548929157.607464,694
1548929157.620779,695
1548929157.634047,694
1548929157.647339,693
1548929157.660657,695
1548929157.673881,696
1548929157.687206,695
1548929157.700515,697
1548929157.713820,696
1548929157.727099,695
1548929157.740415,696
1548929157.753724,696
1548929157.767024,695
1548929157.780345,694
1548929157.793606,696
1548929157.807272,694
1548929157.820684,695
1548929157.834019,696
1548929157.847354,695
1548929157.860699,698
1548929157.874020,699
1548929157.887357,694
1548929157.900665,698
1548929157.913939,696
1548929157.927396,698
1548929157.940747,697
1548929157.954046,697
1548929157.967333,697
1548929157.980651,698
1548929157.993980,699
1548929158.007298,698
1548929158.020613,699
1548929158.033906,696
1548929158.047218,698
1548929158.060520,699
1548929158.073826,700
1548929158.087121,699
1548929158.100445,699
1548929158.113726,699
1548929158.127060,696
1548929158.140394,701
1548929158.153659,699
1548929158.166992,699
1548929158.180347,702
1548929158.193724,700
1548929158.207051,701
1548929158.220370,702
1548929158.233623,701
1548929158.246902,699
1548929158.260211,701
1548929158.273458,702
1548929158.286743,701
1548929158.300047,700
1548929158.313264,702
1548929158.326536,700
1548929158.339864,701
1548929158.353091,701
1548929158.366353,700
1548929158.379661,699
1548929158.392907,701
1548929158.406293,697
1548929158.419567,700
1548929158.432820,702
1548929158.446081,700
1548929158.459342,699
1548929158.472615,700
1548929158.485901,701
1548929158.499151,700
1548929158.512432,701
1548929158.525702,700
1548929158.538997,700
1548929158.552262,700
1548929158.565545,700
1548929158.578825,701
1548929158.592065,701
1548929158.605277,700
1548929158.618532,698
1548929158.631888,701
1548929158.645117,701
1548929158.658623,698
1548929158.671929,700
1548929158.685202,702
1548929158.698455,703
1548929158.711709,703
1548929158.724950,702
1548929158.738205,703
1548929158.751455,703
1548929158.764695,703
1548929158.777996,704
1548929158.791287,700
1548929158.804549,702
1548929158.817824,702
1548929158.831119,703
1548929158.844392,704
1548929158.857716,704
1548929158.871006,701
1548929158.884269,702
1548929158.897529,702
1548929158.910837,699
1548929158.924150,704
1548929158.937429,702
1548929158.950969,703
1548929158.964267,704
1548929158.977496,704
1548929158.990782,703
1548929159.004484,702
1548929159.017801,704
1548929159.031089,705
1548929159.044409,704
1548929159.057722,704
1548929159.070987,705
1548929159.084285,703
1548929159.097491,702
1548929159.110764,704
1548929159.124063,702
1548929159.137294,702
1548929159.150651,704
1548929159.163900,702
1548929159.177137,703
1548929159.190395,703
1548929159.203628,706
1548929159.216879,706
1548929159.230130,705
1548929159.243394,706
1548929159.256637,706
1548929159.269976,708
1548929159.283266,705
1548929159.296559,704
1548929159.309885,705
1548929159.323146,706
1548929159.336412,707
1548929159.349854,705
1548929159.363214,704
1548929159.376591,703
1548929159.389970,703
1548929159.403295,705
1548929159.416638,704
1548929159.429954,705
1548929159.443232,705
1548929159.456550,707
1548929159.469886,708
1548929159.483184,707
1548929159.496477,706
1548929159.509798,706
1548929159.523047,707
1548929159.536366,708
1548929159.549637,705
1548929159.562932,706
1548929159.576275,707
1548929159.589518,706
1548929159.602948,706
1548929159.616256,709
1548929159.629538,704
1548929159.642841,706
1548929159.656176,708
1548929159.669471,706
1548929159.682786,710
1548929159.696104,709
1548929159.709378,710
1548929159.722724,709
1548929159.736015,711
1548929159.749309,711
1548929159.762631,711
1548929159.775930,711
1548929159.789203,709
1548929159.802499,709
1548929159.815791,709
1548929159.829102,710
1548929159.842436,712
1548929159.855737,711
1548929159.868977,710
1548929159.882302,709
1548929159.895599,713
1548929159.908847,712
1548929159.922152,707
1548929159.935473,709
1548929159.948768,711
1548929159.962100,710
1548929159.975403,711
1548929159.988714,710
1548929160.002292,710
1548929160.015600,712
1548929160.028855,711
1548929160.042158,711
1548929160.055464,710
1548929160.068756,711
1548929160.081978,711
1548929160.095671,710
1548929160.109052,711
1548929160.122402,711
1548929160.135752,708
1548929160.149011,710
1548929160.162313,713
1548929160.175677,709
1548929160.188954,710
1548929160.202746,711
1548929160.216092,712
1548929160.229365,711
1548929160.242668,713
1548929160.255972,714
1548929160.269240,712
1548929160.282548,714
1548929160.295824,714
1548929160.309130,714
1548929160.322631,711
1548929160.335946,714
1548929160.349213,714
1548929160.362522,712
1548929160.375819,713
1548929160.389092,714
1548929160.402386,710
1548929160.415695,713
1548929160.428979,713
1548929160.442275,713
1548929160.455621,713
1548929160.468884,712
1548929160.482219,713
1548929160.495601,712
1548929160.508826,710
1548929160.522330,713
1548929160.535745,710
1548929160.549037,712
1548929160.562382,712
1548929160.575683,713
1548929160.588964,712
1548929160.602253,713
1548929160.615554,714
1548929160.628850,713
1548929160.642160,712
1548929160.655456,713
1548929160.668744,709
1548929160.682093,712
1548929160.695457,713
1548929160.708782,712
1548929160.722059,714
1548929160.735354,714
1548929160.748644,714
1548929160.761941,715
1548929160.775254,715
1548929160.788537,716
1548929160.801874,714
1548929160.815228,713
1548929160.828707,715
1548929160.842056,716
1548929160.855435,715
1548929160.868776,715
1548929160.882090,715
1548929160.895380,717
1548929160.908674,716
1548929160.922001,714
1548929160.935323,715
1548929160.948636,717
1548929160.961977,717
1548929160.975311,715
1548929160.988603,718
1548929161.001871,717
1548929161.015269,717
1548929161.028567,718
1548929161.041885,716
1548929161.055234,717
1548929161.068547,716
1548929161.081851,715
1548929161.095155,715
1548929161.108450,719
1548929161.122253,719
1548929161.135938,716
1548929161.149477,715
1548929161.162941,716
1548929161.176437,717
1548929161.189990,716
1548929161.203757,715
1548929161.217341,718
1548929161.230784,719
1548929161.244422,719
1548929161.258399,719
1548929161.271889,718
1548929161.285224,718
1548929161.299102,720
1548929161.312834,719
1548929161.326424,718
1548929161.339942,719
1548929161.353515,718
1548929161.367138,720
1548929161.380631,720
1548929161.394116,720
1548929161.407590,721
1548929161.421269,719
1548929161.434828,720
1548929161.448304,718
1548929161.461795,718
1548929161.475229,721
1548929161.488800,719
1548929161.502383,722
1548929161.515971,722
1548929161.529360,719
1548929161.542744,722
1548929161.556410,721
1548929161.569851,720
1548929161.583339,721
1548929161.596799,721
1548929161.610228,720
1548929161.623899,721
1548929161.637277,722
1548929161.650654,719
1548929161.664164,723
1548929161.677811,722
1548929161.691284,720
1548929161.704751,720
1548929161.718091,720
1548929161.731449,722
1548929161.744771,721
1548929161.758146,721
1548929161.771456,721
1548929161.784808,722
1548929161.798197,722
1548929161.811578,721
1548929161.824906,722
1548929161.838240,722
1548929161.851572,721
1548929161.864896,721
1548929161.878214,723
1548929161.891541,722
1548929161.905124,723
1548929161.918594,721
1548929161.932026,720
1548929161.945356,721
1548929161.958773,722
1548929161.972182,720
1548929161.985505,722
1548929161.998886,721
1548929162.012391,723
1548929162.025718,723
1548929162.039074,722
1548929162.052405,721
1548929162.065701,724
1548929162.079047,723
1548929162.092405,723
1548929162.105696,721
1548929162.119062,721
1548929162.132385,722
1548929162.145666,723
1548929162.159006,723
1548929162.172502,724
1548929162.185879,723
1548929162.199181,720
1548929162.212449,724
1548929162.225810,724
1548929162.239135,725
1548929162.252577,723
1548929162.265979,723
1548929162.279512,725
1548929162.293086,725
1548929162.306535,723
1548929162.319968,726
1548929162.333382,725
1548929162.350413,726
1548929162.363048,725
1548929162.376109,725
1548929162.388993,726
1548929162.402299,725
1548929162.415783,726
1548929162.429223,724
1548929162.442793,726
1548929162.456345,725
1548929162.469757,724
1548929162.483353,727
1548929162.496812,725
1548929162.510318,726
1548929162.524537,725
1548929162.538242,725
1548929162.551729,726
1548929162.565197,724
1548929162.578704,726
1548929162.592115,727
1548929162.605550,726
1548929162.619064,726
1548929162.632457,727
1548929162.646106,727
1548929162.659702,727
1548929162.673060,727
1548929162.686466,726
1548929162.699901,724
1548929162.713315,727
1548929162.726655,723
1548929162.740101,726
1548929162.753541,727
1548929162.766909,728
1548929162.780367,725
1548929162.793709,728
1548929162.807068,728
1548929162.820411,728
1548929162.833720,726
1548929162.847193,729
1548929162.860563,729
1548929162.873875,727
1548929162.887272,726
1548929162.900628,728
1548929162.914104,729
1548929162.927484,729
1548929162.940792,727
1548929162.954120,727
1548929162.967465,725
1548929162.980962,728
1548929162.994383,729
1548929163.007756,727
1548929163.021057,728
1548929163.034437,728
1548929163.047751,731
1548929163.061107,730
1548929163.074412,730
1548929163.087712,729
1548929163.100980,726
1548929163.114272,730
1548929163.127553,729
1548929163.140832,728
1548929163.154121,727
1548929163.167426,731
1548929163.180707,730
1548929163.193974,732
1548929163.207203,729
1548929163.221208,730
1548929163.235482,727
1548929163.249658,728
1548929163.263581,730
1548929163.277482,731
1548929163.291671,730
1548929163.305213,731
1548929163.319462,732
1548929163.332919,730
1548929163.345601,732
1548929163.357735,732
1548929163.369982,733
1548929163.381975,732
1548929163.393856,731
1548929163.405632,732
1548929163.417456,731
1548929163.429264,734
1548929163.441069,733
1548929163.453493,731
1548929163.466870,732
1548929163.480199,731
1548929163.493355,733
1548929163.506913,729
1548929163.521498,731
1548929163.535847,731
1548929163.549841,732
1548929163.563495,733
1548929163.577645,731
1548929163.591973,733
1548929163.605565,730
1548929163.619204,732
1548929163.632128,733
1548929163.645569,734
1548929163.659973,732
1548929163.674607,734
1548929163.688454,733
1548929163.701891,733
1548929163.715296,733
1548929163.728695,734
1548929163.742030,733
1548929163.755444,733
1548929163.768785,729
1548929163.782026,734
1548929163.795214,733
1548929163.808556,733
1548929163.822017,731
1548929163.835389,735
1548929163.848698,735
1548929163.862012,734
1548929163.875469,733
1548929163.888734,735
1548929163.902091,734
1548929163.915495,734
1548929163.929356,732
1548929163.943224,732
1548929163.957203,735
1548929163.971254,735
1548929163.984682,733
1548929163.998058,732
1548929164.011541,734
1548929164.025577,735
1548929164.039612,735
1548929164.053595,733
1548929164.067041,733
1548929164.080942,736
1548929164.094328,732
1548929164.107665,735
1548929164.120965,735
1548929164.134263,735
1548929164.147715,736
1548929164.160978,736
1548929164.174292,736
1548929164.187569,734
1548929164.200714,734
1548929164.213913,736
1548929164.227216,737
1548929164.240475,737
1548929164.253739,738
1548929164.267148,739
1548929164.280458,736
1548929164.293762,734
1548929164.307055,738
1548929164.320353,736
1548929164.333603,735
1548929164.346913,737
1548929164.360227,740
1548929164.373487,739
1548929164.386752,737
1548929164.400086,737
1548929164.413402,737
1548929164.426742,736
1548929164.440049,736
1548929164.453384,736
1548929164.466734,735
1548929164.480063,738
1548929164.493351,738
1548929164.506704,737
1548929164.520195,740
1548929164.533591,738
1548929164.546980,741
1548929164.560358,740
1548929164.573626,738
1548929164.587099,740
1548929164.600395,740
1548929164.613725,739
1548929164.627010,742
1548929164.640367,739
1548929164.653797,741
1548929164.667148,741
1548929164.680482,743
1548929164.693801,740
1548929164.707125,740
1548929164.720464,741
1548929164.733719,742
1548929164.747037,742
1548929164.760429,741
1548929164.773825,739
1548929164.787588,741
1548929164.800915,740
1548929164.814286,740
1548929164.827650,739
1548929164.841025,738
1548929164.854344,737
1548929164.867730,741
1548929164.881174,739
1548929164.894263,742
1548929164.908070,742
1548929164.921529,741
1548929164.934867,742
1548929164.948202,742
1548929164.961595,743
1548929164.975014,741
1548929164.988421,740
1548929165.001892,741
1548929165.015221,742
1548929165.028533,743
1548929165.041881,743
1548929165.055227,743
1548929165.068592,743
1548929165.082243,739
1548929165.096189,744
1548929165.109592,741
1548929165.123011,739
1548929165.136359,742
1548929165.149641,742
1548929165.163002,742
1548929165.176376,741
1548929165.190094,743
1548929165.203499,741
1548929165.216898,743
1548929165.230201,740
1548929165.243518,741
1548929165.256835,741
1548929165.270268,744
1548929165.283851,744
1548929165.297527,742
1548929165.310921,742
1548929165.324260,741
1548929165.337539,742
1548929165.351156,741
1548929165.364615,739
1548929165.377972,741
1548929165.391582,742
1548929165.404888,743
1548929165.418435,746
1548929165.431830,743
1548929165.445238,743
1548929165.458874,743
1548929165.472273,745
1548929165.485878,744
1548929165.499264,743
1548929165.512668,744
1548929165.526210,744
1548929165.539851,745
1548929165.553715,745
1548929165.567670,744
1548929165.581114,745
1548929165.594888,745
1548929165.608420,744
1548929165.621178,745
1548929165.634166,744
1548929165.647333,745
1548929165.660725,746
1548929165.674183,743
1548929165.687578,745
1548929165.700915,745
1548929165.714261,745
1548929165.727614,747
1548929165.740891,747
1548929165.754178,745
1548929165.767489,745
1548929165.780788,744
1548929165.794131,747
1548929165.807597,747
1548929165.820885,747
1548929165.834193,746
1548929165.847530,745
1548929165.860899,748
1548929165.873851,745
1548929165.887098,746
1548929165.900398,749
1548929165.913728,747
1548929165.927065,749
1548929165.940430,745
1548929165.953734,749
1548929165.967046,749
1548929165.980439,749
1548929165.994072,748
1548929166.007439,749
1548929166.021042,748
1548929166.034446,747
1548929166.048121,746
1548929166.061516,750
1548929166.074823,751
1548929166.088331,750
1548929166.101618,748
1548929166.115163,749
1548929166.128635,747
1548929166.141948,747
1548929166.155398,749
1548929166.168706,748
1548929166.182181,747
1548929166.195550,749
1548929166.208902,750
1548929166.222531,749
1548929166.235954,748
1548929166.249284,748
1548929166.262915,749
1548929166.276495,749
1548929166.289939,748
1548929166.303691,748
1548929166.317493,747
1548929166.331050,748
1548929166.344551,749
1548929166.357893,748
1548929166.371285,749
1548929166.384979,746
1548929166.398362,748
1548929166.411804,748
1548929166.425162,747
1548929166.438491,749
1548929166.451801,748
1548929166.465095,748
1548929166.478562,749
1548929166.491886,751
1548929166.505147,749
1548929166.518520,752
1548929166.531849,751
1548929166.545358,750
1548929166.558816,749
1548929166.572211,752
1548929166.585718,751
1548929166.599039,752
1548929166.612604,751
1548929166.625994,749
1548929166.639673,747
1548929166.653143,747
1548929166.666522,750
1548929166.680069,751
1548929166.693521,749
1548929166.706983,749
1548929166.720482,751
1548929166.733842,751
1548929166.747233,752
1548929166.760556,751
1548929166.773858,752
1548929166.787199,749
1548929166.801599,750
1548929166.815343,752
1548929166.829497,751
1548929166.843309,753
1548929166.857245,755
1548929166.870610,754
1548929166.884697,754
1548929166.898829,755
1548929166.912345,753
1548929166.925165,755
1548929166.937828,754
1548929166.950860,756
1548929166.964199,756
1548929166.978235,757
1548929166.992078,757
1548929167.005103,754
1548929167.018271,756
1548929167.030715,756
1548929167.043036,754
1548929167.055091,753
1548929167.067109,758
1548929167.079044,756
1548929167.090601,754
1548929167.102139,751
1548929167.113694,752
1548929167.125367,755
1548929167.136979,754
1548929167.148736,755
1548929167.160455,753
1548929167.172317,753
1548929167.184426,753
1548929167.196198,752
1548929167.209221,754
1548929167.222481,753
1548929167.235772,754
1548929167.249256,753
1548929167.262574,754
1548929167.276113,754
1548929167.289382,754
1548929167.302697,753
1548929167.316260,754
1548929167.329636,754
1548929167.343364,758
1548929167.356707,754
1548929167.370030,755
1548929167.383351,757
1548929167.396638,757
1548929167.410227,759
1548929167.423528,760
1548929167.436864,759
1548929167.450227,759
1548929167.463595,755
1548929167.476939,759
1548929167.490212,758
1548929167.503540,758
1548929167.517231,759
1548929167.531072,761
1548929167.544434,761
1548929167.557732,761
1548929167.571230,757
1548929167.584861,760
1548929167.598168,760
1548929167.611450,757
1548929167.624747,756
1548929167.638743,756
1548929167.652033,756
1548929167.665488,758
1548929167.679260,758
1548929167.692632,758
1548929167.705949,758
1548929167.719257,759
1548929167.732685,757
1548929167.746228,760
1548929167.759544,756
1548929167.773090,759
1548929167.786427,757
1548929167.799766,758
1548929167.813120,758
1548929167.826408,760
1548929167.839927,758
1548929167.853319,759
1548929167.866869,758
1548929167.880447,761
1548929167.893760,758
1548929167.907343,758
1548929167.920718,761
1548929167.934383,762
1548929167.947863,761
1548929167.961176,761
1548929167.974536,761
1548929167.987831,760
1548929168.001124,757
1548929168.014476,759
1548929168.027827,758
1548929168.041114,760
1548929168.054421,758
1548929168.067779,759
1548929168.081087,761
1548929168.094418,760
1548929168.107754,760
1548929168.121110,760
1548929168.134402,758
1548929168.147719,762
1548929168.161045,758
1548929168.174525,759
1548929168.187916,760
1548929168.201277,759
1548929168.214633,760
1548929168.227955,759
1548929168.241274,759
1548929168.254619,759
1548929168.267998,760
1548929168.281268,757
1548929168.294583,760
1548929168.307949,761
1548929168.321256,758
1548929168.334588,760
1548929168.347917,758
1548929168.361517,762
1548929168.374871,761
1548929168.388218,761
1548929168.401642,763
1548929168.415038,763
1548929168.428415,762
1548929168.441948,761
1548929168.455480,760
1548929168.469070,762
1548929168.482483,763
1548929168.495954,763
1548929168.509489,763
1548929168.522850,761
1548929168.536387,762
1548929168.549851,759
1548929168.563320,762
1548929168.576864,766
1548929168.590171,764
1548929168.603623,765
1548929168.616932,761
1548929168.630306,762
1548929168.643814,763
1548929168.657199,764
1548929168.670648,764
1548929168.684209,763
1548929168.697605,764
1548929168.710945,763
1548929168.724333,762
1548929168.737809,765
1548929168.751245,764
1548929168.764588,765
1548929168.777929,763
1548929168.791362,765
1548929168.804825,764
1548929168.818326,763
1548929168.831735,764
1548929168.845066,764
1548929168.858370,765
1548929168.871786,766
1548929168.885147,764
1548929168.899564,766
1548929168.913403,767
1548929168.926808,766
1548929168.940095,766
1548929168.953489,767
1548929168.966806,768
1548929168.980096,766
1548929168.993361,767
1548929169.006646,767
1548929169.020242,767
1548929169.034103,768
1548929169.047483,768
1548929169.060936,767
1548929169.074363,766
1548929169.087697,769
1548929169.100954,766
1548929169.114236,763
1548929169.127533,763
1548929169.140833,763
1548929169.154173,767
1548929169.167552,766
1548929169.180854,765
1548929169.194368,769
1548929169.207656,765
1548929169.220964,768
1548929169.234258,766
1548929169.247565,766
1548929169.260866,767
1548929169.274175,768
1548929169.287511,769
1548929169.300809,767
1548929169.314148,767
1548929169.327524,768
1548929169.340969,769
1548929169.354318,769
1548929169.367670,768
1548929169.380938,765
1548929169.394422,769
1548929169.407742,767
1548929169.421056,769
1548929169.434615,768
1548929169.447996,770
1548929169.461349,767
1548929169.474664,768
1548929169.487952,765
1548929169.501394,770
1548929169.514728,766
1548929169.528116,767
1548929169.541402,769
1548929169.554712,768
1548929169.568160,771
1548929169.581526,770
1548929169.594964,770
1548929169.609062,769
1548929169.621102,769
1548929169.632837,766
1548929169.644402,769
1548929169.655869,766
1548929169.667403,769
1548929169.678976,768
1548929169.690556,768
1548929169.702284,769
1548929169.714114,770
1548929169.725784,769
1548929169.737516,770
1548929169.749273,770
1548929169.761021,769
1548929169.773367,771
1548929169.786525,768
1548929169.799909,767
1548929169.813167,772
1548929169.826442,771
1548929169.839820,773
1548929169.853179,772
1548929169.866495,772
1548929169.879820,770
1548929169.893083,772
1548929169.906620,769
1548929169.919957,772
1548929169.933501,774
1548929169.946843,771
1548929169.960162,773
1548929169.973430,770
1548929169.986714,774
1548929169.999997,774
1548929170.013276,774
1548929170.026941,775
1548929170.040347,775
1548929170.053641,776
1548929170.067114,774
1548929170.080482,774
1548929170.094021,774
1548929170.107795,773
1548929170.121638,773
1548929170.135008,773
1548929170.148318,773
1548929170.161597,772
1548929170.174885,772
1548929170.188141,772
1548929170.201407,769
1548929170.214773,770
1548929170.228211,771
1548929170.241506,773
1548929170.254802,774
1548929170.268107,772
1548929170.281403,773
1548929170.294710,774
1548929170.308228,774
1548929170.321494,773
1548929170.334989,773
1548929170.348349,772
1548929170.361603,771
1548929170.374910,775
1548929170.388204,772
1548929170.401704,774
1548929170.415100,774
1548929170.428402,774
1548929170.441650,770
1548929170.454989,772
1548929170.468340,774
1548929170.481615,772
1548929170.494930,772
1548929170.508225,771
1548929170.521496,772
1548929170.535014,775
1548929170.548420,774
1548929170.562012,773
1548929170.575467,772
1548929170.588831,775
1548929170.602397,774
1548929170.615771,774
1548929170.629240,773
1548929170.642586,775
1548929170.655947,774
1548929170.669482,775
1548929170.682903,774
1548929170.696431,776
1548929170.709982,777
1548929170.723309,775
1548929170.736749,776
1548929170.750088,773
1548929170.763703,774
1548929170.777058,772
1548929170.790406,776
1548929170.803731,776
1548929170.817014,776
1548929170.830380,776
1548929170.843747,774
1548929170.857038,778
1548929170.870375,775
1548929170.883671,775
1548929170.897007,777
1548929170.910346,777
1548929170.923743,778
1548929170.937127,779
1548929170.950447,779
1548929170.963775,779
1548929170.977072,780
1548929170.990400,780
1548929171.003701,781
1548929171.016981,778
1548929171.030287,781
1548929171.043577,779
1548929171.056832,778
1548929171.070131,779
1548929171.083434,780
1548929171.096728,779
1548929171.110013,777
1548929171.123340,778
1548929171.136660,781
1548929171.149974,780
1548929171.163398,779
1548929171.176202,779
1548929171.189631,780
1548929171.203182,777
1548929171.216681,780
1548929171.230110,780
1548929171.243668,779
1548929171.257093,777
1548929171.270701,780
1548929171.284173,778
1548929171.297626,777
1548929171.311108,777
1548929171.324707,777
1548929171.338240,781
1548929171.351655,780
1548929171.365055,777
1548929171.378433,778
1548929171.391877,779
1548929171.405401,782
1548929171.419167,779
1548929171.432788,778
1548929171.446313,780
1548929171.459760,779
1548929171.473143,781
1548929171.486503,781
1548929171.499855,780
1548929171.513161,779
1548929171.526506,780
1548929171.539899,778
1548929171.553265,781
1548929171.566674,779
1548929171.580021,780
1548929171.593750,781
1548929171.607182,780
1548929171.620712,782
1548929171.634049,781
1548929171.647372,781
1548929171.660737,781
1548929171.674057,781
1548929171.687341,781
1548929171.700638,783
1548929171.714204,778
1548929171.727495,779
1548929171.740810,781
1548929171.754154,781
1548929171.767536,781
1548929171.780854,781
1548929171.794239,779
1548929171.807595,780
1548929171.820830,781
1548929171.834140,782
1548929171.847651,781
1548929171.861096,781
1548929171.874490,784
1548929171.887835,784
1548929171.901397,784
1548929171.914781,781
1548929171.928131,782
1548929171.941422,783
1548929171.954818,783
1548929171.968268,782
1548929171.981576,782
1548929171.994950,783
1548929172.008290,779
1548929172.021828,785
1548929172.035190,785
1548929172.048515,785
1548929172.061430,784
1548929172.074973,783
1548929172.088448,783
1548929172.101849,781
1548929172.115299,783
1548929172.128696,784
1548929172.142040,782
1548929172.155375,784
1548929172.168750,781
1548929172.182161,785
1548929172.195508,785
1548929172.208882,784
1548929172.222206,784
1548929172.235550,782
1548929172.248859,786
1548929172.262421,783
1548929172.275901,785
1548929172.289325,784
1548929172.302713,785
1548929172.316085,786
1548929172.329406,784
1548929172.342789,785
1548929172.356216,785
1548929172.369584,786
1548929172.383040,784
1548929172.396542,781
1548929172.410008,785
1548929172.423554,784
1548929172.436940,785
1548929172.450352,785
1548929172.463855,783
1548929172.477270,785
1548929172.490742,787
1548929172.504208,783
1548929172.517654,787
1548929172.531132,785
1548929172.544490,784
1548929172.558022,785
1548929172.571445,787
1548929172.584802,784
1548929172.598234,786
1548929172.611609,786
1548929172.625001,784
1548929172.638370,788
1548929172.651736,788
1548929172.665073,785
1548929172.678394,785
1548929172.691733,784
1548929172.705031,786
1548929172.718574,789
1548929172.731889,789
1548929172.745185,786
1548929172.758767,786
1548929172.772381,785
1548929172.785897,787
1548929172.799300,786
1548929172.812641,788
1548929172.825945,789
1548929172.839264,787
1548929172.852615,791
1548929172.866052,790
1548929172.879381,790
1548929172.892741,790
1548929172.906175,787
1548929172.919643,788
1548929172.933066,786
1548929172.946401,790
1548929172.959820,788
1548929172.973383,788
1548929172.986833,789
1548929173.000428,786
1548929173.013955,791
1548929173.027417,791
1548929173.040887,790
1548929173.054241,791
1548929173.067631,788
1548929173.080974,792
1548929173.094398,789
1548929173.107734,791
1548929173.121122,790
1548929173.134483,790
1548929173.147808,790
1548929173.161169,790
1548929173.174559,792
1548929173.187864,791
1548929173.201195,790
1548929173.214538,791
1548929173.227844,789
1548929173.241255,790
1548929173.254566,788
1548929173.267953,789
1548929173.281227,790
1548929173.294630,790
1548929173.307982,790
1548929173.322195,792
1548929173.336006,789
1548929173.347811,792
1548929173.359542,792
1548929173.371198,789
1548929173.382878,792
1548929173.394546,789
1548929173.406258,791
1548929173.417884,791
1548929173.429671,791
1548929173.441457,791
1548929173.453220,790
1548929173.465067,792
1548929173.476895,790
1548929173.489551,789
1548929173.502387,792
1548929173.514002,793
1548929173.525535,791
1548929173.537009,792
1548929173.548510,791
1548929173.559973,792
1548929173.571462,792
1548929173.583036,793
1548929173.594770,792
1548929173.606399,791
1548929173.618115,792
1548929173.629873,794
1548929173.641587,793
1548929173.653423,791
1548929173.665239,792
1548929173.677023,793
1548929173.690748,794
1548929173.703491,794
1548929173.716475,794
1548929173.728865,793
1548929173.741785,793
1548929173.755459,792
1548929173.769119,790
1548929173.782689,794
1548929173.796286,793
1548929173.809966,790
1548929173.823493,793
1548929173.837024,792
1548929173.850388,794
1548929173.863809,795
1548929173.877141,793
1548929173.890506,795
1548929173.903739,792
1548929173.917021,796
1548929173.930341,793
1548929173.943635,794
1548929173.956905,793
1548929173.970247,794
1548929173.983548,795
1548929173.996897,797
1548929174.010235,798
1548929174.023594,797
1548929174.036875,793
1548929174.050186,796
1548929174.063476,797
1548929174.076789,796
1548929174.090125,793
1548929174.103438,795
1548929174.116746,793
1548929174.130031,796
1548929174.143302,795
1548929174.156599,795
1548929174.169893,794
1548929174.183178,793
1548929174.196443,796
1548929174.209719,796
1548929174.223043,796
1548929174.236291,795
1548929174.249612,796
1548929174.262975,797
1548929174.276274,797
1548929174.289861,798
1548929174.303189,798
1548929174.316524,795
1548929174.329840,796
1548929174.343127,797
1548929174.356458,797
1548929174.369739,794
1548929174.383066,797
1548929174.396337,794
1548929174.409578,799
1548929174.422853,799
1548929174.436125,797
1548929174.449375,796
1548929174.462659,794
1548929174.475934,798
1548929174.489186,797
1548929174.502455,800
1548929174.515726,798
1548929174.528948,799
1548929174.542235,797
1548929174.555498,799
1548929174.568800,799
1548929174.582097,797
1548929174.595385,797
1548929174.608634,795
1548929174.621876,799
1548929174.635111,799
1548929174.648375,797
1548929174.661660,797
1548929174.675011,797
1548929174.688282,798
1548929174.701536,798
1548929174.714790,798
1548929174.728238,797
1548929174.741600,799
1548929174.755119,800
1548929174.768621,797
1548929174.781976,800
1548929174.795288,798
1548929174.808536,799
1548929174.821854,799
1548929174.835254,797
1548929174.848518,798
1548929174.861803,798
1548929174.875116,799
1548929174.888408,799
1548929174.901703,799
1548929174.914967,801
1548929174.928262,800
1548929174.941485,798
1548929174.954721,802
1548929174.967970,801
1548929174.981196,798
1548929174.994450,802
1548929175.007737,799
1548929175.021128,803
1548929175.034395,799
1548929175.047682,801
1548929175.060946,802
1548929175.074226,801
1548929175.087559,803
1548929175.100836,802
1548929175.114110,802
1548929175.127393,801
1548929175.140618,803
1548929175.153886,803
1548929175.167178,802
1548929175.180424,802
1548929175.193697,800
1548929175.207249,800
1548929175.221358,799
1548929175.235730,804
1548929175.249713,804
1548929175.263241,801
1548929175.276662,804
1548929175.290031,801
1548929175.303315,803
1548929175.316664,798
1548929175.329991,801
1548929175.343467,802
1548929175.356781,801
1548929175.370137,802
1548929175.383456,803
1548929175.396755,803
1548929175.410064,804
1548929175.423368,804
1548929175.436650,804
1548929175.449977,803
1548929175.463337,802
1548929175.476683,802
1548929175.490011,801
1548929175.503290,801
1548929175.516595,806
1548929175.529877,806
1548929175.543283,805
1548929175.556586,804
1548929175.569873,804
1548929175.583168,807
1548929175.596474,804
1548929175.609809,805
1548929175.623092,805
1548929175.636421,807
1548929175.649672,807
1548929175.662991,807
1548929175.676282,808
1548929175.689534,805
1548929175.702400,803
1548929175.715747,803
1548929175.728990,805
1548929175.742293,807
1548929175.755613,804
1548929175.768927,805
1548929175.782350,806
1548929175.795661,807
1548929175.808933,807
1548929175.822455,806
1548929175.835794,804
1548929175.849331,808
1548929175.862664,804
1548929175.875979,807
1548929175.889265,806
1548929175.902625,806
1548929175.915969,806
1548929175.929244,809
1548929175.942529,808
1548929175.955822,809
1548929175.969110,807
1548929175.982423,807
1548929175.995692,810
1548929176.008966,808
1548929176.022323,807
1548929176.035619,805
1548929176.048916,808
1548929176.062245,806
1548929176.075948,805
1548929176.089483,806
1548929176.103057,808
1548929176.116447,807
1548929176.129760,807
1548929176.143131,805
1548929176.156456,807
1548929176.169789,809
1548929176.183102,806
1548929176.196484,805
1548929176.209807,806
1548929176.223238,805
1548929176.236629,806
1548929176.249826,806
1548929176.263334,807
1548929176.276576,805
1548929176.289791,804
1548929176.303081,807
1548929176.316407,807
1548929176.329661,807
1548929176.342887,804
1548929176.356211,808
1548929176.369596,805
1548929176.382907,807
1548929176.396198,808
1548929176.409492,806
1548929176.422909,807
1548929176.436822,806
1548929176.450961,809
1548929176.464470,806
1548929176.477922,809
1548929176.491342,808
1548929176.504694,810
1548929176.518083,809
1548929176.531397,809
1548929176.544715,810
1548929176.558086,810
1548929176.571385,809
1548929176.584875,807
1548929176.598168,810
1548929176.611469,811
1548929176.624752,811
1548929176.638015,809
1548929176.651336,813
1548929176.664621,811
1548929176.677889,808
1548929176.691194,810
1548929176.704480,809
1548929176.717797,812
1548929176.731073,809
1548929176.744310,810
1548929176.757524,810
1548929176.770734,811
1548929176.784015,812
1548929176.797327,810
1548929176.810671,811
1548929176.824009,810
1548929176.837290,810
1548929176.850614,810
1548929176.863939,811
1548929176.877324,813
1548929176.890630,810
1548929176.903953,811
1548929176.917204,813
1548929176.930541,813
1548929176.943844,813
1548929176.957130,815
1548929176.970407,811
1548929176.983703,813
1548929176.996970,810
1548929177.010353,813
1548929177.023946,813
1548929177.037248,813
1548929177.050883,812
1548929177.064439,815
1548929177.078000,812
1548929177.091346,815
1548929177.104628,813
1548929177.117958,812
1548929177.131293,812
1548929177.144620,813
1548929177.157938,813
1548929177.171219,810
1548929177.184571,811
1548929177.197890,811
1548929177.211174,813
1548929177.224507,809
1548929177.237876,812
1548929177.251230,812
1548929177.264552,813
1548929177.277864,814
1548929177.291354,811
1548929177.304711,815
1548929177.318199,812
1548929177.331586,815
1548929177.344998,812
1548929177.358325,814
1548929177.371675,814
1548929177.384966,812
1548929177.398361,814
1548929177.411688,812
1548929177.424972,814
1548929177.438256,812
1548929177.451694,813
1548929177.465266,813
1548929177.478916,813
1548929177.492647,811
1548929177.506016,814
1548929177.519524,814
1548929177.532863,812
1548929177.546176,814
1548929177.559533,811
1548929177.572865,814
1548929177.586305,813
1548929177.599740,814
1548929177.613024,813
1548929177.626339,814
1548929177.639656,815
1548929177.652929,815
1548929177.666223,817
1548929177.679531,817
1548929177.692836,817
1548929177.706086,815
1548929177.719441,817
1548929177.732733,819
1548929177.746035,815
1548929177.759290,817
1548929177.772515,819
1548929177.785664,816
1548929177.798952,819
1548929177.812184,819
1548929177.825468,817
1548929177.838801,819
1548929177.852197,818
1548929177.865550,820
1548929177.878852,821
1548929177.892157,820
1548929177.905569,820
1548929177.918904,822
1548929177.932256,820
1548929177.945546,819
1548929177.958867,820
1548929177.972191,821
1548929177.985458,819
1548929177.998766,818
1548929178.012105,816
1548929178.025371,820
1548929178.038828,820
1548929178.052378,818
1548929178.065626,819
1548929178.079182,820
1548929178.092534,821
1548929178.105844,821
1548929178.119123,819
1548929178.132398,819
1548929178.145622,821
1548929178.158961,817
1548929178.172233,818
1548929178.185491,818
1548929178.198755,818
1548929178.212062,820
1548929178.225470,821
1548929178.238772,820
1548929178.252015,819
1548929178.265237,818
1548929178.278461,816
1548929178.291756,819
1548929178.304996,818
1548929178.318320,816
1548929178.331622,821
1548929178.344950,819
1548929178.358288,816
1548929178.371578,821
1548929178.384869,820
1548929178.398119,820
1548929178.411612,821
1548929178.425714,818
1548929178.439286,820
1548929178.452791,822
1548929178.466137,821
1548929178.479466,820
1548929178.492798,821
1548929178.506123,820
1548929178.519440,821
1548929178.532738,822
1548929178.546047,822
1548929178.559352,820
1548929178.572659,820
1548929178.585958,819
1548929178.599285,823
1548929178.612651,822
1548929178.625917,821
1548929178.639256,819
1548929178.652645,823
1548929178.665947,822
1548929178.679214,822
1548929178.692528,822
1548929178.705826,818
1548929178.719149,823
1548929178.732447,819
1548929178.745873,821
1548929178.759193,820
1548929178.772504,822
1548929178.785836,823
1548929178.799173,823
1548929178.812486,824
1548929178.825726,825
1548929178.839049,823
1548929178.852396,821
1548929178.865807,824
1548929178.879150,824
1548929178.892639,821
1548929178.905964,825
1548929178.919340,823
1548929178.932705,820
1548929178.945991,824
1548929178.959571,824
1548929178.972926,823
1548929178.986435,825
1548929178.999977,821
1548929179.013269,824
1548929179.026627,826
1548929179.039930,824
1548929179.053199,825
1548929179.066531,823
1548929179.080027,823
1548929179.093349,823
1548929179.106746,825
1548929179.120136,827
1548929179.133427,823
1548929179.146764,824
1548929179.160082,823
1548929179.173377,825
1548929179.186700,826
1548929179.200031,825
1548929179.213296,822
1548929179.226643,824
1548929179.239951,826
1548929179.253247,824
1548929179.266567,824
1548929179.279865,824
1548929179.293161,825
1548929179.306475,826
1548929179.319827,823
1548929179.333108,823
1548929179.346757,825
1548929179.360528,826
1548929179.374361,827
1548929179.388184,827
1548929179.401568,825
1548929179.414954,824
1548929179.428288,822
1548929179.441806,826
1548929179.455106,825
1548929179.468432,822
1548929179.481800,827
1548929179.495142,824
1548929179.508544,823
1548929179.521871,826
1548929179.535187,828
1548929179.548462,827
1548929179.561735,826
1548929179.575029,826
1548929179.588382,824
1548929179.601647,828
1548929179.614987,824
1548929179.628360,828
1548929179.641637,827
1548929179.654972,827
1548929179.668289,826
1548929179.681648,826
1548929179.695012,827
1548929179.708332,827
1548929179.721598,827
1548929179.734993,827
1548929179.748602,827
1548929179.761916,825
1548929179.775213,824
1548929179.788516,826
1548929179.801847,827
1548929179.815160,825
1548929179.828435,828
1548929179.841707,828
1548929179.855048,828
1548929179.868350,827
1548929179.881622,829
1548929179.894973,830
1548929179.908299,829
1548929179.921563,829
1548929179.934876,830
1548929179.948517,829
1548929179.961926,828
1548929179.975465,829
1548929179.989289,829
1548929180.002822,830
1548929180.016511,828
1548929180.029898,827
1548929180.043317,831
1548929180.056626,829
1548929180.069873,827
1548929180.083197,829
1548929180.096572,831
1548929180.109873,831
1548929180.123218,829
1548929180.136730,830
1548929180.150065,828
1548929180.163384,831
1548929180.176685,826
1548929180.190000,828
1548929180.203315,829
1548929180.216596,830
1548929180.229895,831
1548929180.243237,831
1548929180.256487,832
1548929180.269823,830
1548929180.283169,831
1548929180.296498,830
1548929180.309793,832
1548929180.323156,833
1548929180.336469,830
1548929180.349811,832
1548929180.363151,832
1548929180.376445,831
1548929180.389844,831
1548929180.403661,833
1548929180.417345,834
1548929180.431461,832
1548929180.444923,831
1548929180.458394,831
1548929180.471819,832
1548929180.485108,830
1548929180.498446,833
1548929180.511754,831
1548929180.525071,833
1548929180.538454,834
1548929180.551757,831
1548929180.565047,832
1548929180.578347,832
1548929180.591742,831
1548929180.605007,830
1548929180.618294,832
1548929180.631563,829
1548929180.644832,831
1548929180.658270,833
1548929180.671553,834
1548929180.684891,832
1548929180.698186,832
1548929180.711506,831
1548929180.724778,833
1548929180.738075,831
1548929180.751388,835
1548929180.764774,834
1548929180.778059,833
1548929180.791402,834
1548929180.804733,835
1548929180.818038,833
1548929180.831336,833
1548929180.844648,833
1548929180.857926,834
1548929180.871226,835
1548929180.884564,835
1548929180.898005,835
1548929180.911332,836
1548929180.924672,836
1548929180.937994,833
1548929180.951294,834
1548929180.964648,834
1548929180.978081,831
1548929180.991433,835
1548929181.005003,833
1548929181.018396,832
1548929181.031733,834
1548929181.045046,835
1548929181.058346,835
1548929181.071672,835
1548929181.084946,835
1548929181.098257,837
1548929181.111575,836
1548929181.124866,836
1548929181.138158,835
1548929181.151435,836
1548929181.164817,836
1548929181.178125,836
1548929181.191439,835
1548929181.204748,836
1548929181.218017,836
1548929181.231308,836
1548929181.244718,832
1548929181.258537,836
1548929181.271920,838
1548929181.285391,835
1548929181.298816,839
1548929181.312215,837
1548929181.325522,837
1548929181.338873,834
1548929181.352395,834
1548929181.365742,835
1548929181.379084,835
1548929181.392392,837
1548929181.405696,838
1548929181.419001,839
1548929181.432302,838
1548929181.445560,838
1548929181.458887,836
1548929181.472203,835
1548929181.485582,833
1548929181.498888,837
1548929181.512176,837
1548929181.525476,834
1548929181.538805,834
1548929181.552110,837
1548929181.565365,837
1548929181.578662,836
1548929181.591976,838
1548929181.605249,836
1548929181.618577,839
1548929181.631885,837
1548929181.645179,836
1548929181.658475,836
1548929181.671821,838
1548929181.685119,838
1548929181.698423,839
1548929181.711723,839
1548929181.725066,838
1548929181.738548,838
1548929181.752203,839
1548929181.765966,835
1548929181.779475,838
1548929181.792838,839
1548929181.806234,838
1548929181.819592,836
1548929181.832879,840
1548929181.846249,838
1548929181.859596,839
1548929181.872837,840
1548929181.886125,839
1548929181.899414,839
1548929181.912658,842
1548929181.926021,837
1548929181.939354,840
1548929181.952664,841
1548929181.965973,841
1548929181.979275,839
1548929181.992837,841
1548929182.006142,840
1548929182.019483,838
1548929182.032790,839
1548929182.046094,840
1548929182.059552,839
1548929182.072922,841
1548929182.086245,840
1548929182.099574,841
1548929182.112854,840
1548929182.126141,842
1548929182.139431,838
1548929182.152730,842
1548929182.166025,842
1548929182.179313,837
1548929182.192711,838
1548929182.206005,841
1548929182.219332,838
1548929182.232630,840
1548929182.245946,841
1548929182.259434,842
1548929182.272734,840
1548929182.286008,841
1548929182.299315,841
1548929182.312596,841
1548929182.325875,842
1548929182.339434,842
1548929182.352792,840
1548929182.366137,842
1548929182.379438,843
1548929182.392765,840
1548929182.406072,839
1548929182.419397,843
1548929182.432706,841
1548929182.446018,841
1548929182.459331,843
1548929182.472625,841
1548929182.485928,840
1548929182.499226,843
1548929182.512623,840
1548929182.525923,841
1548929182.539240,841
1548929182.552549,842
1548929182.565886,843
1548929182.579189,844
1548929182.592458,843
1548929182.605726,842
1548929182.619002,843
1548929182.632310,843
1548929182.645573,841
1548929182.658894,841
1548929182.672193,844
1548929182.685458,843
1548929182.698763,842
1548929182.712094,841
1548929182.725381,843
1548929182.738698,845
1548929182.752016,844
1548929182.765280,848
1548929182.778502,843
1548929182.791782,847
1548929182.804977,846
1548929182.818242,844
1548929182.831473,844
1548929182.844789,846
1548929182.858105,848
1548929182.871448,849
1548929182.884746,848
1548929182.898079,849
1548929182.911414,850
1548929182.924695,850
1548929182.938208,847
1548929182.951580,846
1548929182.964877,849
1548929182.978165,851
1548929182.991505,849
1548929183.004832,846
1548929183.018175,849
1548929183.031475,851
1548929183.044749,847
1548929183.058072,846
1548929183.071348,849
1548929183.084704,848
1548929183.097941,847
1548929183.111241,846
1548929183.124592,847
1548929183.137863,845
1548929183.151175,847
1548929183.164476,846
1548929183.177793,847
1548929183.191149,847
1548929183.204465,846
1548929183.217772,846
1548929183.231065,848
1548929183.244380,847
1548929183.257634,847
1548929183.270961,846
1548929183.284258,843
1548929183.297514,845
1548929183.310833,846
1548929183.324170,842
1548929183.337458,847
1548929183.350768,847
1548929183.364121,847
1548929183.377424,846
1548929183.390732,847
1548929183.404045,848
1548929183.417344,845
1548929183.430661,847
1548929183.443960,848
1548929183.457237,847
1548929183.470561,847
1548929183.483870,847
1548929183.497139,848
1548929183.510444,846
1548929183.523790,846
1548929183.537240,844
1548929183.550576,848
1548929183.563914,846
1548929183.577358,846
1548929183.590702,848
1548929183.604052,848
1548929183.617358,847
1548929183.630670,849
1548929183.643984,847
1548929183.657254,849
1548929183.670596,846
1548929183.683931,848
1548929183.697253,849
1548929183.710563,849
1548929183.723913,849
1548929183.737181,849
1548929183.750485,850
1548929183.763142,850
1548929183.776366,850
1548929183.789624,850
1548929183.802988,849
1548929183.816293,847
1548929183.829568,852
1548929183.842885,852
1548929183.856222,848
1548929183.869506,853
1548929183.882831,850
1548929183.896132,852
1548929183.909411,851
1548929183.922749,854
1548929183.936063,852
1548929183.949328,854
1548929183.962635,851
1548929183.976067,855
1548929183.989339,852
1548929184.002630,853
1548929184.015961,851
1548929184.029239,854
1548929184.042530,854
1548929184.055869,852
1548929184.069181,853
1548929184.082499,850
1548929184.095867,852
1548929184.109152,853
1548929184.122496,851
1548929184.135970,849
1548929184.149300,853
1548929184.162638,853
1548929184.175976,851
1548929184.189245,850
1548929184.202565,851
1548929184.215890,852
1548929184.229208,851
1548929184.242565,854
1548929184.255899,853
1548929184.269352,854
1548929184.282677,852
1548929184.296012,852
1548929184.309313,853
1548929184.322763,852
1548929184.336132,854
1548929184.349461,854
1548929184.362798,854
1548929184.376091,853
1548929184.389395,853
1548929184.402676,851
1548929184.415963,853
1548929184.429249,853
1548929184.442551,852
1548929184.455940,854
1548929184.469234,851
1548929184.482619,851
1548929184.495954,854
1548929184.509240,851
1548929184.522587,856
1548929184.535877,854
1548929184.549163,853
1548929184.562466,850
1548929184.575782,853
1548929184.589068,854
1548929184.602353,854
1548929184.615665,856
1548929184.628937,854
1548929184.642266,856
1548929184.655586,853
1548929184.668880,854
1548929184.682185,853
1548929184.695484,855
1548929184.708785,854
1548929184.722101,853
1548929184.735597,855
1548929184.748957,853
1548929184.762326,854
1548929184.775659,853
1548929184.788974,850
1548929184.802305,855
1548929184.815620,856
1548929184.828893,856
1548929184.842287,856
1548929184.855597,857
1548929184.868840,854
1548929184.882126,855
1548929184.895470,855
1548929184.908775,856
1548929184.922110,856
1548929184.935403,858
1548929184.948727,857
1548929184.962010,857
1548929184.975298,856
1548929184.988596,856
1548929185.001938,856
1548929185.015253,855
1548929185.028567,855
1548929185.041874,859
1548929185.055211,857
1548929185.068503,857
1548929185.081799,857
1548929185.095070,858
1548929185.108361,859
1548929185.121602,858
1548929185.134948,860
1548929185.148257,858
1548929185.161556,857
1548929185.174870,857
1548929185.188169,857
1548929185.201448,859
1548929185.214740,857
1548929185.228062,860
1548929185.241334,860
1548929185.254627,859
1548929185.267958,860
1548929185.281267,861
1548929185.294588,859
1548929185.307888,860
1548929185.321195,860
1548929185.334493,861
1548929185.347898,858
1548929185.361233,858
1548929185.374545,860
1548929185.387875,860
1548929185.401306,859
1548929185.414662,861
1548929185.427966,859
1548929185.441258,862
1548929185.454560,860
1548929185.467924,858
1548929185.481227,862
1548929185.494609,861
1548929185.507937,862
1548929185.521214,859
1548929185.534530,861
1548929185.547842,861
1548929185.561138,861
1548929185.574444,859
1548929185.587737,858
1548929185.600995,855
1548929185.614285,857
1548929185.627587,858
1548929185.640870,860
1548929185.654254,858
1548929185.667586,857
1548929185.680841,861
1548929185.694221,858
1548929185.707548,860
1548929185.720875,858
1548929185.734192,859
1548929185.747500,858
1548929185.760797,861
1548929185.773506,859
1548929185.786778,857
1548929185.800124,860
1548929185.813416,860
1548929185.826720,859
1548929185.840031,860
1548929185.853295,862
1548929185.866612,862
1548929185.879929,863
1548929185.893225,861
1548929185.906557,862
1548929185.919864,862
1548929185.933163,863
1548929185.946607,861
1548929185.960007,859
1548929185.973330,861
1548929185.986706,863
1548929186.000000,859
1548929186.013320,862
1548929186.026794,861
1548929186.040126,864
1548929186.053442,862
1548929186.066760,861
1548929186.080083,862
1548929186.093364,864
1548929186.106688,862
1548929186.120011,863
1548929186.133278,865
1548929186.146574,865
1548929186.159937,864
1548929186.173201,864
1548929186.186533,863
1548929186.199867,860
1548929186.213152,863
1548929186.226460,862
1548929186.239732,864
1548929186.252981,863
1548929186.266285,862
1548929186.280011,864
1548929186.293200,863
1548929186.306515,865
1548929186.319990,864
1548929186.333287,866
1548929186.346635,863
1548929186.360243,865
1548929186.373895,862
1548929186.387488,862
1548929186.400834,863
1548929186.414167,863
1548929186.427488,863
1548929186.440789,865
1548929186.454107,864
1548929186.467461,865
1548929186.480768,866
1548929186.494095,866
1548929186.507477,864
1548929186.520812,865
1548929186.534133,865
1548929186.547452,867
1548929186.560781,863
1548929186.574093,866
1548929186.587405,867
1548929186.600950,862
1548929186.614264,867
1548929186.627516,866
1548929186.640796,866
1548929186.654122,866
1548929186.667477,869
1548929186.680765,868
1548929186.694077,869
1548929186.707412,867
1548929186.720693,865
1548929186.734000,869
1548929186.747252,868
1548929186.760558,869
1548929186.773863,868
1548929186.787163,866
1548929186.800552,865
1548929186.814050,867
1548929186.827538,865
1548929186.841859,866
1548929186.856149,868
1548929186.869569,865
1548929186.882978,865
1548929186.896385,868
1548929186.909723,867
1548929186.923148,870
1548929186.936472,867
1548929186.949786,867
1548929186.963132,869
1548929186.976445,865
1548929186.989737,865
1548929187.003079,867
1548929187.016415,867
1548929187.029699,869
1548929187.042998,869
1548929187.056314,871
1548929187.069593,869
1548929187.082940,870
1548929187.096232,870
1548929187.109506,870
1548929187.123034,872
1548929187.136341,871
1548929187.149604,869
1548929187.162911,867
1548929187.176327,868
1548929187.189586,870
1548929187.202892,867
1548929187.216159,868
1548929187.229418,868
1548929187.242744,868
1548929187.256034,866
1548929187.269337,869
1548929187.282890,869
1548929187.296230,868
1548929187.309601,871
1548929187.322953,867
1548929187.336279,870
1548929187.349572,871
1548929187.362883,870
1548929187.376266,871
1548929187.389536,870
1548929187.402863,868
1548929187.416280,868
1548929187.429805,869
1548929187.443150,871
1548929187.456841,870
1548929187.470423,869
1548929187.483984,873
1548929187.497367,869
1548929187.510730,872
1548929187.524023,869
1548929187.537309,874
1548929187.550608,871
1548929187.563918,873
1548929187.577269,872
1548929187.590637,868
1548929187.603962,872
1548929187.617269,871
1548929187.630695,872
1548929187.644056,873
1548929187.657342,871
1548929187.670649,871
1548929187.683964,870
1548929187.697255,870
1548929187.710574,872
1548929187.723893,871
1548929187.737151,872
1548929187.750468,872
1548929187.763756,876
1548929187.777021,878
1548929187.790326,879
1548929187.803582,886
1548929187.816949,890
1548929187.830405,893
1548929187.844472,897
1548929187.857910,903
1548929187.871828,903
1548929187.885116,907
1548929187.898586,910
1548929187.912000,910
1548929187.925323,913
1548929187.938641,917
1548929187.951938,922
1548929187.965202,926
1548929187.978506,930
1548929187.991830,933
1548929188.004776,938
1548929188.018226,939
1548929188.031528,940
1548929188.044848,943
1548929188.058194,944
1548929188.071530,945
1548929188.084847,941
1548929188.098163,944
1548929188.111495,941
1548929188.124820,943
1548929188.138245,945
1548929188.151558,944
1548929188.164848,941
1548929188.178159,943
1548929188.191446,944
1548929188.204767,943
1548929188.218069,944
1548929188.231368,943
1548929188.244664,945
1548929188.257974,945
1548929188.271419,944
1548929188.284797,942
1548929188.298100,940
1548929188.311425,938
1548929188.324777,940
1548929188.338203,940
1548929188.351537,943
1548929188.364851,943
1548929188.378185,940
1548929188.391529,944
1548929188.404853,943
1548929188.418242,942
1548929188.431606,941
1548929188.444998,942
1548929188.458411,943
1548929188.471739,943
1548929188.485024,942
1548929188.498366,942
1548929188.511710,941
1548929188.525005,944
1548929188.538308,944
1548929188.551615,943
1548929188.564867,943
1548929188.578270,943
1548929188.591611,946
1548929188.604925,945
1548929188.618269,946
1548929188.631553,946
1548929188.644839,945
1548929188.658297,941
1548929188.671618,946
1548929188.684917,944
1548929188.698203,943
1548929188.711526,944
1548929188.724821,944
1548929188.738118,943
1548929188.751399,944
1548929188.764657,943
1548929188.778238,945
1548929188.791011,943
1548929188.804442,943
1548929188.818208,946
1548929188.831590,946
1548929188.844950,948
1548929188.858307,948
1548929188.871595,947
1548929188.884843,948
1548929188.898141,948
1548929188.911483,946
1548929188.924784,949
1548929188.938095,947
1548929188.951440,948
1548929188.964771,947
1548929188.978075,945
1548929188.991414,949
1548929189.004723,946
1548929189.017998,948
1548929189.031319,948
1548929189.044626,948
1548929189.057951,947
1548929189.071269,947
1548929189.084797,946
1548929189.098142,948
1548929189.111517,947
1548929189.124870,948
1548929189.138213,948
1548929189.151523,947
1548929189.164983,947
1548929189.178295,946
1548929189.191621,948
1548929189.204852,948
1548929189.218166,946
1548929189.231510,946
1548929189.244805,948
1548929189.258116,948
1548929189.271426,946
1548929189.284742,945
1548929189.298040,948
1548929189.311340,948
1548929189.324655,946
1548929189.337960,947
1548929189.351305,947
1548929189.364686,948
1548929189.378145,949
1548929189.391754,947
1548929189.405472,948
1548929189.419072,948
1548929189.432489,948
1548929189.445807,948
1548929189.459143,950
1548929189.472475,950
1548929189.485756,951
1548929189.499091,950
1548929189.512445,951
1548929189.525716,950
1548929189.539024,949
1548929189.552321,949
1548929189.565857,951
1548929189.579156,950
1548929189.592446,951
1548929189.605717,948
1548929189.619073,951
1548929189.632376,948
1548929189.645654,951
1548929189.658962,951
1548929189.672387,952
1548929189.685717,950
1548929189.699028,951
1548929189.712377,952
1548929189.725821,950
1548929189.739499,953
1548929189.753658,952
1548929189.767656,952
1548929189.780997,952
1548929189.794496,952
1548929189.807874,951
1548929189.821200,952
1548929189.834519,949
1548929189.847851,950
1548929189.861163,948
1548929189.874633,952
1548929189.887990,953
1548929189.901271,951
1548929189.914589,953
1548929189.927918,953
1548929189.941204,954
1548929189.954546,952
1548929189.967837,953
1548929189.981144,954
1548929189.994452,953
1548929190.007780,954
1548929190.021088,954
1548929190.034392,952
1548929190.047721,954
1548929190.061010,953
1548929190.074338,954
1548929190.087624,953
1548929190.100924,955
1548929190.114236,954
1548929190.127623,954
1548929190.140890,952
1548929190.154185,952
1548929190.167470,952
1548929190.180780,955
1548929190.194230,955
1548929190.207538,951
1548929190.220869,954
1548929190.234251,954
1548929190.247603,955
1548929190.260851,954
1548929190.274201,954
1548929190.287494,955
1548929190.300744,954
1548929190.314059,956
1548929190.327428,955
1548929190.341000,955
1548929190.354355,955
1548929190.367704,956
1548929190.381086,956
1548929190.394397,956
1548929190.407679,956
1548929190.420948,955
1548929190.434264,956
1548929190.447591,953
1548929190.460867,956
1548929190.474200,953
1548929190.487568,955
1548929190.500854,955
1548929190.514178,951
1548929190.527457,954
1548929190.540763,953
1548929190.554055,955
1548929190.567358,955
1548929190.580654,955
1548929190.593980,956
1548929190.607278,955
1548929190.620546,955
1548929190.633861,956
1548929190.647149,954
1548929190.660451,956
1548929190.673718,957
1548929190.687017,956
1548929190.700419,956
1548929190.713714,957
1548929190.727040,956
1548929190.740353,955
1548929190.753623,953
1548929190.766980,955
1548929190.780280,954
1548929190.793529,957
1548929190.806856,956
1548929190.820191,956
1548929190.833467,954
1548929190.846896,957
1548929190.860229,957
1548929190.873501,957
1548929190.886829,957
1548929190.900181,959
1548929190.913484,954
1548929190.926798,957
1548929190.940354,957
1548929190.953658,956
1548929190.967002,959
1548929190.980314,959
1548929190.993583,959
1548929191.006904,959
1548929191.020219,960
1548929191.033482,958
1548929191.046790,957
1548929191.060099,957
1548929191.073405,956
1548929191.086729,955
1548929191.100036,959
1548929191.113309,960
1548929191.126625,960
1548929191.139921,957
1548929191.153218,958
1548929191.166550,957
1548929191.179866,959
1548929191.193151,960
1548929191.206482,958
1548929191.219886,958
1548929191.233174,959
1548929191.246481,960
1548929191.259732,960
1548929191.273076,960
1548929191.286393,959
1548929191.299712,960
1548929191.313000,961
1548929191.326282,960
1548929191.339474,960
1548929191.352723,961
1548929191.366016,961
1548929191.379280,960
1548929191.392551,961
1548929191.405926,961
1548929191.419266,962
1548929191.432518,961
1548929191.445812,961
1548929191.459088,961
1548929191.472368,960
1548929191.485632,962
1548929191.498920,961
1548929191.512195,962
1548929191.525463,961
1548929191.539001,961
1548929191.552338,962
1548929191.565628,961
1548929191.578886,962
1548929191.592168,960
1548929191.605415,963
1548929191.618702,963
1548929191.631982,963
1548929191.645243,962
1548929191.658540,963
1548929191.671864,963
1548929191.685170,963
1548929191.698491,963
1548929191.711883,961
1548929191.725357,962
1548929191.738775,961
1548929191.752110,962
1548929191.765413,960
1548929191.778736,964
1548929191.792104,964
1548929191.805462,964
1548929191.818803,963
1548929191.832113,962
1548929191.845414,964
1548929191.858746,964
1548929191.872076,963
1548929191.885382,963
1548929191.898688,964
1548929191.912069,965
1548929191.925388,966
1548929191.938722,965
1548929191.952011,966
1548929191.965329,964
1548929191.978666,964
1548929191.991971,966
1548929192.005258,965
1548929192.018638,966
1548929192.031954,963
1548929192.045257,965
1548929192.058580,965
1548929192.071915,963
1548929192.085396,964
1548929192.098704,965
1548929192.112052,964
1548929192.125359,965
1548929192.138824,963
1548929192.152230,965
1548929192.165544,963
1548929192.178884,962
1548929192.192203,965
1548929192.205503,964
1548929192.218810,964
1548929192.232154,966
1548929192.245473,966
1548929192.258794,965
1548929192.272175,966
1548929192.285461,968
1548929192.298765,967
1548929192.312071,966
1548929192.325384,967
1548929192.338750,966
1548929192.352182,967
1548929192.365540,966
1548929192.378910,967
1548929192.392255,966
1548929192.405539,967
1548929192.418888,966
1548929192.432221,968
1548929192.445513,969
1548929192.458928,969
1548929192.472339,968
1548929192.485640,968
1548929192.499105,966
1548929192.512482,969
1548929192.525816,970
1548929192.539119,969
1548929192.552471,967
1548929192.565812,968
1548929192.579194,967
1548929192.592486,965
1548929192.605810,964
1548929192.619162,966
1548929192.632474,965
1548929192.645818,968
1548929192.659121,967
1548929192.672439,967
1548929192.685738,965
1548929192.699047,967
1548929192.712375,965
1548929192.725698,968
1548929192.739192,966
1548929192.752595,968
1548929192.765939,965
1548929192.779290,968
1548929192.792614,968
1548929192.805950,967
1548929192.819394,969
1548929192.832761,968
1548929192.846082,970
1548929192.859435,970
1548929192.872818,969
1548929192.886187,970
1548929192.899519,970
1548929192.912856,969
1548929192.926159,968
1548929192.939501,969
1548929192.952827,971
1548929192.966168,969
1548929192.979521,969
1548929192.992827,970
1548929193.006134,971
1548929193.019500,971
1548929193.032818,972
1548929193.046197,972
1548929193.059557,971
1548929193.072884,972
1548929193.086230,970
1548929193.099532,970
1548929193.112845,971
1548929193.126193,971
1548929193.139506,970
1548929193.152815,970
1548929193.166110,972
1548929193.179461,971
1548929193.192759,971
1548929193.206108,972
1548929193.219425,972
1548929193.232754,972
1548929193.246063,972
1548929193.259430,971
1548929193.272739,968
1548929193.286085,971
1548929193.299387,970
1548929193.312626,968
1548929193.325972,970
1548929193.339423,971
1548929193.352740,969
1548929193.366066,971
1548929193.379326,970
1548929193.392607,970
1548929193.405898,969
1548929193.419283,968
1548929193.432596,970
1548929193.445891,971
1548929193.459243,972
1548929193.472505,971
1548929193.485802,971
1548929193.499091,972
1548929193.512457,970
1548929193.525798,970
1548929193.539088,969
1548929193.552436,972
1548929193.565805,971
1548929193.579136,972
1548929193.592480,973
1548929193.605824,972
1548929193.619128,971
1548929193.632438,972
1548929193.645704,970
1548929193.659053,972
1548929193.672361,972
1548929193.685694,973
1548929193.699021,971
1548929193.712360,974
1548929193.725642,973
1548929193.738982,974
1548929193.752314,971
1548929193.765616,971
1548929193.779013,973
1548929193.792327,974
1548929193.805609,973
1548929193.818922,974
1548929193.832182,974
1548929193.844922,974
1548929193.857811,974
1548929193.871231,975
1548929193.884538,974
1548929193.897863,972
1548929193.911172,974
1548929193.924476,975
1548929193.937904,972
1548929193.951254,974
1548929193.964637,975
1548929193.977974,974
1548929193.991318,973
1548929194.004668,973
1548929194.018077,975
1548929194.031414,972
1548929194.044735,972
1548929194.058056,976
1548929194.071389,976
1548929194.084958,977
1548929194.098343,976
1548929194.111654,976
1548929194.124958,976
1548929194.138281,976
1548929194.151660,976
1548929194.164950,974
1548929194.178262,975
1548929194.191569,975
1548929194.204842,975
1548929194.218159,975
1548929194.231466,973
1548929194.244791,975
1548929194.258127,975
1548929194.271459,976
1548929194.284884,976
1548929194.298222,977
1548929194.311575,977
1548929194.323906,974
1548929194.336675,975
1548929194.349794,978
1548929194.363141,977
1548929194.376472,975
1548929194.389765,975
1548929194.403052,976
1548929194.416386,978
1548929194.429663,977
1548929194.442996,977
1548929194.456295,978
1548929194.469575,977
1548929194.482920,978
1548929194.496235,977
1548929194.509521,977
1548929194.522828,975
1548929194.536191,978
1548929194.549728,977
1548929194.563034,975
1548929194.576441,979
1548929194.589792,978
1548929194.603163,978
1548929194.616507,978
1548929194.629870,978
1548929194.643206,978
1548929194.656565,974
1548929194.669953,974
1548929194.683281,977
1548929194.696581,979
1548929194.709954,980
1548929194.723351,978
1548929194.736687,978
1548929194.750071,978
1548929194.763476,978
1548929194.776814,978
1548929194.790120,973
1548929194.803577,978
1548929194.817128,979
1548929194.830487,980
1548929194.843889,980
1548929194.857253,979
1548929194.870622,980
1548929194.883975,979
1548929194.897312,979
1548929194.910751,980
1548929194.924074,979
1548929194.937406,981
1548929194.950745,979
1548929194.964107,981
1548929194.977433,981
1548929194.990939,981
1548929195.004423,980
1548929195.017799,980
1548929195.031161,981
1548929195.045125,982
1548929195.058955,981
1548929195.072653,981
1548929195.085658,983
1548929195.098968,983
1548929195.112558,982
1548929195.126057,981
1548929195.139621,982
1548929195.153231,979
1548929195.166709,979
1548929195.180174,979
1548929195.193620,981
1548929195.207022,979
1548929195.220433,980
1548929195.233817,981
1548929195.247221,981
1548929195.260580,981
1548929195.273931,980
1548929195.287266,980
1548929195.300653,980
1548929195.314146,983
1548929195.327581,983
1548929195.340893,983
1548929195.354249,984
1548929195.367578,983
1548929195.380874,983
1548929195.394245,983
1548929195.407569,983
1548929195.420936,983
1548929195.434333,980
1548929195.447702,981
1548929195.460967,981
1548929195.474536,981
1548929195.488473,980
1548929195.502274,981
1548929195.515753,981
1548929195.529243,982
1548929195.542871,979
1548929195.556397,981
1548929195.569926,982
1548929195.583526,983
1548929195.597018,982
1548929195.610549,982
1548929195.623974,981
1548929195.637327,982
1548929195.650717,982
1548929195.664116,983
1548929195.677457,984
1548929195.690858,983
1548929195.704177,982
1548929195.717509,980
1548929195.730932,981
1548929195.744714,982
1548929195.758516,981
1548929195.772216,984
1548929195.785603,984
1548929195.799016,985
1548929195.812459,982
1548929195.826055,984
1548929195.839478,985
1548929195.852914,987
1548929195.866573,984
1548929195.880285,987
1548929195.893667,985
1548929195.907021,985
1548929195.920420,987
1548929195.933731,986
1548929195.947060,986
1548929195.960398,985
1548929195.973709,988
1548929195.987041,988
1548929196.000316,987
1548929196.014267,988
1548929196.027641,989
1548929196.040947,988
1548929196.054303,989
1548929196.067658,989
1548929196.080956,988
1548929196.094307,986
1548929196.107609,991
1548929196.120892,988
1548929196.134222,985
1548929196.147571,986
1548929196.160887,987
1548929196.174199,985
1548929196.187550,987
1548929196.200919,987
1548929196.214284,988
1548929196.228460,984
1548929196.241910,985
1548929196.255279,986
1548929196.268721,989
1548929196.282187,987
1548929196.295538,987
1548929196.308841,988
1548929196.322344,988
1548929196.336071,986
1548929196.349717,985
1548929196.363255,983
1548929196.376678,987
1548929196.389975,984
1548929196.403355,986
1548929196.416751,986
1548929196.430178,986
1548929196.443549,983
1548929196.456886,986
1548929196.470247,984
1548929196.483627,987
1548929196.496938,984
1548929196.510286,987
1548929196.523743,987
1548929196.537036,987
1548929196.550331,988
1548929196.563635,987
1548929196.576914,989
1548929196.590214,987
1548929196.603537,989
1548929196.616870,989
1548929196.630193,990
1548929196.643496,989
1548929196.656820,988
1548929196.670142,988
1548929196.683469,988
1548929196.696794,989
1548929196.710091,989
1548929196.723472,989
1548929196.736760,989
1548929196.750091,988
1548929196.763415,990
1548929196.776741,987
1548929196.790057,989
1548929196.803373,986
1548929196.816695,989
1548929196.830010,991
1548929196.843421,989
1548929196.856841,993
1548929196.870242,992
1548929196.883752,990
1548929196.897013,992
1548929196.910308,991
1548929196.923576,993
1548929196.936850,992
1548929196.950262,992
1548929196.963805,992
1548929196.977058,993
1548929196.990394,994
1548929197.003667,993
1548929197.017002,993
1548929197.030281,993
1548929197.043652,991
1548929197.056997,993
1548929197.070331,993
1548929197.083638,990
1548929197.096941,993
1548929197.110266,993
1548929197.123586,993
1548929197.136854,993
1548929197.150176,993
1548929197.163532,991
1548929197.176873,990
1548929197.190183,990
1548929197.203515,991
1548929197.216838,993
1548929197.230240,992
1548929197.243551,994
1548929197.256864,993
1548929197.270190,993
1548929197.283491,992
1548929197.296794,994
1548929197.310104,992
1548929197.323432,991
1548929197.336837,992
1548929197.350232,992
1548929197.363054,991
1548929197.375951,991
1548929197.389148,994
1548929197.402583,991
1548929197.415959,995
1548929197.429274,993
1548929197.442669,994
1548929197.456046,993
1548929197.469353,994
1548929197.482664,995
1548929197.496030,990
1548929197.509316,990
1548929197.522717,993
1548929197.536095,993
1548929197.549553,994
1548929197.563062,995
1548929197.576415,994
1548929197.589698,994
1548929197.603017,995
1548929197.616388,993
1548929197.629705,992
1548929197.643013,991
1548929197.656337,992
1548929197.669693,994
1548929197.683020,992
1548929197.696367,992
1548929197.709666,993
1548929197.723041,994
1548929197.736371,991
1548929197.749689,995
1548929197.763098,993
1548929197.776505,994
1548929197.789842,993
1548929197.803210,994
1548929197.816692,993
1548929197.830142,993
