1548929054.790512,0
1548929054.805532,2
1548929054.817932,40
1548929054.830350,39
1548929054.843200,40
1548929054.856493,40
1548929054.870218,40
1548929054.884271,31
1548929054.898182,39
1548929054.911435,40
1548929054.924947,39
1548929054.938296,40
1548929054.951842,40
1548929054.965454,40
1548929054.979088,40
1548929054.992630,40
1548929055.005946,39
1548929055.018325,39
1548929055.031518,39
1548929055.044698,39
1548929055.058579,40
1548929055.071204,40
1548929055.085170,39
1548929055.098706,40
1548929055.112748,39
1548929055.126005,39
1548929055.140405,40
1548929055.153135,39
1548929055.164680,39
1548929055.176801,40
1548929055.189294,39
1548929055.201848,39
1548929055.214595,32
1548929055.227034,29
1548929055.239402,30
1548929055.251642,29
1548929055.263821,29
1548929055.276206,29
1548929055.288618,29
1548929055.301221,39
1548929055.314532,39
1548929055.327748,39
1548929055.340809,39
1548929055.354000,40
1548929055.367202,39
1548929055.381048,31
1548929055.394968,39
1548929055.408477,39
1548929055.421795,31
1548929055.434954,28
1548929055.448288,28
1548929055.462203,30
1548929055.475930,40
1548929055.489490,19
1548929055.501981,25
1548929055.515293,35
1548929055.526903,36
1548929055.538812,37
1548929055.551615,30
1548929055.564713,34
1548929055.578209,34
1548929055.591673,36
1548929055.604528,38
1548929055.618065,35
1548929055.631472,38
1548929055.643312,37
1548929055.655929,39
1548929055.668930,38
1548929055.681349,40
1548929055.694668,30
1548929055.707946,27
1548929055.721111,28
1548929055.734648,29
1548929055.748017,34
1548929055.760628,38
1548929055.773307,27
1548929055.786564,30
1548929055.799670,36
1548929055.813336,39
1548929055.826933,38
1548929055.840661,21
1548929055.853990,30
1548929055.867777,35
1548929055.881057,33
1548929055.894325,34
1548929055.907634,38
1548929055.920918,39
1548929055.934275,25
1548929055.947612,39
1548929055.960933,38
1548929055.974243,39
1548929055.987984,25
1548929056.001351,31
1548929056.014821,30
1548929056.028137,33
1548929056.041507,34
1548929056.054838,36
1548929056.068418,39
1548929056.082143,38
1548929056.095622,37
1548929056.109197,39
1548929056.123091,32
1548929056.136215,24
1548929056.149843,36
1548929056.163144,35
1548929056.176754,40
1548929056.190132,17
1548929056.202828,16
1548929056.215154,39
1548929056.227819,35
1548929056.240773,5
1548929056.254805,39
1548929056.267284,39
1548929056.279345,39
1548929056.291813,39
1548929056.304101,39
1548929056.316458,40
1548929056.329202,24
1548929056.342734,23
1548929056.356418,28
1548929056.369490,31
1548929056.381984,32
1548929056.394441,33
1548929056.407145,34
1548929056.420568,31
1548929056.434684,36
1548929056.448167,37
1548929056.461697,38
1548929056.475380,15
1548929056.489083,23
1548929056.502373,22
1548929056.515844,28
1548929056.529182,32
1548929056.542554,37
1548929056.555961,37
1548929056.569276,29
1548929056.582514,30
1548929056.596208,39
1548929056.609656,15
1548929056.623178,38
1548929056.636761,21
1548929056.650523,31
1548929056.663987,33
1548929056.677302,31
1548929056.690662,34
1548929056.703968,34
1548929056.717294,36
1548929056.730544,35
1548929056.743877,36
1548929056.757230,37
1548929056.770583,37
1548929056.783904,37
1548929056.797342,38
1548929056.810558,30
1548929056.823996,35
1548929056.837302,36
1548929056.850621,38
1548929056.864178,37
1548929056.877167,37
1548929056.890853,38
1548929056.904513,39
1548929056.917967,39
1548929056.931737,38
1548929056.945419,18
1548929056.959032,30
1548929056.972391,31
1548929056.985766,32
1548929056.999280,34
1548929057.012561,35
1548929057.026119,35
1548929057.039528,36
1548929057.053393,34
1548929057.066871,37
1548929057.080219,37
1548929057.093696,38
1548929057.107063,37
1548929057.120695,16
1548929057.134354,26
1548929057.147873,27
1548929057.161767,26
1548929057.175334,28
1548929057.189075,29
1548929057.202561,27
1548929057.215963,29
1548929057.229311,29
1548929057.242695,30
1548929057.256057,30
1548929057.269320,37
1548929057.283264,36
1548929057.296565,37
1548929057.310065,37
1548929057.324437,38
1548929057.338135,38
1548929057.351735,30
1548929057.365620,3
1548929057.378658,5
1548929057.391953,30
1548929057.405300,31
1548929057.418726,26
1548929057.432537,32
1548929057.446016,30
1548929057.459436,31
1548929057.473108,33
1548929057.486488,33
1548929057.500305,34
1548929057.514259,35
1548929057.526848,35
1548929057.540376,36
1548929057.554235,36
1548929057.568125,37
1548929057.581446,37
1548929057.594113,34
1548929057.607327,36
1548929057.620684,36
1548929057.634237,35
1548929057.647495,37
1548929057.661202,29
1548929057.674579,38
1548929057.687823,16
1548929057.701083,24
1548929057.714320,39
1548929057.728018,30
1548929057.741196,39
1548929057.754318,38
1548929057.767341,34
1548929057.781058,31
1548929057.794508,30
1548929057.807881,32
1548929057.821170,37
1548929057.834583,32
1548929057.848281,36
1548929057.861654,26
1548929057.875048,31
1548929057.888683,31
1548929057.902951,33
1548929057.916509,31
1548929057.930137,35
1548929057.943609,36
1548929057.957161,36
1548929057.970665,37
1548929057.984483,36
1548929057.997916,38
1548929058.011141,38
1548929058.024192,39
1548929058.037511,35
1548929058.050932,33
1548929058.064637,34
1548929058.078147,34
1548929058.091452,35
1548929058.104904,37
1548929058.118809,36
1548929058.132876,34
1548929058.146387,31
1548929058.159694,37
1548929058.173150,28
1548929058.186680,26
1548929058.200478,27
1548929058.213845,30
1548929058.227875,30
1548929058.242261,31
1548929058.255703,31
1548929058.269085,32
1548929058.283403,38
1548929058.296753,37
1548929058.310178,25
1548929058.323479,39
1548929058.336752,11
1548929058.350213,15
1548929058.364180,30
1548929058.377888,32
1548929058.391261,36
1548929058.404216,35
1548929058.417900,36
1548929058.431481,37
1548929058.445078,37
1548929058.458538,38
1548929058.472216,38
1548929058.485770,38
1548929058.499097,25
1548929058.512629,33
1548929058.526187,35
1548929058.540345,35
1548929058.553811,36
1548929058.567392,38
1548929058.580897,35
1548929058.594437,39
1548929058.608044,19
1548929058.623155,32
1548929058.637559,32
1548929058.650086,34
1548929058.662688,38
1548929058.676168,36
1548929058.689617,36
1548929058.703925,36
1548929058.717625,38
1548929058.731124,38
1548929058.745032,39
1548929058.758477,22
1548929058.772053,36
1548929058.785402,35
1548929058.798855,37
1548929058.812197,38
1548929058.825580,38
1548929058.838953,17
1548929058.852308,29
1548929058.865905,27
1548929058.879760,26
1548929058.893714,30
1548929058.907127,30
1548929058.920618,30
1548929058.934419,29
1548929058.947858,32
1548929058.961401,34
1548929058.975171,36
1548929058.989067,37
1548929059.002835,37
1548929059.016789,36
1548929059.030123,38
1548929059.043451,27
1548929059.056805,34
1548929059.070331,35
1548929059.084432,37
1548929059.097848,36
1548929059.111586,35
1548929059.124892,38
1548929059.138207,18
1548929059.151567,37
1548929059.165277,34
1548929059.178640,16
1548929059.192116,29
1548929059.205320,33
1548929059.218764,34
1548929059.232701,32
1548929059.246122,33
1548929059.259535,35
1548929059.272921,37
1548929059.286331,34
1548929059.299697,39
1548929059.312991,36
1548929059.326377,35
1548929059.339963,36
1548929059.353749,29
1548929059.367169,30
1548929059.380454,32
1548929059.393792,30
1548929059.407037,32
1548929059.420622,34
1548929059.433897,34
1548929059.447487,36
1548929059.461147,35
1548929059.474799,37
1548929059.488078,38
1548929059.501399,37
1548929059.514933,39
1548929059.528493,37
1548929059.541943,13
1548929059.555465,37
1548929059.568791,22
1548929059.582081,25
1548929059.595844,36
1548929059.609150,29
1548929059.622455,28
1548929059.635942,29
1548929059.649329,36
1548929059.662647,17
1548929059.676015,30
1548929059.689448,35
1548929059.702763,33
1548929059.715973,33
1548929059.729416,34
1548929059.742782,34
1548929059.756271,36
1548929059.769450,36
1548929059.782855,38
1548929059.796214,37
1548929059.809402,39
1548929059.823849,39
1548929059.837245,33
1548929059.850592,36
1548929059.864058,36
1548929059.877260,35
1548929059.890536,38
1548929059.903778,28
1548929059.917436,37
1548929059.930829,34
1548929059.944387,33
1548929059.957778,34
1548929059.971538,33
1548929059.984893,33
1548929059.998600,37
1548929060.011966,37
1548929060.025327,34
1548929060.038812,37
1548929060.052098,39
1548929060.065376,39
1548929060.079060,39
1548929060.092339,38
1548929060.105736,36
1548929060.119320,38
1548929060.132614,38
1548929060.146160,31
1548929060.159623,37
1548929060.172909,29
1548929060.186651,29
1548929060.199883,37
1548929060.213473,11
1548929060.226845,15
1548929060.240314,38
1548929060.253958,39
1548929060.267505,32
1548929060.281638,33
1548929060.296114,35
1548929060.310027,35
1548929060.323890,35
1548929060.337571,35
1548929060.351221,37
1548929060.364708,39
1548929060.378455,33
1548929060.392004,37
1548929060.405282,31
1548929060.419079,33
1548929060.432652,39
1548929060.446314,31
1548929060.459627,17
1548929060.473111,18
1548929060.486977,32
1548929060.500451,35
1548929060.513784,38
1548929060.527079,35
1548929060.540736,39
1548929060.554056,31
1548929060.567491,30
1548929060.580976,37
1548929060.594287,30
1548929060.607985,30
1548929060.621513,32
1548929060.635221,34
1548929060.648874,35
1548929060.662387,36
1548929060.675977,35
1548929060.689567,36
1548929060.703231,36
1548929060.716892,37
1548929060.730678,39
1548929060.743983,23
1548929060.757558,35
1548929060.770957,36
1548929060.784497,36
1548929060.797804,36
1548929060.811235,37
1548929060.824650,35
1548929060.837846,40
1548929060.851155,37
1548929060.865120,40
1548929060.878903,33
1548929060.892269,35
1548929060.905606,36
1548929060.919104,36
1548929060.932466,27
1548929060.945973,38
1548929060.959732,35
1548929060.973057,39
1548929060.986692,23
1548929061.000235,38
1548929061.013629,22
1548929061.026974,25
1548929061.040726,27
1548929061.054397,27
1548929061.067989,27
1548929061.081835,30
1548929061.095724,30
1548929061.109426,29
1548929061.123263,33
1548929061.137002,31
1548929061.150317,33
1548929061.163800,33
1548929061.177131,34
1548929061.190673,34
1548929061.204505,35
1548929061.217792,36
1548929061.231442,36
1548929061.244783,37
1548929061.258240,39
1548929061.271570,21
1548929061.285551,32
1548929061.299577,32
1548929061.313265,31
1548929061.326789,33
1548929061.340342,34
1548929061.354022,36
1548929061.367686,34
1548929061.381264,37
1548929061.394898,33
1548929061.408186,35
1548929061.421459,21
1548929061.435006,21
1548929061.448623,31
1548929061.462426,32
1548929061.475861,32
1548929061.489443,35
1548929061.503204,36
1548929061.517183,36
1548929061.531308,35
1548929061.545546,37
1548929061.559326,37
1548929061.573176,39
1548929061.586567,39
1548929061.599988,38
1548929061.613578,38
1548929061.627340,27
1548929061.640812,36
1548929061.654183,38
1548929061.667999,34
1548929061.681426,36
1548929061.694995,36
1548929061.708562,39
1548929061.721891,39
1548929061.735356,25
1548929061.748674,38
1548929061.761966,39
1548929061.775811,7
1548929061.789732,21
1548929061.803268,35
1548929061.816763,34
1548929061.830208,34
1548929061.843521,35
1548929061.856858,35
1548929061.870267,38
1548929061.883798,39
1548929061.897745,32
1548929061.911110,37
1548929061.924437,36
1548929061.938147,36
1548929061.951520,37
1548929061.964962,25
1548929061.978310,38
1548929061.992135,18
1548929062.005827,21
1548929062.019160,32
1548929062.032983,30
1548929062.046822,34
1548929062.060462,35
1548929062.074074,35
1548929062.087963,35
1548929062.101625,34
1548929062.115287,36
1548929062.128665,40
1548929062.141727,38
1548929062.155200,23
1548929062.168548,26
1548929062.182355,35
1548929062.196158,32
1548929062.209414,29
1548929062.223199,38
1548929062.237035,30
1548929062.250616,33
1548929062.264511,36
1548929062.278171,35
1548929062.291553,38
1548929062.305134,37
1548929062.318598,38
1548929062.331995,26
1548929062.345568,28
1548929062.359252,36
1548929062.373019,31
1548929062.386804,33
1548929062.400240,35
1548929062.414009,35
1548929062.427539,36
1548929062.441338,36
1548929062.454938,39
1548929062.468536,29
1548929062.482219,29
1548929062.496264,25
1548929062.509743,30
1548929062.523261,29
1548929062.536679,31
1548929062.550447,32
1548929062.564125,33
1548929062.577665,34
1548929062.591049,34
1548929062.604592,34
1548929062.617984,35
1548929062.631388,36
1548929062.644932,37
1548929062.658480,39
1548929062.671853,38
1548929062.685402,31
1548929062.698997,39
1548929062.712263,20
1548929062.725479,17
1548929062.738823,21
1548929062.752460,38
1548929062.765841,38
1548929062.779175,23
1548929062.792243,34
1548929062.805337,36
1548929062.818494,36
1548929062.831825,38
1548929062.845472,32
1548929062.859374,35
1548929062.873363,30
1548929062.887056,31
1548929062.900527,21
1548929062.913893,28
1548929062.927445,30
1548929062.940802,32
1548929062.954412,32
1548929062.968151,34
1548929062.981495,35
1548929062.995058,38
1548929063.008527,32
1548929063.022235,36
1548929063.035567,35
1548929063.049012,33
1548929063.062496,33
1548929063.075814,36
1548929063.089659,37
1548929063.103232,36
1548929063.116984,36
1548929063.130306,39
1548929063.143742,36
1548929063.157078,39
1548929063.170774,31
1548929063.184082,36
1548929063.197342,14
1548929063.210953,15
1548929063.224194,30
1548929063.237830,28
1548929063.251413,31
1548929063.264855,30
1548929063.278391,32
1548929063.292001,33
1548929063.305520,34
1548929063.319084,35
1548929063.332654,34
1548929063.346321,38
1548929063.359751,26
1548929063.373303,36
1548929063.386627,38
1548929063.400234,22
1548929063.413499,15
1548929063.427097,30
1548929063.440611,32
1548929063.454646,31
1548929063.467944,34
1548929063.481977,38
1548929063.495707,38
1548929063.509688,27
1548929063.523500,31
1548929063.536958,22
1548929063.550355,39
1548929063.563715,23
1548929063.577030,10
1548929063.590393,25
1548929063.603724,26
1548929063.617396,34
1548929063.630880,34
1548929063.644524,32
1548929063.658224,34
1548929063.671831,32
1548929063.685349,34
1548929063.698977,35
1548929063.712475,37
1548929063.726175,38
1548929063.739778,38
1548929063.753040,36
1548929063.766320,33
1548929063.779737,33
1548929063.793002,34
1548929063.806574,33
1548929063.820236,34
1548929063.833645,34
1548929063.847160,34
1548929063.860688,35
1548929063.874262,39
1548929063.887912,38
1548929063.901231,37
1548929063.914505,38
1548929063.927854,23
1548929063.941161,36
1548929063.954878,36
1548929063.969170,37
1548929063.983151,38
1548929063.996790,30
1548929064.009608,38
1548929064.023305,38
1548929064.036673,38
1548929064.050179,36
1548929064.063650,35
1548929064.076968,34
1548929064.090218,35
1548929064.103560,35
1548929064.116857,37
1548929064.130216,36
1548929064.143804,38
1548929064.157243,38
1548929064.170972,32
1548929064.184339,39
1548929064.197713,36
1548929064.211250,36
1548929064.224506,34
1548929064.237920,39
1548929064.251250,11
1548929064.264853,24
1548929064.278246,25
1548929064.291573,25
1548929064.304541,27
1548929064.317877,27
1548929064.331383,31
1548929064.344945,28
1548929064.358405,30
1548929064.371788,29
1548929064.385472,28
1548929064.398881,34
1548929064.412443,30
1548929064.426150,33
1548929064.439551,32
1548929064.452989,32
1548929064.466297,33
1548929064.479693,34
1548929064.493040,33
1548929064.506420,35
1548929064.520194,36
1548929064.533597,39
1548929064.546986,32
1548929064.560651,35
1548929064.573995,39
1548929064.587763,13
1548929064.601062,30
1548929064.614686,31
1548929064.628092,29
1548929064.641693,29
1548929064.655308,30
1548929064.668698,33
1548929064.682454,38
1548929064.695773,38
1548929064.709344,35
1548929064.722762,37
1548929064.736120,19
1548929064.749674,26
1548929064.763317,38
1548929064.776714,22
1548929064.790252,25
1548929064.803802,28
1548929064.817247,27
1548929064.831004,28
1548929064.844363,31
1548929064.857936,36
1548929064.871488,37
1548929064.885174,38
1548929064.898777,37
1548929064.912317,39
1548929064.925981,36
1548929064.939814,39
1548929064.953116,33
1548929064.967020,26
1548929064.980427,31
1548929064.994056,33
1548929065.007983,33
1548929065.021226,35
1548929065.034299,35
1548929065.047811,33
1548929065.061497,35
1548929065.075133,37
1548929065.088491,36
1548929065.102096,38
1548929065.115357,29
1548929065.128507,35
1548929065.141880,37
1548929065.155275,37
1548929065.168880,37
1548929065.182254,37
1548929065.195750,38
1548929065.209233,39
1548929065.222857,39
1548929065.236192,26
1548929065.249874,18
1548929065.263248,15
1548929065.276859,17
1548929065.290499,38
1548929065.304048,17
1548929065.317558,17
1548929065.331140,40
1548929065.344620,28
1548929065.358218,33
1548929065.371532,35
1548929065.385246,36
1548929065.398778,38
1548929065.412608,39
1548929065.426392,29
1548929065.440142,37
1548929065.453708,30
1548929065.467020,24
1548929065.480683,37
1548929065.494062,21
1548929065.507467,33
1548929065.520765,33
1548929065.534230,33
1548929065.547552,33
1548929065.560948,34
1548929065.574254,35
1548929065.587659,36
1548929065.601225,38
1548929065.614783,37
1548929065.628242,25
1548929065.641654,35
1548929065.654984,34
1548929065.668427,33
1548929065.681890,36
1548929065.695166,37
1548929065.708442,36
1548929065.722096,36
1548929065.735727,37
1548929065.749043,32
1548929065.762359,34
1548929065.775890,36
1548929065.789147,36
1548929065.802670,38
1548929065.816098,30
1548929065.829659,25
1548929065.843079,22
1548929065.856587,34
1548929065.869913,38
1548929065.883329,37
1548929065.897122,28
1548929065.910518,25
1548929065.923800,36
1548929065.937121,27
1548929065.950590,31
1548929065.964013,32
1548929065.977329,35
1548929065.990595,36
1548929066.004649,36
1548929066.018083,38
1548929066.032215,38
1548929066.045861,39
1548929066.059816,36
1548929066.073219,26
1548929066.086889,26
1548929066.100463,36
1548929066.113671,38
1548929066.127524,34
1548929066.141586,34
1548929066.154854,34
1548929066.168005,35
1548929066.181395,39
1548929066.194697,18
1548929066.208080,27
1548929066.221792,31
1548929066.235389,29
1548929066.249230,29
1548929066.263130,28
1548929066.276971,33
1548929066.290789,33
1548929066.304364,33
1548929066.317821,33
1548929066.331368,34
1548929066.344991,36
1548929066.358749,35
1548929066.372521,34
1548929066.386217,38
1548929066.400229,40
1548929066.413890,36
1548929066.427162,39
1548929066.440836,32
1548929066.454695,35
1548929066.468881,36
1548929066.483207,36
1548929066.496574,34
1548929066.510392,36
1548929066.523826,37
1548929066.537291,38
1548929066.550603,25
1548929066.563951,28
1548929066.577460,39
1548929066.590995,33
1548929066.604843,35
1548929066.618268,35
1548929066.631609,35
1548929066.645270,37
1548929066.658644,35
1548929066.672010,37
1548929066.685618,39
1548929066.698974,26
1548929066.712285,38
1548929066.725975,26
1548929066.739405,21
1548929066.752539,31
1548929066.766392,30
1548929066.780541,33
1548929066.794137,35
1548929066.807827,35
1548929066.821272,37
1548929066.834850,35
1548929066.848594,33
1548929066.861873,38
1548929066.875173,15
1548929066.888678,26
1548929066.902610,28
1548929066.915997,29
1548929066.929408,29
1548929066.943174,33
1548929066.956952,31
1548929066.970621,33
1548929066.984241,33
1548929066.997790,34
1548929067.011396,36
1548929067.025001,36
1548929067.038717,37
1548929067.052177,38
1548929067.065614,38
1548929067.078916,34
1548929067.092240,28
1548929067.105920,20
1548929067.119315,22
1548929067.133035,38
1548929067.146385,26
1548929067.159677,36
1548929067.172962,39
1548929067.186584,12
1548929067.200164,30
1548929067.213496,29
1548929067.227065,31
1548929067.240746,31
1548929067.254498,35
1548929067.267805,38
1548929067.281314,38
1548929067.294933,36
1548929067.308589,37
1548929067.321868,25
1548929067.335322,33
1548929067.348646,26
1548929067.362404,37
1548929067.375855,23
1548929067.389310,33
1548929067.402013,32
1548929067.415265,33
1548929067.428981,35
1548929067.442290,33
1548929067.455677,34
1548929067.469288,37
1548929067.483070,36
1548929067.496512,37
1548929067.509552,38
1548929067.523204,38
1548929067.536577,37
1548929067.549918,31
1548929067.563271,27
1548929067.576582,13
1548929067.590055,28
1548929067.603541,26
1548929067.616798,30
1548929067.630143,30
1548929067.643588,31
1548929067.657125,33
1548929067.670577,34
1548929067.684102,35
1548929067.697785,38
1548929067.711302,36
1548929067.724632,38
1548929067.738355,36
1548929067.751544,40
1548929067.764995,38
1548929067.778488,33
1548929067.791670,33
1548929067.804858,34
1548929067.818273,35
1548929067.831722,37
1548929067.845239,38
1548929067.858598,37
1548929067.871872,28
1548929067.885157,36
1548929067.898544,36
1548929067.911854,38
1548929067.925567,34
1548929067.938902,36
1548929067.952417,28
1548929067.965644,27
1548929067.979417,25
1548929067.992900,27
1548929068.006115,29
1548929068.019523,28
1548929068.032927,32
1548929068.046334,32
1548929068.059682,31
1548929068.073226,33
1548929068.086863,33
1548929068.100199,33
1548929068.114219,34
1548929068.128132,35
1548929068.142094,38
1548929068.155448,38
1548929068.169378,19
1548929068.182709,27
1548929068.196323,21
1548929068.209821,25
1548929068.223633,36
1548929068.237586,37
1548929068.251200,37
1548929068.264842,36
1548929068.278545,35
1548929068.292383,37
1548929068.306350,30
1548929068.319624,36
1548929068.332977,37
1548929068.346812,39
1548929068.360537,38
1548929068.373988,29
1548929068.387573,36
1548929068.401225,36
1548929068.414802,37
1548929068.428326,36
1548929068.441844,36
1548929068.455471,37
1548929068.468850,33
1548929068.482591,35
1548929068.496139,33
1548929068.510007,35
1548929068.523879,37
1548929068.537021,38
1548929068.550452,38
1548929068.563827,38
1548929068.577284,37
1548929068.590883,38
1548929068.604290,38
1548929068.617525,36
1548929068.631500,37
1548929068.644830,37
1548929068.658445,37
1548929068.671779,28
1548929068.685183,38
1548929068.698706,36
1548929068.712217,35
1548929068.725858,37
1548929068.739734,38
1548929068.753128,37
1548929068.766459,38
1548929068.780158,39
1548929068.793481,34
1548929068.807483,20
1548929068.820825,14
1548929068.834196,31
1548929068.847809,32
1548929068.861307,34
1548929068.875016,34
1548929068.888583,35
1548929068.902244,34
1548929068.915673,39
1548929068.928965,38
1548929068.942853,39
1548929068.956433,37
1548929068.969863,38
1548929068.983625,34
1548929068.997052,30
1548929069.010518,28
1548929069.023867,30
1548929069.037360,36
1548929069.050672,33
1548929069.064301,34
1548929069.077917,34
1548929069.091988,35
1548929069.105345,34
1548929069.118762,36
1548929069.131962,38
1548929069.145615,40
1548929069.158946,19
1548929069.172546,39
1548929069.186405,38
1548929069.200595,38
1548929069.214142,38
1548929069.227716,37
1548929069.241510,38
1548929069.254708,38
1548929069.268025,37
1548929069.281522,39
1548929069.294907,19
1548929069.308653,21
1548929069.321948,37
1548929069.335842,39
1548929069.349149,38
1548929069.362901,29
1548929069.376574,36
1548929069.390175,38
1548929069.403981,34
1548929069.417231,39
1548929069.430943,15
1548929069.444221,32
1548929069.457335,32
1548929069.470590,35
1548929069.483920,34
1548929069.497561,36
1548929069.510901,35
1548929069.524163,37
1548929069.537722,39
1548929069.551025,31
1548929069.564402,37
1548929069.577811,23
1548929069.591218,38
1548929069.604794,36
1548929069.618156,18
1548929069.631532,25
1548929069.645515,32
1548929069.659099,38
1548929069.672961,31
1548929069.686916,33
1548929069.700945,32
1548929069.714641,34
1548929069.728035,33
1548929069.741556,34
1548929069.755065,36
1548929069.768364,38
1548929069.781744,30
1548929069.795010,36
1548929069.808653,23
1548929069.821947,16
1548929069.835411,21
1548929069.848808,37
1548929069.862109,11
1548929069.875606,21
1548929069.889193,35
1548929069.902686,35
1548929069.916408,35
1548929069.929983,38
1548929069.943502,31
1548929069.957292,35
1548929069.970638,28
1548929069.984093,27
1548929069.997407,28
1548929070.011002,30
1548929070.024691,30
1548929070.038337,31
1548929070.052041,32
1548929070.065719,35
1548929070.079321,36
1548929070.092881,37
1548929070.106585,38
1548929070.120322,13
1548929070.133817,27
1548929070.147122,28
1548929070.160749,28
1548929070.174390,30
1548929070.188038,32
1548929070.201559,32
1548929070.215042,31
1548929070.228610,33
1548929070.242549,34
1548929070.256034,40
1548929070.270109,38
1548929070.283574,38
1548929070.296859,37
1548929070.310470,31
1548929070.324242,33
1548929070.338326,33
1548929070.351725,36
1548929070.365636,39
1548929070.379374,38
1548929070.392715,35
1548929070.406415,27
1548929070.420166,36
1548929070.433478,21
1548929070.446863,23
1548929070.460578,37
1548929070.473967,38
1548929070.487379,16
1548929070.500997,25
1548929070.514563,36
1548929070.527840,32
1548929070.541359,39
1548929070.554678,24
1548929070.568326,28
1548929070.581721,30
1548929070.595377,32
1548929070.609130,31
1548929070.622719,32
1548929070.636357,31
1548929070.650034,34
1548929070.663639,35
1548929070.677022,36
1548929070.690479,37
1548929070.703820,37
1548929070.717417,39
1548929070.730736,32
1548929070.744117,34
1548929070.757842,34
1548929070.771262,36
1548929070.785187,36
1548929070.800140,31
1548929070.814085,21
1548929070.827490,13
1548929070.841140,32
1548929070.854529,29
1548929070.867533,29
1548929070.880707,32
1548929070.893928,32
1548929070.907476,34
1548929070.920955,33
1548929070.934334,34
1548929070.947824,35
1548929070.961824,37
1548929070.975583,38
1548929070.989082,33
1548929071.002721,35
1548929071.016770,37
1548929071.030893,39
1548929071.044640,38
1548929071.058545,38
1548929071.071883,20
1548929071.085501,28
1548929071.098842,32
1548929071.112575,37
1548929071.125871,31
1548929071.139451,37
1548929071.152571,38
1548929071.166050,38
1548929071.179835,36
1548929071.193592,31
1548929071.206937,38
1548929071.220446,18
1548929071.234117,29
1548929071.247503,25
1548929071.261067,29
1548929071.274550,31
1548929071.288062,31
1548929071.301564,32
1548929071.314995,30
1548929071.328450,32
1548929071.342111,34
1548929071.355606,33
1548929071.368684,33
1548929071.382127,35
1548929071.395747,36
1548929071.409396,37
1548929071.423023,37
1548929071.436721,39
1548929071.450036,38
1548929071.463312,21
1548929071.476761,21
1548929071.490481,39
1548929071.504459,9
1548929071.518072,30
1548929071.531448,35
1548929071.545233,37
1548929071.558606,8
1548929071.572052,32
1548929071.585838,34
1548929071.599293,35
1548929071.613046,34
1548929071.626493,35
1548929071.640151,37
1548929071.653721,38
1548929071.667169,38
1548929071.680452,24
1548929071.693714,38
1548929071.707363,39
1548929071.721264,34
1548929071.735134,36
1548929071.748568,38
1548929071.762142,39
1548929071.775453,29
1548929071.788738,32
1548929071.802304,36
1548929071.816001,35
1548929071.829654,39
1548929071.843214,36
1548929071.856739,38
1548929071.870170,30
1548929071.883434,35
1548929071.897019,37
1548929071.910531,38
1548929071.923836,31
1548929071.937222,38
1548929071.950453,37
1548929071.963870,32
1548929071.977544,32
1548929071.990788,26
1548929072.004249,2
1548929072.018341,28
1548929072.031895,27
1548929072.045310,29
1548929072.058602,30
1548929072.072131,29
1548929072.085880,30
1548929072.099259,33
1548929072.112983,33
1548929072.126616,34
1548929072.140026,37
1548929072.153297,37
1548929072.166743,34
1548929072.180592,26
1548929072.193929,21
1548929072.207308,31
1548929072.220660,32
1548929072.234161,34
1548929072.247903,36
1548929072.261207,37
1548929072.274606,36
1548929072.288120,36
1548929072.301390,38
1548929072.314775,37
1548929072.328229,38
1548929072.341587,34
1548929072.355048,36
1548929072.368678,38
1548929072.382401,38
1548929072.395813,19
1548929072.409231,36
1548929072.422882,29
1548929072.436562,28
1548929072.450080,29
1548929072.463746,31
1548929072.477334,35
1548929072.490854,36
1548929072.504435,36
1548929072.517784,38
1548929072.531358,35
1548929072.544641,39
1548929072.557973,10
1548929072.571298,26
1548929072.585051,33
1548929072.598738,37
1548929072.612069,38
1548929072.625715,35
1548929072.639057,33
1548929072.652291,34
1548929072.665599,36
1548929072.679181,35
1548929072.692783,35
1548929072.706319,37
1548929072.719984,38
1548929072.733547,37
1548929072.747572,20
1548929072.761490,29
1548929072.775390,35
1548929072.788898,36
1548929072.802598,35
1548929072.816015,36
1548929072.829664,38
1548929072.843259,38
1548929072.856554,19
1548929072.869909,34
1548929072.883341,34
1548929072.896978,34
1548929072.910863,33
1548929072.924628,35
1548929072.938208,36
1548929072.951790,38
1548929072.965212,28
1548929072.978820,26
1548929072.992422,35
1548929073.005720,39
1548929073.019545,37
1548929073.033544,37
1548929073.046961,37
1548929073.060338,39
1548929073.074128,26
1548929073.087806,37
1548929073.101400,37
1548929073.115033,38
1548929073.128803,37
1548929073.142450,15
1548929073.155713,37
1548929073.169296,36
1548929073.182935,36
1548929073.196763,35
1548929073.210346,37
1548929073.224258,38
1548929073.238496,40
1548929073.252238,38
1548929073.266234,27
1548929073.279927,33
1548929073.293660,34
1548929073.307077,37
1548929073.320902,35
1548929073.334594,34
1548929073.348383,34
1548929073.362082,37
1548929073.375414,32
1548929073.388757,36
1548929073.402213,19
1548929073.415693,26
1548929073.429419,35
1548929073.442748,37
1548929073.456376,28
1548929073.469874,30
1548929073.483198,32
1548929073.497035,32
1548929073.510336,34
1548929073.523689,34
1548929073.537395,36
1548929073.551207,35
1548929073.564672,34
1548929073.578253,37
1548929073.591901,38
1548929073.605176,13
1548929073.618943,38
1548929073.632325,39
1548929073.645655,37
1548929073.659049,35
1548929073.672609,37
1548929073.685959,34
1548929073.699534,38
1548929073.713252,39
1548929073.726556,32
1548929073.739849,40
1548929073.753352,2
1548929073.766885,14
1548929073.780289,39
1548929073.793866,6
1548929073.807476,19
1548929073.821011,24
1548929073.834845,29
1548929073.849013,16
1548929073.862993,20
1548929073.876397,38
1548929073.889749,25
1548929073.903512,34
1548929073.916792,32
1548929073.930448,33
1548929073.943927,35
1548929073.957301,36
1548929073.970726,36
1548929073.984174,38
1548929073.997459,13
1548929074.011172,31
1548929074.024893,33
1548929074.038353,34
1548929074.051889,36
1548929074.065611,36
1548929074.079191,37
1548929074.092669,38
1548929074.105958,39
1548929074.119309,32
1548929074.133038,39
1548929074.146371,35
1548929074.159780,35
1548929074.173161,36
1548929074.186755,38
1548929074.200370,38
1548929074.214340,36
1548929074.227288,37
1548929074.240932,37
1548929074.254802,39
1548929074.267865,38
1548929074.281299,36
1548929074.294418,38
1548929074.307721,36
1548929074.321144,38
1548929074.334328,38
1548929074.347591,39
1548929074.360979,39
1548929074.374363,15
1548929074.387726,30
1548929074.401022,30
1548929074.414722,32
1548929074.428087,32
1548929074.441688,35
1548929074.455225,37
1548929074.468516,37
1548929074.482028,38
1548929074.495304,38
1548929074.508849,29
1548929074.522473,36
1548929074.535987,37
1548929074.549690,37
1548929074.563203,37
1548929074.576520,15
1548929074.589969,36
1548929074.603337,35
1548929074.617010,37
1548929074.630325,34
1548929074.643762,35
1548929074.657359,37
1548929074.671086,38
1548929074.684606,37
1548929074.698002,27
1548929074.711407,36
1548929074.724795,16
1548929074.738342,21
1548929074.751690,34
1548929074.765410,31
1548929074.778842,32
1548929074.792452,34
1548929074.806123,37
1548929074.820039,37
1548929074.833394,39
1548929074.846708,17
1548929074.860349,18
1548929074.874069,22
1548929074.887401,27
1548929074.901238,27
1548929074.914897,29
1548929074.928210,28
1548929074.941667,27
1548929074.955006,30
1548929074.968540,31
1548929074.982049,32
1548929074.995605,33
1548929075.008990,34
1548929075.022351,35
1548929075.035845,36
1548929075.049565,37
1548929075.062968,37
1548929075.076704,37
1548929075.089990,30
1548929075.103525,26
1548929075.116827,30
1548929075.130465,32
1548929075.144161,31
1548929075.157795,32
1548929075.171351,34
1548929075.184953,38
1548929075.198265,33
1548929075.211569,37
1548929075.225131,26
1548929075.238560,33
1548929075.251916,35
1548929075.265724,35
1548929075.279287,34
1548929075.292818,34
1548929075.306586,34
1548929075.320626,34
1548929075.334353,34
1548929075.347839,38
1548929075.361004,31
1548929075.374297,24
1548929075.387798,37
1548929075.401093,37
1548929075.414692,37
1548929075.428249,38
1548929075.441483,39
1548929075.455095,32
1548929075.468659,32
1548929075.481974,32
1548929075.495616,32
1548929075.508926,33
1548929075.522451,33
1548929075.536228,35
1548929075.549851,37
1548929075.563391,37
1548929075.576989,38
1548929075.590396,26
1548929075.603855,35
1548929075.617128,35
1548929075.630794,35
1548929075.644139,39
1548929075.657586,38
1548929075.670924,26
1548929075.684235,29
1548929075.697895,30
1548929075.711694,32
1548929075.725203,31
1548929075.738866,32
1548929075.752552,32
1548929075.766367,32
1548929075.779992,31
1548929075.793326,33
1548929075.807004,36
1548929075.820601,35
1548929075.834009,35
1548929075.847434,37
1548929075.861014,40
1548929075.874369,38
1548929075.887806,27
1548929075.901359,35
1548929075.915006,31
1548929075.928609,29
1548929075.941872,31
1548929075.955488,30
1548929075.969000,38
1548929075.982456,16
1548929075.996144,17
1548929076.009471,25
1548929076.023112,23
1548929076.036638,26
1548929076.050236,33
1548929076.063906,34
1548929076.077427,26
1548929076.090726,27
1548929076.104394,36
1548929076.118128,19
1548929076.132284,23
1548929076.145613,36
1548929076.159386,37
1548929076.172755,25
1548929076.186338,36
1548929076.199649,25
1548929076.213365,35
1548929076.226721,22
1548929076.239997,24
1548929076.253602,39
1548929076.267008,10
1548929076.280322,32
1548929076.294058,31
1548929076.307458,38
1548929076.320778,26
1548929076.334457,20
1548929076.348206,30
1548929076.361836,33
1548929076.375131,33
1548929076.388863,33
1548929076.402245,34
1548929076.415797,35
1548929076.429286,35
1548929076.442972,39
1548929076.456448,22
1548929076.470249,34
1548929076.483984,37
1548929076.497547,34
1548929076.511243,36
1548929076.524700,37
1548929076.538273,38
1548929076.551599,36
1548929076.564931,35
1548929076.578302,37
1548929076.591647,37
1548929076.605087,38
1548929076.618439,15
1548929076.631835,32
1548929076.645142,21
1548929076.658791,33
1548929076.672199,35
1548929076.686193,36
1548929076.700571,37
1548929076.714047,38
1548929076.727879,39
1548929076.741225,31
1548929076.755005,37
1548929076.768345,26
1548929076.781963,35
1548929076.795315,34
1548929076.809104,34
1548929076.822567,34
1548929076.836371,38
1548929076.850173,37
1548929076.863760,36
1548929076.877300,37
1548929076.890898,38
1548929076.904469,36
1548929076.917242,32
1548929076.930173,35
1548929076.943809,38
1548929076.957441,33
1548929076.971171,32
1548929076.984511,30
1548929076.998189,38
1548929077.011941,31
1548929077.025327,34
1548929077.038509,31
1548929077.051908,32
1548929077.065235,32
1548929077.078562,34
1548929077.091964,34
1548929077.105507,35
1548929077.119064,36
1548929077.132359,38
1548929077.146069,38
1548929077.159384,21
1548929077.173200,30
1548929077.186560,19
1548929077.200141,29
1548929077.213776,30
1548929077.227538,29
1548929077.241024,29
1548929077.254368,32
1548929077.268493,32
1548929077.281887,34
1548929077.295377,35
1548929077.308973,37
1548929077.322541,37
1548929077.336281,37
1548929077.349997,21
1548929077.363829,33
1548929077.377775,30
1548929077.391855,31
1548929077.405384,36
1548929077.418748,35
1548929077.432284,34
1548929077.446137,35
1548929077.459498,36
1548929077.473357,35
1548929077.487109,38
1548929077.501042,38
1548929077.514454,39
1548929077.528028,38
1548929077.541298,7
1548929077.554711,34
1548929077.568023,26
1548929077.581780,28
1548929077.595903,38
1548929077.609169,24
1548929077.622548,27
1548929077.635829,28
1548929077.649318,28
1548929077.662643,30
1548929077.676235,31
1548929077.689490,32
1548929077.703208,31
1548929077.717004,34
1548929077.731394,33
1548929077.744823,34
1548929077.758293,39
1548929077.772134,21
1548929077.785456,33
1548929077.798832,13
1548929077.812132,22
1548929077.825438,35
1548929077.837021,35
1548929077.849253,36
1548929077.862248,40
1548929077.875781,37
1548929077.889489,32
1548929077.902790,32
1548929077.916577,33
1548929077.929934,35
1548929077.943314,37
1548929077.957283,39
1548929077.970605,21
1548929077.984468,39
1548929077.997967,30
1548929078.011369,32
1548929078.025165,34
1548929078.038513,32
1548929078.052586,35
1548929078.066659,39
1548929078.079986,39
1548929078.093300,21
1548929078.106619,35
1548929078.120148,30
1548929078.133596,37
1548929078.147566,38
1548929078.160933,36
1548929078.174259,34
1548929078.187721,38
1548929078.201313,35
1548929078.214860,36
1548929078.228172,37
1548929078.241549,39
1548929078.255334,39
1548929078.268742,21
1548929078.282675,28
1548929078.296147,30
1548929078.309606,29
1548929078.323274,32
1548929078.337076,33
1548929078.350587,33
1548929078.364161,35
1548929078.378042,35
1548929078.391691,36
1548929078.405302,36
1548929078.418741,35
1548929078.432452,38
1548929078.445945,32
1548929078.459410,38
1548929078.472669,15
1548929078.486049,31
1548929078.499333,29
1548929078.512921,30
1548929078.526473,31
1548929078.540176,32
1548929078.553850,30
1548929078.567510,32
1548929078.581227,34
1548929078.594810,33
1548929078.608550,33
1548929078.622006,37
1548929078.635486,36
1548929078.649285,38
1548929078.662996,32
1548929078.677239,15
1548929078.691011,25
1548929078.704321,36
1548929078.718050,37
1548929078.731975,37
1548929078.745276,38
1548929078.759154,30
1548929078.772901,35
1548929078.786223,29
1548929078.799973,25
1548929078.813475,27
1548929078.826638,31
1548929078.839934,31
1548929078.854023,32
1548929078.867399,32
1548929078.881416,32
1548929078.895215,35
1548929078.909059,37
1548929078.922868,39
1548929078.935552,38
1548929078.948376,39
1548929078.961431,35
1548929078.975275,29
1548929078.988674,30
1548929079.001994,31
1548929079.015487,31
1548929079.029198,34
1548929079.042747,35
1548929079.056499,35
1548929079.070173,37
1548929079.083986,39
1548929079.097351,38
1548929079.110743,39
1548929079.124158,36
1548929079.137823,36
1548929079.151645,35
1548929079.165438,38
1548929079.178973,21
1548929079.192464,36
1548929079.205870,33
1548929079.219541,33
1548929079.233188,33
1548929079.246783,34
1548929079.260405,33
1548929079.274076,35
1548929079.287457,34
1548929079.300632,33
1548929079.313995,37
1548929079.327574,38
1548929079.341208,25
1548929079.354743,37
1548929079.368040,35
1548929079.381664,36
1548929079.395189,35
1548929079.408490,36
1548929079.422163,39
1548929079.435922,36
1548929079.449524,32
1548929079.463003,39
1548929079.476477,38
1548929079.489938,34
1548929079.503626,38
1548929079.517059,28
1548929079.529804,37
1548929079.543371,38
1548929079.557148,37
1548929079.570908,32
1548929079.584562,32
1548929079.598119,36
1548929079.611454,37
1548929079.624932,34
1548929079.638568,39
1548929079.652403,28
1548929079.665698,37
1548929079.679215,21
1548929079.692857,31
1548929079.706258,31
1548929079.719646,33
1548929079.733244,33
1548929079.746687,33
1548929079.760572,33
1548929079.774339,38
1548929079.788210,37
1548929079.802118,36
1548929079.815899,37
1548929079.829442,39
1548929079.842774,21
1548929079.856282,33
1548929079.869727,34
1548929079.883060,34
1548929079.896844,35
1548929079.910263,35
1548929079.923844,37
1548929079.937505,39
1548929079.950838,37
1548929079.964503,39
1548929079.977868,33
1548929079.991420,33
1548929080.004974,35
1548929080.018367,39
1548929080.031704,37
1548929080.045195,38
1548929080.058524,28
1548929080.072044,36
1548929080.085555,33
1548929080.099145,35
1548929080.112602,36
1548929080.126398,37
1548929080.140011,35
1548929080.153328,38
1548929080.166643,21
1548929080.180227,34
1548929080.194106,33
1548929080.207766,35
1548929080.221118,36
1548929080.234644,38
1548929080.248369,38
1548929080.261659,22
1548929080.275033,23
1548929080.288652,30
1548929080.301962,25
1548929080.315250,36
1548929080.328927,35
1548929080.342569,33
1548929080.356291,36
1548929080.369836,36
1548929080.383431,34
1548929080.397233,36
1548929080.411022,39
1548929080.424735,22
1548929080.438412,18
1548929080.451742,28
1548929080.465477,29
1548929080.479016,38
1548929080.492457,18
1548929080.505672,30
1548929080.518806,26
1548929080.532286,30
1548929080.545977,33
1548929080.559381,33
1548929080.572856,32
1548929080.586205,32
1548929080.600015,33
1548929080.613571,32
1548929080.627255,34
1548929080.640642,35
1548929080.654084,36
1548929080.667841,34
1548929080.681120,36
1548929080.694440,36
1548929080.708437,36
1548929080.721910,37
1548929080.735677,37
1548929080.749003,37
1548929080.762517,38
1548929080.776139,30
1548929080.789503,39
1548929080.803147,19
1548929080.816486,14
1548929080.829707,20
1548929080.843028,31
1548929080.856614,35
1548929080.870211,33
1548929080.883782,30
1548929080.897414,32
1548929080.910849,33
1548929080.924219,35
1548929080.937684,38
1548929080.950918,38
1548929080.964434,36
1548929080.978052,37
1548929080.991698,30
1548929081.005000,38
1548929081.018403,22
1548929081.031589,30
1548929081.045034,30
1548929081.058559,31
1548929081.071837,32
1548929081.085229,31
1548929081.098796,31
1548929081.112169,33
1548929081.125710,33
1548929081.139206,37
1548929081.152535,35
1548929081.165657,36
1548929081.179178,38
1548929081.192628,35
1548929081.206361,37
1548929081.219795,36
1548929081.233241,39
1548929081.246531,22
1548929081.260077,32
1548929081.273369,31
1548929081.286822,34
1548929081.300206,32
1548929081.313529,31
1548929081.327401,35
1548929081.340985,34
1548929081.354446,38
1548929081.367819,37
1548929081.380912,39
1548929081.394478,36
1548929081.407868,39
1548929081.421074,37
1548929081.434409,37
1548929081.447950,37
1548929081.461409,23
1548929081.474892,36
1548929081.488367,38
1548929081.501713,35
1548929081.515058,35
1548929081.528382,37
1548929081.541644,37
1548929081.555154,37
1548929081.568562,38
1548929081.582004,38
1548929081.595313,37
1548929081.608417,38
1548929081.621841,36
1548929081.635242,38
1548929081.648627,14
1548929081.661837,36
1548929081.674956,35
1548929081.688422,38
1548929081.702197,29
1548929081.715536,38
1548929081.729084,17
1548929081.742492,36
1548929081.755911,38
1548929081.769417,37
1548929081.782671,29
1548929081.796526,31
1548929081.810000,29
1548929081.823284,35
1548929081.836616,33
1548929081.849794,33
1548929081.863176,33
1548929081.876878,35
1548929081.890195,38
1548929081.903631,37
1548929081.916734,37
1548929081.930492,38
1548929081.943864,35
1548929081.957078,33
1548929081.970384,37
1548929081.983794,36
1548929081.997134,38
1548929082.010532,30
1548929082.024082,24
1548929082.037445,16
1548929082.050847,27
1548929082.064385,32
1548929082.077719,30
1548929082.090994,33
1548929082.104356,33
1548929082.117638,35
1548929082.131001,35
1548929082.144228,36
1548929082.157337,36
1548929082.170855,38
1548929082.184086,38
1548929082.197712,38
1548929082.211024,30
1548929082.224480,32
1548929082.238069,35
1548929082.251879,37
1548929082.265178,37
1548929082.278605,38
1548929082.292215,38
1548929082.305491,19
1548929082.319022,37
1548929082.332597,36
1548929082.345869,37
1548929082.359569,35
1548929082.372822,25
1548929082.386337,37
1548929082.399614,39
1548929082.412844,30
1548929082.426288,36
1548929082.439580,22
1548929082.452970,30
1548929082.466324,30
1548929082.479915,31
1548929082.493558,32
1548929082.506851,30
1548929082.520528,32
1548929082.534341,33
1548929082.547988,32
1548929082.561695,34
1548929082.575055,35
1548929082.588631,34
1548929082.602352,34
1548929082.615913,36
1548929082.629491,37
1548929082.643245,28
1548929082.656565,34
1548929082.669867,22
1548929082.683249,28
1548929082.696832,38
1548929082.710280,31
1548929082.723572,14
1548929082.736816,17
1548929082.750362,39
1548929082.763826,19
1548929082.777115,31
1548929082.790812,39
1548929082.803878,37
1548929082.817225,37
1548929082.830518,11
1548929082.843862,21
1548929082.857980,38
1548929082.871581,34
1548929082.885122,37
1548929082.898758,20
1548929082.912279,26
1548929082.925762,31
1548929082.939440,33
1548929082.952806,33
1548929082.966473,35
1548929082.980004,33
1548929082.993309,38
1548929083.006978,39
1548929083.020325,34
1548929083.033660,16
1548929083.047032,14
1548929083.060627,33
1548929083.074155,34
1548929083.087508,35
1548929083.100963,37
1548929083.114321,36
1548929083.128380,38
1548929083.141937,36
1548929083.155526,39
1548929083.168854,37
1548929083.182760,26
1548929083.196074,21
1548929083.209487,35
1548929083.222823,34
1548929083.236248,37
1548929083.249518,37
1548929083.262939,39
1548929083.276367,24
1548929083.290031,31
1548929083.303680,34
1548929083.317388,36
1548929083.330913,35
1548929083.344235,36
1548929083.357633,35
1548929083.370883,36
1548929083.384280,37
1548929083.397739,37
1548929083.411108,37
1548929083.424581,19
1548929083.437814,39
1548929083.451145,13
1548929083.464728,17
1548929083.478355,38
1548929083.491637,39
1548929083.504977,16
1548929083.518529,28
1548929083.531739,30
1548929083.545216,33
1548929083.558903,34
1548929083.572425,34
1548929083.585591,38
1548929083.598889,39
1548929083.612302,37
1548929083.625940,33
1548929083.639487,37
1548929083.653367,38
1548929083.666769,37
1548929083.680526,26
1548929083.694359,30
1548929083.707907,33
1548929083.721846,35
1548929083.735635,36
1548929083.748913,36
1548929083.762637,35
1548929083.776323,35
1548929083.789630,38
1548929083.803340,38
1548929083.817138,23
1548929083.831081,33
1548929083.845344,23
1548929083.859211,23
1548929083.872907,33
1548929083.886613,34
1548929083.900473,34
1548929083.913892,35
1548929083.927712,37
1548929083.941308,36
1548929083.955288,30
1548929083.969145,34
1548929083.982695,34
1548929083.996184,37
1548929084.009527,40
1548929084.023084,39
1548929084.036426,29
1548929084.049797,37
1548929084.063593,38
1548929084.077056,39
1548929084.090697,36
1548929084.104059,34
1548929084.117499,35
1548929084.131220,37
1548929084.145331,38
1548929084.159548,37
1548929084.174129,36
1548929084.187928,38
1548929084.201380,39
1548929084.215398,23
1548929084.228817,29
1548929084.242454,31
1548929084.256109,30
1548929084.270003,32
1548929084.283727,36
1548929084.297023,37
1548929084.310574,37
1548929084.324454,38
1548929084.339023,39
1548929084.352358,39
1548929084.366373,3
1548929084.379729,4
1548929084.393454,29
1548929084.407193,37
1548929084.420672,28
1548929084.434545,28
1548929084.448182,30
1548929084.461912,29
1548929084.475682,30
1548929084.489032,32
1548929084.503029,35
1548929084.516824,34
1548929084.530518,35
1548929084.543904,35
1548929084.557484,37
1548929084.570859,20
1548929084.584406,27
1548929084.597719,30
1548929084.611053,30
1548929084.624592,34
1548929084.638066,33
1548929084.651469,34
1548929084.665196,34
1548929084.678727,35
1548929084.692281,37
1548929084.705880,38
1548929084.719234,39
1548929084.732629,35
1548929084.746264,33
1548929084.759604,36
1548929084.772966,38
1548929084.786356,29
1548929084.800006,36
1548929084.813969,37
1548929084.827725,38
1548929084.841298,37
1548929084.854593,39
1548929084.868335,23
1548929084.882074,32
1548929084.895848,36
1548929084.909393,36
1548929084.922933,36
1548929084.936408,38
1548929084.949867,36
1548929084.963004,36
1548929084.976074,37
1548929084.990191,30
1548929085.003782,34
1548929085.017646,35
1548929085.031584,36
1548929085.045328,35
1548929085.058948,36
1548929085.072628,38
1548929085.086431,38
1548929085.099725,33
1548929085.113813,31
1548929085.127207,28
1548929085.140945,28
1548929085.154271,30
1548929085.168157,33
1548929085.181432,33
1548929085.195343,34
1548929085.209310,34
1548929085.223008,36
1548929085.236315,37
1548929085.249963,37
1548929085.263667,37
1548929085.276852,39
1548929085.290132,16
1548929085.303489,25
1548929085.316910,35
1548929085.330286,35
1548929085.343899,38
1548929085.357699,37
1548929085.371031,25
1548929085.384495,34
1548929085.398062,28
1548929085.411396,26
1548929085.424775,29
1548929085.438140,30
1548929085.451842,31
1548929085.465401,34
1548929085.479427,32
1548929085.493502,32
1548929085.507334,34
1548929085.521005,35
1548929085.534363,34
1548929085.547981,38
1548929085.561361,37
1548929085.574748,37
1548929085.588095,38
1548929085.601396,32
1548929085.614758,34
1548929085.628082,33
1548929085.641508,35
1548929085.654898,37
1548929085.668298,27
1548929085.681880,36
1548929085.695188,31
1548929085.708442,32
1548929085.721823,33
1548929085.735199,34
1548929085.748820,34
1548929085.762194,35
1548929085.775540,35
1548929085.788800,37
1548929085.801942,39
1548929085.815250,39
1548929085.829065,30
1548929085.842446,37
1548929085.855573,37
1548929085.868887,36
1548929085.882285,39
1548929085.896103,22
1548929085.909648,25
1548929085.923270,31
1548929085.936641,31
1548929085.950078,24
1548929085.963795,34
1548929085.977296,36
1548929085.990677,36
1548929086.004319,34
1548929086.017622,38
1548929086.031552,10
1548929086.044916,35
1548929086.058450,35
1548929086.071937,35
1548929086.085202,37
1548929086.098874,38
1548929086.112158,38
1548929086.125824,21
1548929086.139729,36
1548929086.152992,36
1548929086.166899,37
1548929086.180269,30
1548929086.193937,31
1548929086.207276,25
1548929086.220975,35
1548929086.234691,35
1548929086.248567,35
1548929086.262434,36
1548929086.276429,39
1548929086.290389,24
1548929086.303980,29
1548929086.317483,33
1548929086.331082,31
1548929086.344491,34
1548929086.358185,33
1548929086.371548,33
1548929086.385095,37
1548929086.398647,38
1548929086.411963,28
1548929086.425693,28
1548929086.439189,34
1548929086.452516,35
1548929086.466113,33
1548929086.479404,36
1548929086.493001,35
1548929086.506879,39
1548929086.520212,18
1548929086.533563,35
1548929086.547020,34
1548929086.560539,39
1548929086.574278,7
1548929086.587548,38
1548929086.600828,36
1548929086.614538,33
1548929086.628230,35
1548929086.641992,37
1548929086.655999,38
1548929086.669482,38
1548929086.682809,32
1548929086.696193,35
1548929086.709462,37
1548929086.723203,38
1548929086.736929,38
1548929086.750190,15
1548929086.763733,32
1548929086.777324,34
1548929086.791058,35
1548929086.804741,34
1548929086.818343,35
1548929086.831859,37
1548929086.844960,36
1548929086.858315,36
1548929086.872164,36
1548929086.885590,37
1548929086.899144,37
1548929086.912427,38
1548929086.925713,10
1548929086.939139,25
1548929086.952444,28
1548929086.965962,32
1548929086.979301,31
1548929086.992479,39
1548929087.005549,19
1548929087.018592,19
1548929087.031764,39
1548929087.044940,33
1548929087.058419,36
1548929087.071873,35
1548929087.085361,36
1548929087.098594,35
1548929087.112579,35
1548929087.126089,38
1548929087.139672,39
1548929087.153244,37
1548929087.166582,39
1548929087.179992,38
1548929087.193315,38
1548929087.206705,31
1548929087.220159,32
1548929087.233454,36
1548929087.247060,31
1548929087.260666,37
1548929087.273975,2
1548929087.287304,29
1548929087.300683,26
1548929087.314456,27
1548929087.327797,21
1548929087.341154,19
1548929087.354883,31
1548929087.368214,30
1548929087.381832,29
1548929087.395256,31
1548929087.408581,30
1548929087.422299,34
1548929087.435948,33
1548929087.449459,35
1548929087.462851,35
1548929087.476280,37
1548929087.490568,37
1548929087.504511,39
1548929087.518740,38
1548929087.532384,38
1548929087.545745,25
1548929087.559594,31
1548929087.573437,34
1548929087.587066,35
1548929087.600347,35
1548929087.613889,37
1548929087.627546,38
1548929087.641250,38
1548929087.654693,27
1548929087.668206,31
1548929087.681508,33
1548929087.695017,35
1548929087.708553,35
1548929087.721889,36
1548929087.735535,38
1548929087.748838,37
1548929087.762381,38
1548929087.775941,36
1548929087.789246,17
1548929087.802946,27
1548929087.816286,2
1548929087.829699,12
1548929087.842945,40
1548929087.856268,12
1548929087.869391,33
1548929087.882684,38
1548929087.895994,4
1548929087.909623,15
1548929087.923407,29
1548929087.936930,30
1548929087.950756,33
1548929087.964362,31
1548929087.977842,34
1548929087.991497,33
1548929088.004828,36
1548929088.018514,35
1548929088.032075,37
1548929088.045532,38
1548929088.059018,37
1548929088.072758,33
1548929088.086693,39
1548929088.100395,36
1548929088.113663,39
1548929088.127025,29
1548929088.140660,36
1548929088.153978,32
1548929088.167355,30
1548929088.181017,30
1548929088.194345,33
1548929088.207737,37
1548929088.221454,38
1548929088.234818,35
1548929088.248738,36
1548929088.262579,37
1548929088.275886,27
1548929088.289474,37
1548929088.302830,18
1548929088.316248,28
1548929088.329831,37
1548929088.343353,22
1548929088.357105,24
1548929088.370578,24
1548929088.383926,27
1548929088.397817,36
1548929088.411259,29
1548929088.424975,35
1548929088.438245,36
1548929088.451881,34
1548929088.465319,37
1548929088.478622,36
1548929088.492180,35
1548929088.505688,39
1548929088.519021,29
1548929088.532321,35
1548929088.545966,37
1548929088.559590,35
1548929088.573154,37
1548929088.586668,35
1548929088.600242,38
1548929088.613535,25
1548929088.626879,17
1548929088.640495,31
1548929088.654064,32
1548929088.667349,30
1548929088.681190,32
1548929088.694950,34
1548929088.708294,36
1548929088.721573,36
1548929088.735258,35
1548929088.748999,37
1548929088.762625,39
1548929088.775911,39
1548929088.789200,39
1548929088.802726,35
1548929088.816447,38
1548929088.830142,37
1548929088.843639,37
1548929088.857135,38
1548929088.870948,40
1548929088.884777,28
1548929088.898485,27
1548929088.911838,35
1548929088.925302,37
1548929088.938938,39
1548929088.952312,24
1548929088.965990,27
1548929088.979794,36
1548929088.993077,29
1548929089.006196,29
1548929089.019624,30
1548929089.032918,31
1548929089.046625,32
1548929089.060232,31
1548929089.073608,32
1548929089.087053,34
1548929089.100733,35
1548929089.114023,33
1548929089.127742,35
1548929089.141342,36
1548929089.153714,37
1548929089.166009,36
1548929089.177993,35
1548929089.190572,37
1548929089.203577,36
1548929089.217124,38
1548929089.230412,27
1548929089.243937,27
1548929089.257265,38
1548929089.270150,31
1548929089.283510,31
1548929089.296988,38
1548929089.310857,30
1548929089.324330,30
1548929089.337656,36
1548929089.351398,34
1548929089.364927,36
1548929089.378298,39
1548929089.391648,28
1548929089.404853,37
1548929089.418201,5
1548929089.431683,18
1548929089.445008,31
1548929089.458246,30
1548929089.471901,34
1548929089.485209,34
1548929089.498629,35
1548929089.511936,35
1548929089.525316,38
1548929089.539092,39
1548929089.552679,23
1548929089.566308,31
1548929089.579708,30
1548929089.593114,32
1548929089.606243,34
1548929089.619721,37
1548929089.633090,36
1548929089.646251,38
1548929089.659841,38
1548929089.673375,25
1548929089.687165,38
1548929089.700464,31
1548929089.714041,33
1548929089.727603,36
1548929089.741174,37
1548929089.754933,37
1548929089.768507,29
1548929089.782077,38
1548929089.795417,22
1548929089.809007,25
1548929089.822789,32
1548929089.836343,36
1548929089.849903,38
1548929089.863243,28
1548929089.876893,39
1548929089.890695,27
1548929089.904264,33
1548929089.917635,15
1548929089.931398,16
1548929089.944697,29
1548929089.958014,27
1548929089.971576,27
1548929089.985206,30
1548929089.998587,32
1548929090.012389,36
1548929090.025816,33
1548929090.039370,35
1548929090.052660,36
1548929090.066735,37
1548929090.080129,37
1548929090.093913,38
1548929090.107733,38
1548929090.121053,37
1548929090.134751,29
1548929090.148731,25
1548929090.162184,34
1548929090.175517,31
1548929090.188891,31
1548929090.202441,33
1548929090.216300,33
1548929090.229724,33
1548929090.243436,34
1548929090.257313,31
1548929090.270903,35
1548929090.284417,36
1548929090.298029,37
1548929090.311481,39
1548929090.325267,32
1548929090.338580,36
1548929090.351775,21
1548929090.365215,28
1548929090.378512,38
1548929090.391987,9
1548929090.405513,21
1548929090.419251,31
1548929090.432936,30
1548929090.446591,35
1548929090.460052,37
1548929090.474023,37
1548929090.487394,34
1548929090.500846,33
1548929090.514512,34
1548929090.528273,36
1548929090.541971,39
1548929090.555348,37
1548929090.569714,28
1548929090.583390,34
1548929090.596675,9
1548929090.610507,26
1548929090.624477,24
1548929090.637855,14
1548929090.651416,34
1548929090.665100,38
1548929090.678498,31
1548929090.691881,34
1548929090.705340,35
1548929090.718985,38
1548929090.732321,38
1548929090.746236,36
1548929090.760077,32
1548929090.773390,35
1548929090.786887,32
1548929090.800048,31
1548929090.813670,32
1548929090.827566,35
1548929090.841305,34
1548929090.855180,33
1548929090.868979,36
1548929090.882635,38
1548929090.896156,36
1548929090.909886,37
1548929090.923236,38
1548929090.936538,29
1548929090.950337,22
1548929090.963653,28
1548929090.977023,27
1548929090.990747,29
1548929091.004577,32
1548929091.019135,31
1548929091.032472,32
1548929091.045886,31
1548929091.059529,34
1548929091.073198,35
1548929091.086923,37
1548929091.100368,34
1548929091.114016,38
1548929091.127816,24
1548929091.140909,31
1548929091.154237,31
1548929091.167764,31
1548929091.181376,31
1548929091.194682,35
1548929091.208224,37
1548929091.220276,38
1548929091.232871,28
1548929091.246098,36
1548929091.259451,30
1548929091.272987,29
1548929091.286934,39
1548929091.300351,23
1548929091.313582,31
1548929091.327008,32
1548929091.340825,34
1548929091.354439,34
1548929091.367970,36
1548929091.381277,35
1548929091.394790,36
1548929091.408391,37
1548929091.421723,36
1548929091.435398,35
1548929091.449213,36
1548929091.462988,34
1548929091.476424,36
1548929091.489958,39
1548929091.503809,26
1548929091.517056,35
1548929091.530525,16
1548929091.544141,16
1548929091.557407,30
1548929091.570999,35
1548929091.584647,35
1548929091.598087,35
1548929091.611381,35
1548929091.624833,35
1548929091.638342,37
1548929091.651798,39
1548929091.665350,39
1548929091.679109,34
1548929091.693111,30
1548929091.706552,23
1548929091.719855,31
1548929091.733514,36
1548929091.746861,23
1548929091.760456,26
1548929091.773848,35
1548929091.787632,32
1548929091.801084,35
1548929091.814821,36
1548929091.828121,38
1548929091.841581,38
1548929091.855106,27
1548929091.868677,25
1548929091.882255,33
1548929091.895752,36
1548929091.909129,37
1548929091.922833,37
1548929091.936419,37
1548929091.949858,38
1548929091.963909,24
1548929091.978170,37
1548929091.991950,37
1548929092.006098,35
1548929092.019885,37
1548929092.033510,38
1548929092.046895,16
1548929092.060626,29
1548929092.073915,31
1548929092.087861,32
1548929092.101497,32
1548929092.114378,31
1548929092.127607,31
1548929092.140977,34
1548929092.154912,32
1548929092.168637,36
1548929092.182168,35
1548929092.195603,37
1548929092.209281,38
1548929092.223104,28
1548929092.236791,39
1548929092.250284,28
1548929092.264054,29
1548929092.277382,30
1548929092.290699,34
1548929092.304056,33
1548929092.317366,36
1548929092.331164,39
1548929092.345032,39
1548929092.358522,1
1548929092.371964,37
1548929092.385514,38
1548929092.398806,8
1548929092.412398,37
1548929092.425659,30
1548929092.439214,32
1548929092.452981,34
1548929092.466687,35
1548929092.480486,35
1548929092.494664,36
1548929092.508236,37
1548929092.521747,33
1548929092.535061,29
1548929092.548771,38
1548929092.562101,26
1548929092.575545,27
1548929092.589251,30
1548929092.602736,29
1548929092.616498,29
1548929092.629914,30
1548929092.643277,31
1548929092.656615,31
1548929092.670084,32
1548929092.683439,36
1548929092.696979,36
1548929092.710344,36
1548929092.723927,37
1548929092.737296,36
1548929092.751000,38
1548929092.764365,39
1548929092.777849,30
1548929092.791177,38
1548929092.804770,13
1548929092.818415,25
1548929092.831756,29
1548929092.845391,29
1548929092.858757,29
1548929092.871441,29
1548929092.884406,33
1548929092.897415,33
1548929092.910852,35
1548929092.924552,35
1548929092.937962,35
1548929092.951501,38
1548929092.964846,36
1548929092.978306,33
1548929092.991614,22
1548929093.004889,25
1548929093.018203,29
1548929093.031755,38
1548929093.045065,17
1548929093.058105,23
1548929093.071556,39
1548929093.085226,29
1548929093.098278,34
1548929093.111708,37
1548929093.125000,37
1548929093.138308,37
1548929093.152124,36
1548929093.165501,37
1548929093.178892,39
1548929093.192539,34
1548929093.205865,30
1548929093.219313,28
1548929093.232650,27
1548929093.245936,27
1548929093.259335,28
1548929093.272772,31
1548929093.286101,31
1548929093.299794,31
1548929093.313289,33
1548929093.326612,33
1548929093.340089,33
1548929093.353460,35
1548929093.366880,37
1548929093.380297,38
1548929093.394027,25
1548929093.407460,37
1548929093.420837,30
1548929093.434156,30
1548929093.447508,30
1548929093.461014,32
1548929093.474576,32
1548929093.488143,33
1548929093.501499,33
1548929093.515002,34
1548929093.528320,36
1548929093.541628,36
1548929093.555186,36
1548929093.568734,37
1548929093.582187,37
1548929093.595666,37
1548929093.609190,37
1548929093.622712,38
1548929093.636175,28
1548929093.649801,32
1548929093.663247,33
1548929093.676771,31
1548929093.690457,34
1548929093.704215,34
1548929093.717554,35
1548929093.730989,35
1548929093.744681,37
1548929093.758435,38
1548929093.771756,40
1548929093.785087,31
1548929093.798982,24
1548929093.812301,38
1548929093.825991,25
1548929093.839434,36
1548929093.853009,39
1548929093.866544,37
1548929093.879983,35
1548929093.893279,37
1548929093.906758,38
1548929093.920300,38
1548929093.933524,37
1548929093.947029,30
1548929093.960379,38
1548929093.974307,5
1548929093.988006,17
1548929094.001691,34
1548929094.015295,37
1548929094.028744,38
1548929094.042035,39
1548929094.055571,37
1548929094.069352,18
1548929094.082714,38
1548929094.096545,29
1548929094.109847,39
1548929094.123661,33
1548929094.136875,33
1548929094.150680,15
1548929094.164219,19
1548929094.177425,38
1548929094.190945,37
1548929094.204269,38
1548929094.217545,36
1548929094.230953,36
1548929094.244393,38
1548929094.258147,26
1548929094.271664,37
1548929094.284959,23
1548929094.298365,36
1548929094.311921,18
1548929094.325279,17
1548929094.338669,39
1548929094.352520,1
1548929094.365872,35
1548929094.379024,35
1548929094.392593,34
1548929094.406025,35
1548929094.419329,35
1548929094.432380,38
1548929094.445480,27
1548929094.459117,29
1548929094.472530,30
1548929094.486210,32
1548929094.499604,32
1548929094.513057,34
1548929094.526995,35
1548929094.540588,33
1548929094.554342,36
1548929094.568030,38
1548929094.581883,37
1548929094.595379,37
1548929094.608866,37
1548929094.622635,38
1548929094.636106,36
1548929094.649434,38
1548929094.663110,28
1548929094.676419,34
1548929094.689902,35
1548929094.703481,35
1548929094.717083,37
1548929094.730547,38
1548929094.744063,37
1548929094.757421,33
1548929094.770737,39
1548929094.784259,18
1548929094.797699,37
1548929094.810940,37
1548929094.824635,37
1548929094.837965,35
1548929094.851364,30
1548929094.865004,30
1548929094.878605,40
1548929094.891934,22
1548929094.905392,15
1548929094.918752,25
1548929094.932362,32
1548929094.946005,32
1548929094.959629,33
1548929094.972958,36
1548929094.986912,36
1548929095.000537,36
1548929095.014011,36
1548929095.027590,38
1548929095.041345,40
1548929095.054727,24
1548929095.068273,35
1548929095.081571,19
1548929095.095179,36
1548929095.108560,39
1548929095.122302,39
1548929095.135653,29
1548929095.149242,37
1548929095.162666,26
1548929095.176352,36
1548929095.189730,36
1548929095.203255,36
1548929095.216806,37
1548929095.230167,37
1548929095.243826,38
1548929095.257570,31
1548929095.270563,34
1548929095.283584,30
1548929095.296756,29
1548929095.310003,38
1548929095.323721,11
1548929095.337161,38
1548929095.350473,34
1548929095.363890,25
1548929095.377485,27
1548929095.391065,38
1548929095.404321,38
1548929095.417890,38
1548929095.431200,33
1548929095.444479,36
1548929095.457795,4
1548929095.471093,17
1548929095.484653,33
1548929095.498646,37
1548929095.511992,28
1548929095.525529,29
1548929095.539198,30
1548929095.552788,31
1548929095.566325,29
1548929095.579516,28
1548929095.593305,30
1548929095.606836,32
1548929095.620526,31
1548929095.634164,32
1548929095.647642,32
1548929095.661492,33
1548929095.674954,34
1548929095.688515,34
1548929095.701853,34
1548929095.715339,35
1548929095.728856,36
1548929095.742354,36
1548929095.755671,36
1548929095.769228,38
1548929095.782518,25
1548929095.795813,36
1548929095.809421,30
1548929095.822722,27
1548929095.836190,30
1548929095.849749,35
1548929095.863405,38
1548929095.876611,32
1548929095.890365,30
1548929095.903706,34
1548929095.916965,33
1548929095.930374,35
1548929095.943686,37
1548929095.957203,38
1548929095.970910,36
1548929095.984240,37
1548929095.997796,37
1548929096.011538,36
1548929096.024858,39
1548929096.038486,18
1548929096.051866,30
1548929096.065203,33
1548929096.078943,33
1548929096.092300,35
1548929096.105542,34
1548929096.119088,33
1548929096.132610,37
1548929096.146313,36
1548929096.159953,38
1548929096.173382,37
1548929096.187122,37
1548929096.200408,26
1548929096.214236,36
1548929096.227555,26
1548929096.240986,29
1548929096.254636,36
1548929096.268119,6
1548929096.281396,20
1548929096.294966,28
1548929096.308727,29
1548929096.321994,8
1548929096.335479,12
1548929096.349001,38
1548929096.362668,38
1548929096.376178,38
1548929096.389625,37
1548929096.403312,39
1548929096.416623,25
1548929096.430052,31
1548929096.443634,31
1548929096.457178,33
1548929096.470469,32
1548929096.483914,32
1548929096.497454,37
1548929096.511167,37
1548929096.524969,38
1548929096.538381,17
1548929096.551829,37
1548929096.565620,32
1548929096.579143,36
1548929096.592543,27
1548929096.606260,28
1548929096.619613,32
1548929096.633129,33
1548929096.646837,36
1548929096.660211,35
1548929096.673731,33
1548929096.687252,35
1548929096.700655,38
1548929096.714310,29
1548929096.727642,37
1548929096.741396,15
1548929096.755008,30
1548929096.768475,35
1548929096.782112,37
1548929096.795633,36
1548929096.808925,38
1548929096.822345,31
1548929096.835815,33
1548929096.849447,34
1548929096.863267,37
1548929096.876990,35
1548929096.890148,37
1548929096.903543,39
1548929096.917287,38
1548929096.931226,32
1548929096.945156,37
1548929096.958812,39
1548929096.972432,32
1548929096.986601,37
1548929097.000592,36
1548929097.014516,38
1548929097.028737,34
1548929097.042772,34
1548929097.056563,34
1548929097.069567,34
1548929097.082616,36
1548929097.096259,35
1548929097.110000,38
1548929097.123397,38
1548929097.137452,36
1548929097.150689,40
1548929097.164076,12
1548929097.177655,32
1548929097.191430,33
1548929097.205331,33
1548929097.218750,34
1548929097.232211,38
1548929097.245604,33
1548929097.258897,21
1548929097.272633,33
1548929097.286011,34
1548929097.299655,33
1548929097.313159,38
1548929097.327002,39
1548929097.340741,36
1548929097.354601,29
1548929097.368160,33
1548929097.381548,31
1548929097.395090,33
1548929097.408447,35
1548929097.422118,35
1548929097.436079,38
1548929097.449638,37
1548929097.463587,35
1548929097.477059,37
1548929097.490909,37
1548929097.504527,38
1548929097.517899,37
1548929097.531659,30
1548929097.545419,34
1548929097.560068,36
1548929097.573651,37
1548929097.586684,37
1548929097.600006,39
1548929097.613584,39
1548929097.626960,30
1548929097.640458,36
1548929097.653818,19
1548929097.667335,28
1548929097.680724,40
1548929097.694169,27
1548929097.707645,37
1548929097.721289,38
1548929097.734537,25
1548929097.747990,28
1548929097.761826,31
1548929097.774808,30
1548929097.787081,31
1548929097.799145,33
1548929097.811240,31
1548929097.823444,33
1548929097.835611,34
1548929097.847753,35
1548929097.860709,34
1548929097.873219,36
1548929097.885985,37
1548929097.899714,37
1548929097.913228,35
1548929097.926917,37
1548929097.940514,38
1548929097.954080,39
1548929097.968406,31
1548929097.982262,31
1548929097.995626,27
1548929098.009570,33
1548929098.023586,34
1548929098.037000,37
1548929098.050328,38
1548929098.063939,38
1548929098.077504,38
1548929098.091443,40
1548929098.104776,21
1548929098.118446,30
1548929098.132018,30
1548929098.145189,33
1548929098.158826,34
1548929098.172042,36
1548929098.185760,36
1548929098.199370,36
1548929098.212858,38
1548929098.226329,22
1548929098.240170,26
1548929098.253656,38
1548929098.267125,15
1548929098.280609,28
1548929098.294696,34
1548929098.308550,33
1548929098.321941,11
1548929098.335349,36
1548929098.348983,38
1548929098.362742,36
1548929098.376169,40
1548929098.389742,25
1548929098.403183,32
1548929098.416581,31
1548929098.430233,30
1548929098.443794,32
1548929098.457394,31
1548929098.470741,31
1548929098.484065,33
1548929098.497348,31
1548929098.510828,33
1548929098.524168,32
1548929098.537792,32
1548929098.551506,33
1548929098.565207,37
1548929098.579038,37
1548929098.592741,37
1548929098.606355,39
1548929098.619856,38
1548929098.633272,38
1548929098.646730,37
1548929098.660115,15
1548929098.673467,35
1548929098.686843,30
1548929098.700473,26
1548929098.714130,36
1548929098.727795,38
1548929098.741092,19
1548929098.754472,14
1548929098.767983,37
1548929098.780898,8
1548929098.793985,17
1548929098.806774,0
1548929098.820211,29
1548929098.833634,38
1548929098.847000,30
1548929098.860314,33
1548929098.873627,32
1548929098.886865,35
1548929098.900896,34
1548929098.914609,38
1548929098.927971,31
1548929098.941247,36
1548929098.955232,37
1548929098.968943,38
1548929098.982926,37
1548929098.996672,38
1548929099.010271,32
1548929099.024309,39
1548929099.037565,31
1548929099.050933,31
1548929099.064442,33
1548929099.077692,33
1548929099.091476,33
1548929099.104866,32
1548929099.118595,34
1548929099.131986,35
1548929099.145603,34
1548929099.159643,36
1548929099.173536,38
1548929099.187037,35
1548929099.200752,39
1548929099.214138,37
1548929099.227642,38
1548929099.240937,33
1548929099.254716,25
