1548930203.892192,0
1548930203.904955,0
1548930203.917096,5
1548930203.929414,24
1548930203.942345,41
1548930203.955625,65
1548930203.969028,86
1548930203.982692,115
1548930203.996298,139
1548930204.009794,165
1548930204.023277,199
1548930204.036688,227
1548930204.050116,266
1548930204.063448,289
1548930204.076809,306
1548930204.090157,318
1548930204.103874,322
1548930204.117346,343
1548930204.131041,358
1548930204.144692,360
1548930204.158223,381
1548930204.171610,399
1548930204.185025,401
1548930204.198391,400
1548930204.211749,402
1548930204.225188,401
1548930204.238570,401
1548930204.251941,402
1548930204.265234,421
1548930204.278682,454
1548930204.292222,451
1548930204.306081,466
1548930204.318719,475
1548930204.331973,504
1548930204.345213,503
1548930204.358599,503
1548930204.371886,505
1548930204.385148,505
1548930204.398505,506
1548930204.411804,504
1548930204.425800,496
1548930204.439185,522
1548930204.452500,522
1548930204.466044,519
1548930204.479512,520
1548930204.491223,530
1548930204.503500,533
1548930204.516592,557
1548930204.530062,566
1548930204.543477,566
1548930204.556730,566
1548930204.569996,566
1548930204.583477,566
1548930204.596832,554
1548930204.610331,550
1548930204.623715,572
1548930204.637066,587
1548930204.650413,585
1548930204.663754,576
1548930204.677210,562
1548930204.690580,547
1548930204.703920,547
1548930204.717194,546
1548930204.730517,544
1548930204.743819,545
1548930204.757123,543
1548930204.770504,544
1548930204.783796,543
1548930204.797066,543
1548930204.810315,544
1548930204.823816,532
1548930204.837152,527
1548930204.850538,541
1548930204.863917,574
1548930204.877172,617
1548930204.890458,618
1548930204.903810,616
1548930204.917268,615
1548930204.930238,614
1548930204.943535,614
1548930204.956965,615
1548930204.970471,615
1548930204.983719,614
1548930204.996938,614
1548930205.010109,614
1548930205.023423,615
1548930205.036716,614
1548930205.050000,614
1548930205.063308,618
1548930205.076711,608
1548930205.090084,600
1548930205.103454,582
1548930205.116847,571
1548930205.130191,557
1548930205.143834,546
1548930205.157383,543
1548930205.171172,542
1548930205.185037,542
1548930205.198520,542
1548930205.211910,543
1548930205.225239,542
1548930205.238571,543
1548930205.251924,542
1548930205.265343,542
1548930205.278762,543
1548930205.292133,543
1548930205.305554,544
1548930205.318903,543
1548930205.332530,530
1548930205.346001,524
1548930205.359421,520
1548930205.373278,517
1548930205.386794,516
1548930205.400205,516
1548930205.413527,516
1548930205.426800,517
1548930205.440623,519
1548930205.454059,518
1548930205.467655,517
1548930205.481065,517
1548930205.494413,517
1548930205.507779,515
1548930205.521153,515
1548930205.534522,515
1548930205.548015,515
1548930205.561261,516
1548930205.574710,516
1548930205.588079,516
1548930205.601313,516
1548930205.614878,517
1548930205.628453,517
1548930205.641838,517
1548930205.655205,518
1548930205.668542,517
1548930205.681858,515
1548930205.695410,515
1548930205.708734,516
1548930205.722093,515
1548930205.735484,515
1548930205.748882,515
1548930205.762359,515
1548930205.776520,515
1548930205.790527,515
1548930205.804445,515
1548930205.818127,515
1548930205.831526,517
1548930205.844935,516
1548930205.858787,517
1548930205.871697,518
1548930205.884611,516
1548930205.897815,516
1548930205.911113,516
1548930205.924471,517
1548930205.938820,517
1548930205.952741,518
1548930205.966417,517
1548930205.980132,516
1548930205.993610,516
1548930206.007309,516
1548930206.020701,516
1548930206.034072,516
1548930206.047463,517
1548930206.061016,516
1548930206.074764,518
1548930206.088085,517
1548930206.101349,517
1548930206.114601,518
1548930206.127817,518
1548930206.141420,519
1548930206.154734,519
1548930206.167997,518
1548930206.181287,518
1548930206.195008,517
1548930206.208331,516
1548930206.221642,516
1548930206.234997,516
1548930206.248627,516
1548930206.262258,516
1548930206.275615,517
1548930206.288931,517
1548930206.302283,517
1548930206.315888,517
1548930206.329245,517
1548930206.342792,518
1548930206.356154,516
1548930206.369624,516
1548930206.383284,517
1548930206.396656,518
1548930206.410056,516
1548930206.423484,515
1548930206.436910,515
1548930206.450292,515
1548930206.463623,516
1548930206.476922,515
1548930206.490234,516
1548930206.503975,516
1548930206.517415,515
1548930206.530965,515
1548930206.544367,513
1548930206.557722,515
1548930206.571303,515
1548930206.584682,515
1548930206.598079,515
1548930206.611443,515
1548930206.624936,516
1548930206.638440,515
1548930206.651801,515
1548930206.665173,516
1548930206.678539,516
1548930206.691945,516
1548930206.705422,517
1548930206.718813,516
1548930206.732189,516
1548930206.745657,516
1548930206.759022,516
1548930206.772349,516
1548930206.785640,516
1548930206.799004,516
1548930206.812547,516
1548930206.825927,517
1548930206.839280,516
1548930206.852625,517
1548930206.865963,516
1548930206.879312,517
1548930206.892658,516
1548930206.905997,517
1548930206.919554,516
1548930206.933193,516
1548930206.946805,516
1548930206.960235,519
1548930206.974100,519
1548930206.987602,520
1548930207.000913,520
1548930207.014281,519
1548930207.027610,518
1548930207.040948,518
1548930207.054285,519
1548930207.067621,519
1548930207.080941,519
1548930207.094289,519
1548930207.107601,519
1548930207.120935,520
1548930207.134250,521
1548930207.147567,520
1548930207.160865,520
1548930207.174204,520
1548930207.187623,521
1548930207.200940,519
1548930207.214246,519
1548930207.227564,519
1548930207.240872,517
1548930207.254209,517
1548930207.267522,517
1548930207.280818,517
1548930207.294144,516
1548930207.307487,517
1548930207.320835,516
1548930207.334162,516
1548930207.347484,515
1548930207.360868,516
1548930207.374240,515
1548930207.387618,515
1548930207.400916,515
1548930207.414296,516
1548930207.427701,516
1548930207.441040,516
1548930207.454374,516
1548930207.467844,518
1548930207.481176,518
1548930207.494592,518
1548930207.507929,519
1548930207.521370,519
1548930207.535061,519
1548930207.548463,518
1548930207.561864,517
1548930207.575227,519
1548930207.588553,520
1548930207.601870,519
1548930207.615204,520
1548930207.628542,519
1548930207.641787,519
1548930207.655078,519
1548930207.668463,518
1548930207.681809,517
1548930207.695126,517
1548930207.708469,516
1548930207.721726,516
1548930207.735059,517
1548930207.748461,514
1548930207.761792,515
1548930207.775155,514
1548930207.788464,514
1548930207.801798,515
1548930207.815284,515
1548930207.828735,515
1548930207.842077,514
1548930207.855422,514
1548930207.868786,513
1548930207.882132,514
1548930207.895482,513
1548930207.908778,514
1548930207.922141,515
1548930207.935636,515
1548930207.948913,516
1548930207.962385,516
1548930207.975678,516
1548930207.988946,517
1548930208.002307,516
1548930208.015227,516
1548930208.028102,517
1548930208.041115,516
1548930208.054423,516
1548930208.067696,515
1548930208.080933,517
1548930208.094260,519
1548930208.107508,518
1548930208.120909,518
1548930208.134218,517
1548930208.147459,517
1548930208.160739,517
1548930208.174038,517
1548930208.187345,517
1548930208.200629,516
1548930208.213847,517
1548930208.227218,516
1548930208.240640,517
1548930208.253989,516
1548930208.267333,517
1548930208.280656,516
1548930208.293952,516
1548930208.307309,517
1548930208.320595,517
1548930208.333870,517
1548930208.347227,517
1548930208.360638,518
1548930208.374021,516
1548930208.387421,516
1548930208.400771,516
1548930208.414089,516
1548930208.427433,517
1548930208.440784,516
1548930208.454102,517
1548930208.467451,516
1548930208.480796,516
1548930208.494136,516
1548930208.507592,515
1548930208.520903,514
1548930208.534226,515
1548930208.547607,514
1548930208.560906,516
1548930208.574197,515
1548930208.587576,514
1548930208.600854,514
1548930208.614177,514
1548930208.627538,514
1548930208.640823,515
1548930208.654314,515
1548930208.667742,516
1548930208.681157,514
1548930208.694568,514
1548930208.707980,515
1548930208.721516,514
1548930208.734992,515
1548930208.748459,516
1548930208.761903,516
1548930208.775243,516
1548930208.788607,516
1548930208.801966,517
1548930208.815442,518
1548930208.828766,517
1548930208.842039,518
1548930208.855781,518
1548930208.869163,518
1548930208.882569,518
1548930208.895896,518
1548930208.909185,518
1548930208.922476,521
1548930208.935902,520
1548930208.949241,520
1548930208.962638,518
1548930208.975971,521
1548930208.989303,521
1548930209.002900,521
1548930209.016317,521
1548930209.030229,521
1548930209.043691,521
1548930209.057080,520
1548930209.070472,520
1548930209.083837,519
1548930209.097171,519
1548930209.110562,519
1548930209.123944,520
1548930209.137291,519
1548930209.150644,520
1548930209.164003,520
1548930209.177360,521
1548930209.190770,520
1548930209.204161,519
1548930209.217519,520
1548930209.230889,521
1548930209.244241,519
1548930209.257533,519
1548930209.270830,519
1548930209.284136,519
1548930209.297505,519
1548930209.310813,519
1548930209.324131,520
1548930209.337417,519
1548930209.350739,519
1548930209.364084,519
1548930209.377385,520
1548930209.390719,519
1548930209.404015,519
1548930209.417432,519
1548930209.430767,519
1548930209.444097,519
1548930209.457383,519
1548930209.470725,520
1548930209.484092,520
1548930209.497468,521
1548930209.510819,521
1548930209.524144,520
1548930209.537409,519
1548930209.550724,520
1548930209.563974,520
1548930209.577239,519
1548930209.590541,518
1548930209.604041,519
1548930209.617378,517
1548930209.630701,516
1548930209.644007,516
1548930209.657325,516
1548930209.670657,516
1548930209.683984,516
1548930209.697274,518
1548930209.710618,516
1548930209.723941,518
1548930209.737237,517
1548930209.750522,519
1548930209.763853,518
1548930209.776909,516
1548930209.790120,516
1548930209.803567,516
1548930209.816887,515
1548930209.830280,516
1548930209.843620,516
1548930209.856973,517
1548930209.870295,517
1548930209.883657,517
1548930209.896990,517
1548930209.910556,517
1548930209.924325,519
1548930209.938201,520
1548930209.951697,519
1548930209.965229,519
1548930209.978619,517
1548930209.992008,516
1548930210.005245,517
1548930210.018594,516
1548930210.031934,517
1548930210.045243,518
1548930210.058607,517
1548930210.071913,517
1548930210.085208,517
1548930210.098869,516
1548930210.112215,517
1548930210.125515,516
1548930210.138840,517
1548930210.152179,517
1548930210.165517,517
1548930210.178885,518
1548930210.192215,516
1548930210.205494,514
1548930210.218791,514
1548930210.232125,514
1548930210.245430,514
1548930210.258751,514
1548930210.272092,514
1548930210.285415,515
1548930210.298770,514
1548930210.312059,515
1548930210.325379,515
1548930210.338711,515
1548930210.352028,516
1548930210.365293,515
1548930210.378620,514
1548930210.391939,515
1548930210.405226,515
1548930210.418610,515
1548930210.431932,515
1548930210.445231,517
1548930210.458572,515
1548930210.471911,515
1548930210.485218,515
1548930210.498547,516
1548930210.511964,515
1548930210.525301,515
1548930210.538663,516
1548930210.551988,516
1548930210.565272,516
1548930210.578595,517
1548930210.591973,517
1548930210.605253,518
1548930210.618634,517
1548930210.631944,518
1548930210.645240,517
1548930210.658870,516
1548930210.672209,517
1548930210.685493,516
1548930210.698956,517
1548930210.712267,516
1548930210.725549,516
1548930210.738906,516
1548930210.752195,516
1548930210.765476,516
1548930210.778828,516
1548930210.792217,518
1548930210.805504,517
1548930210.818824,516
1548930210.832105,516
1548930210.845440,516
1548930210.858726,517
1548930210.872020,516
1548930210.885351,517
1548930210.898752,517
1548930210.912045,517
1548930210.925330,518
1548930210.938647,518
1548930210.952005,518
1548930210.965329,519
1548930210.978775,519
1548930210.992154,520
1548930211.005495,518
1548930211.018854,518
1548930211.032223,517
1548930211.045474,517
1548930211.058796,517
1548930211.072098,518
1548930211.085393,519
1548930211.098754,519
1548930211.112231,520
1548930211.125542,519
1548930211.138874,520
1548930211.152214,521
1548930211.165522,520
1548930211.178893,521
1548930211.192260,520
1548930211.205497,519
1548930211.218959,518
1548930211.232308,520
1548930211.245588,519
1548930211.258926,518
1548930211.272227,518
1548930211.285512,518
1548930211.298848,519
1548930211.312169,517
1548930211.325419,517
1548930211.338957,516
1548930211.352370,516
1548930211.365709,515
1548930211.379252,516
1548930211.392604,515
1548930211.405952,517
1548930211.419298,516
1548930211.432585,516
1548930211.445978,515
1548930211.459346,515
1548930211.472698,515
1548930211.485999,515
1548930211.499321,514
1548930211.512632,514
1548930211.525876,515
1548930211.539252,515
1548930211.552586,516
1548930211.565941,515
1548930211.579307,515
1548930211.592721,514
1548930211.606012,515
1548930211.619340,513
1548930211.632640,514
1548930211.645976,513
1548930211.659313,513
1548930211.672646,513
1548930211.685933,512
1548930211.699251,514
1548930211.712524,514
1548930211.725853,515
1548930211.739200,515
1548930211.752451,516
1548930211.765728,515
1548930211.779045,515
1548930211.792472,515
1548930211.806059,514
1548930211.819644,515
1548930211.833097,517
1548930211.846518,516
1548930211.859927,518
1548930211.873281,518
1548930211.886636,519
1548930211.900023,518
1548930211.913417,519
1548930211.926243,519
1548930211.939254,519
1548930211.952454,519
1548930211.966021,518
1548930211.979452,519
1548930211.992849,521
1548930212.006244,519
1548930212.019611,519
1548930212.032886,519
1548930212.046179,520
1548930212.059528,519
1548930212.072851,520
1548930212.086332,518
1548930212.100099,518
1548930212.113552,517
1548930212.126956,517
1548930212.140281,516
1548930212.153847,516
1548930212.167165,516
1548930212.180479,518
1548930212.193926,517
1548930212.207294,516
1548930212.220638,516
1548930212.233947,517
1548930212.247281,515
1548930212.260606,517
1548930212.273930,517
1548930212.287328,517
1548930212.300624,517
1548930212.314062,517
1548930212.327365,517
1548930212.340838,518
1548930212.354150,517
1548930212.367493,517
1548930212.380825,517
1548930212.394398,517
1548930212.407779,517
1548930212.421103,515
1548930212.434417,516
1548930212.447765,515
1548930212.461064,516
1548930212.474404,516
1548930212.487723,517
1548930212.501032,516
1548930212.514358,517
1548930212.527728,516
1548930212.540991,516
1548930212.554312,517
1548930212.567751,517
1548930212.581056,517
1548930212.594363,516
1548930212.607672,517
1548930212.620955,517
1548930212.634233,517
1548930212.647691,519
1548930212.661031,519
1548930212.674339,520
1548930212.687616,520
1548930212.700911,518
1548930212.714303,519
1548930212.727642,520
1548930212.740926,520
1548930212.754253,519
1548930212.767555,519
1548930212.780891,520
1548930212.794204,519
1548930212.807501,521
1548930212.820778,520
1548930212.834143,521
1548930212.847500,521
1548930212.860698,522
1548930212.873940,521
1548930212.887256,521
1548930212.900559,520
1548930212.913853,520
1548930212.927134,519
1548930212.940436,520
1548930212.953738,521
1548930212.967047,520
1548930212.980420,518
1548930212.993964,519
1548930213.007380,519
1548930213.020734,519
1548930213.034043,520
1548930213.047397,519
1548930213.060787,518
1548930213.074423,517
1548930213.087816,517
1548930213.101203,517
1548930213.114597,518
1548930213.128029,519
1548930213.141357,518
1548930213.154813,518
1548930213.168216,517
1548930213.181515,517
1548930213.194827,517
1548930213.208249,516
1548930213.221552,517
1548930213.234905,516
1548930213.248201,515
1548930213.261510,515
1548930213.275034,516
1548930213.288363,516
1548930213.301630,517
1548930213.315014,517
1548930213.328353,517
1548930213.341653,517
1548930213.354880,518
1548930213.368126,517
1548930213.381348,517
1548930213.394693,517
1548930213.408032,518
1548930213.421313,517
1548930213.434600,517
1548930213.447920,517
1548930213.461245,517
1548930213.474596,517
1548930213.487913,516
1548930213.501186,516
1548930213.514507,515
1548930213.527804,514
1548930213.541134,514
1548930213.554427,514
1548930213.567713,513
1548930213.581028,516
1548930213.594338,515
1548930213.607621,515
1548930213.621003,515
1548930213.634997,516
1548930213.648860,515
1548930213.662443,515
1548930213.675860,516
1548930213.689244,515
1548930213.702587,516
1548930213.715921,515
1548930213.729207,515
1548930213.742471,516
1548930213.755788,515
1548930213.769379,516
1548930213.782816,517
1548930213.796169,516
1548930213.809493,516
1548930213.823026,516
1548930213.836341,516
1548930213.849667,515
1548930213.863199,517
1548930213.876595,517
1548930213.890083,517
1548930213.903524,518
1548930213.916946,517
1548930213.930297,519
1548930213.943651,518
1548930213.957148,519
1548930213.970758,519
1548930213.984182,519
1548930213.997514,519
1548930214.010908,519
1548930214.024356,520
1548930214.037741,521
1548930214.051112,519
1548930214.064474,521
1548930214.077856,520
1548930214.091222,521
1548930214.104579,520
1548930214.117886,520
1548930214.131297,520
1548930214.144615,520
1548930214.157929,521
1548930214.171241,520
1548930214.184552,521
1548930214.197904,520
1548930214.211202,519
1548930214.224703,519
1548930214.238094,522
1548930214.251414,522
1548930214.264753,522
1548930214.278104,521
1548930214.291404,521
1548930214.304725,521
1548930214.318006,521
1548930214.331432,521
1548930214.344717,521
1548930214.358045,521
1548930214.371383,520
1548930214.384752,521
1548930214.398055,521
1548930214.411362,521
1548930214.424707,523
1548930214.438069,522
1548930214.451467,523
1548930214.464811,522
1548930214.478099,522
1548930214.491427,522
1548930214.504721,522
1548930214.517986,520
1548930214.531314,520
1548930214.544636,520
1548930214.557947,521
1548930214.571263,520
1548930214.584604,521
1548930214.597905,520
1548930214.611252,520
1548930214.624558,519
1548930214.637835,519
1548930214.651194,520
1548930214.664502,518
1548930214.677841,519
1548930214.691161,518
1548930214.704455,519
1548930214.717722,519
1548930214.731022,520
1548930214.744325,519
1548930214.757585,520
1548930214.770895,520
1548930214.784226,520
1548930214.797516,520
1548930214.810860,520
1548930214.824341,520
1548930214.837634,519
1548930214.851051,520
1548930214.864247,519
1548930214.877387,518
1548930214.890746,519
1548930214.904050,519
1548930214.917327,519
1548930214.930658,519
1548930214.944067,520
1548930214.957365,522
1548930214.970711,521
1548930214.984052,523
1548930214.997353,524
1548930215.010705,523
1548930215.023990,524
1548930215.037290,522
1548930215.050564,522
1548930215.063900,523
1548930215.077170,522
1548930215.090544,523
1548930215.103866,522
1548930215.117123,521
1548930215.130455,521
1548930215.143817,523
1548930215.157152,522
1548930215.170470,523
1548930215.183773,522
1548930215.197073,522
1548930215.210534,519
1548930215.223884,520
1548930215.237138,519
1548930215.250519,519
1548930215.263862,519
1548930215.277162,519
1548930215.290469,520
1548930215.303767,519
1548930215.317051,519
1548930215.330404,519
1548930215.343724,519
1548930215.357041,519
1548930215.370351,519
1548930215.383746,520
1548930215.397089,518
1548930215.410464,519
1548930215.423936,519
1548930215.437378,518
1548930215.450884,519
1548930215.464226,520
1548930215.477515,519
1548930215.490876,517
1548930215.504210,516
1548930215.517521,516
1548930215.530872,516
1548930215.544199,515
1548930215.557469,515
1548930215.570804,516
1548930215.584079,517
1548930215.597421,516
1548930215.610740,517
1548930215.624034,516
1548930215.637311,516
1548930215.650653,517
1548930215.663955,517
1548930215.677236,516
1548930215.690526,515
1548930215.703899,515
1548930215.717146,516
1548930215.730464,513
1548930215.743787,514
1548930215.757063,513
1548930215.770440,513
1548930215.783798,513
1548930215.797159,513
1548930215.810460,514
1548930215.823775,516
1548930215.837061,515
1548930215.850407,516
1548930215.863683,515
1548930215.877009,515
1548930215.890236,516
1548930215.903592,515
1548930215.916910,516
1548930215.930717,516
1548930215.944079,516
1548930215.957374,515
1548930215.970696,515
1548930215.984323,515
1548930215.997652,515
1548930216.011084,516
1548930216.024525,517
1548930216.037830,516
1548930216.051137,516
1548930216.064433,515
1548930216.077721,515
1548930216.091163,515
1548930216.104448,516
1548930216.117726,516
1548930216.131037,516
1548930216.144353,515
1548930216.157601,516
1548930216.170913,515
1548930216.184241,515
1548930216.197495,516
1548930216.210830,513
1548930216.224160,514
1548930216.237413,512
1548930216.250741,514
1548930216.264080,514
1548930216.277343,514
1548930216.290671,513
1548930216.303971,513
1548930216.317198,514
1548930216.330672,513
1548930216.344009,513
1548930216.357250,513
1548930216.370565,512
1548930216.383866,512
1548930216.397100,513
1548930216.410411,514
1548930216.423684,513
1548930216.437122,516
1548930216.450484,515
1548930216.464245,515
1548930216.477539,515
1548930216.490847,515
1548930216.504145,516
1548930216.517438,516
1548930216.530740,516
1548930216.544055,515
1548930216.557324,515
1548930216.570755,517
1548930216.584314,518
1548930216.597588,517
1548930216.610917,518
1548930216.624338,517
1548930216.637666,518
1548930216.651026,517
1548930216.664365,517
1548930216.677645,517
1548930216.690991,519
1548930216.704381,517
1548930216.717651,517
1548930216.730995,516
1548930216.744298,516
1548930216.757554,516
1548930216.770894,516
1548930216.784177,517
1548930216.797463,515
1548930216.810818,515
1548930216.824146,515
1548930216.837440,514
1548930216.850796,516
1548930216.864128,515
1548930216.877403,515
1548930216.890876,515
1548930216.904217,516
1548930216.917504,515
1548930216.930844,516
1548930216.944279,517
1548930216.957535,516
1548930216.970842,516
1548930216.984162,516
1548930216.997487,517
1548930217.010814,518
1548930217.024355,519
1548930217.037660,518
1548930217.051012,518
1548930217.064318,518
1548930217.077558,517
1548930217.090824,517
1548930217.104089,517
1548930217.117455,516
1548930217.130796,515
1548930217.144128,515
1548930217.157385,515
1548930217.170706,516
1548930217.184009,515
1548930217.197260,515
1548930217.210573,514
1548930217.223993,514
1548930217.237370,514
1548930217.250704,513
1548930217.264087,513
1548930217.277364,512
1548930217.290675,513
1548930217.304021,512
1548930217.317280,512
1548930217.330769,513
1548930217.344092,512
1548930217.357394,511
1548930217.370861,511
1548930217.384316,510
1548930217.397638,510
1548930217.411009,510
1548930217.424309,510
1548930217.437610,510
1548930217.451009,510
1548930217.464521,511
1548930217.477854,510
1548930217.491380,511
1548930217.504743,511
1548930217.518094,511
1548930217.531426,511
1548930217.544725,511
1548930217.558105,511
1548930217.571485,512
1548930217.584845,512
1548930217.598215,512
1548930217.611573,513
1548930217.624874,512
1548930217.638206,511
1548930217.651516,511
1548930217.664827,511
1548930217.678357,511
1548930217.691922,512
1548930217.705267,512
1548930217.718605,512
1548930217.731909,513
1548930217.745156,514
1548930217.758569,513
1548930217.772047,514
1548930217.785344,515
1548930217.798665,514
1548930217.812334,514
1548930217.825609,515
1548930217.838942,514
1548930217.852265,514
1548930217.865543,514
1548930217.878999,514
1548930217.892440,514
1548930217.905720,514
1548930217.919152,514
1548930217.932827,515
1548930217.946179,515
1548930217.959569,515
1548930217.972339,514
1548930217.985540,515
1548930217.999584,514
1548930218.013316,515
1548930218.027059,515
1548930218.040680,516
1548930218.054082,516
1548930218.067399,516
1548930218.080697,516
1548930218.093966,516
1548930218.107593,516
1548930218.120888,517
1548930218.134512,516
1548930218.148124,516
1548930218.161397,516
1548930218.174710,516
1548930218.187986,516
1548930218.201257,514
1548930218.214559,514
1548930218.227846,514
1548930218.241483,514
1548930218.255029,514
1548930218.268319,515
1548930218.281578,513
1548930218.294915,511
1548930218.308197,512
1548930218.321468,510
1548930218.335120,510
1548930218.348417,510
1548930218.362169,512
1548930218.375488,511
1548930218.388814,512
1548930218.402121,511
1548930218.415451,511
1548930218.428729,511
1548930218.442394,511
1548930218.455726,511
1548930218.469011,511
1548930218.482638,511
1548930218.496262,511
1548930218.509554,510
1548930218.522897,511
1548930218.536234,510
1548930218.549509,510
1548930218.563007,510
1548930218.576620,510
1548930218.589892,511
1548930218.603491,510
1548930218.616832,511
1548930218.630161,511
1548930218.643415,511
1548930218.656757,510
1548930218.670373,510
1548930218.684028,510
1548930218.697356,510
1548930218.710968,511
1548930218.724256,510
1548930218.737504,510
1548930218.750807,511
1548930218.764114,510
1548930218.777694,510
1548930218.791123,511
1548930218.804941,510
1548930218.818301,511
1548930218.831628,510
1548930218.844896,510
1548930218.858212,510
1548930218.871567,510
1548930218.884993,510
1548930218.898518,511
1548930218.911884,512
1548930218.925499,512
1548930218.938818,512
1548930218.952143,512
1548930218.965405,512
1548930218.978766,512
1548930218.992077,512
1548930219.005629,512
1548930219.018996,511
1548930219.032308,511
1548930219.045913,512
1548930219.059547,512
1548930219.072818,513
1548930219.086129,512
1548930219.099435,512
1548930219.112724,512
1548930219.126340,513
1548930219.139663,512
1548930219.152948,513
1548930219.166574,513
1548930219.179965,514
1548930219.193341,513
1548930219.206934,512
1548930219.220783,512
1548930219.234710,512
1548930219.248470,512
1548930219.262192,512
1548930219.275534,512
1548930219.288842,512
1548930219.302183,512
1548930219.315515,512
1548930219.328828,512
1548930219.342116,513
1548930219.355757,514
1548930219.369366,514
1548930219.382720,513
1548930219.396023,514
1548930219.409302,513
1548930219.422589,513
1548930219.435901,513
1548930219.449562,512
1548930219.463083,513
1548930219.476514,512
1548930219.490001,512
1548930219.503274,512
1548930219.516603,512
1548930219.529925,512
1548930219.543265,513
1548930219.557019,512
1548930219.570358,513
1548930219.583663,513
1548930219.597258,512
1548930219.610811,513
1548930219.624169,512
1548930219.637462,512
1548930219.650837,511
1548930219.664134,511
1548930219.677482,511
1548930219.691027,511
1548930219.704429,511
1548930219.717971,511
1548930219.731350,511
1548930219.744748,511
1548930219.758061,511
1548930219.771416,511
1548930219.784769,511
1548930219.798163,511
1548930219.811745,512
1548930219.825316,512
1548930219.838691,512
1548930219.852071,511
1548930219.865308,512
1548930219.878659,510
1548930219.892039,511
1548930219.905299,510
1548930219.919008,510
1548930219.932382,512
1548930219.945859,511
1548930219.959152,511
1548930219.972577,511
1548930219.985873,511
1548930219.999179,511
1548930220.012524,513
1548930220.025885,512
1548930220.039283,513
1548930220.052586,513
1548930220.065878,514
1548930220.079168,513
1548930220.092441,513
1548930220.105814,513
1548930220.119146,513
1548930220.132472,513
1548930220.145806,513
1548930220.159147,515
1548930220.172473,514
1548930220.185767,515
1548930220.199075,514
1548930220.212369,513
1548930220.225654,513
1548930220.238964,513
1548930220.252239,514
1548930220.265525,514
1548930220.278902,515
1548930220.292221,515
1548930220.305495,516
1548930220.318796,515
1548930220.332108,515
1548930220.345447,516
1548930220.358818,516
1548930220.372145,516
1548930220.385412,517
1548930220.398625,517
1548930220.412155,517
1548930220.425505,517
1548930220.438832,516
1548930220.452164,517
1548930220.465473,516
1548930220.478882,517
1548930220.492229,517
1548930220.505516,517
1548930220.518818,518
1548930220.532151,517
1548930220.545428,516
1548930220.558717,515
1548930220.572065,515
1548930220.585349,516
1548930220.598713,514
1548930220.612041,515
1548930220.625326,514
1548930220.638642,514
1548930220.652056,514
1548930220.665472,514
1548930220.678794,513
1548930220.692281,513
1548930220.705602,513
1548930220.718976,513
1548930220.732371,513
1548930220.745724,512
1548930220.759141,512
1548930220.772460,512
1548930220.785749,512
1548930220.799082,512
1548930220.812406,512
1548930220.825655,513
1548930220.839058,512
1548930220.852412,513
1548930220.865726,512
1548930220.879041,513
1548930220.892281,512
1548930220.905607,511
1548930220.918884,513
1548930220.932241,512
1548930220.945574,513
1548930220.958879,512
1548930220.972200,514
1548930220.985505,513
1548930220.998867,513
1548930221.012190,513
1548930221.026001,513
1548930221.039395,513
1548930221.052721,513
1548930221.066006,514
1548930221.079425,513
1548930221.093191,513
1548930221.107121,513
1548930221.120602,513
1548930221.134083,513
1548930221.147472,513
1548930221.160889,514
1548930221.174267,513
1548930221.187599,514
1548930221.200900,511
1548930221.214237,511
1548930221.227560,511
1548930221.240916,512
1548930221.254248,512
1548930221.267641,512
1548930221.280971,513
1548930221.294340,515
1548930221.307675,514
1548930221.320951,514
1548930221.334289,514
1548930221.347588,514
1548930221.360842,515
1548930221.374390,514
1548930221.387824,514
1548930221.401484,515
1548930221.414837,516
1548930221.428152,515
1548930221.441436,515
1548930221.455363,516
1548930221.468893,516
1548930221.482439,517
1548930221.496009,517
1548930221.509287,516
1548930221.522595,515
1548930221.535908,515
1548930221.549180,515
1548930221.562468,515
1548930221.575771,514
1548930221.589404,513
1548930221.603090,515
1548930221.616448,516
1548930221.629722,515
1548930221.643014,515
1548930221.656328,517
1548930221.669660,516
1548930221.683464,518
1548930221.696763,517
1548930221.710246,517
1548930221.723839,518
1548930221.737152,517
1548930221.750447,518
1548930221.763763,517
1548930221.777036,517
1548930221.790613,517
1548930221.804001,517
1548930221.817255,514
1548930221.830933,515
1548930221.844488,515
1548930221.857849,515
1548930221.871169,514
1548930221.884466,514
1548930221.897810,515
1548930221.911114,514
1548930221.924448,516
1548930221.937808,514
1548930221.951604,514
1548930221.964989,514
1548930221.978405,515
1548930221.991695,513
1548930222.004964,514
1548930222.018599,514
1548930222.032070,514
1548930222.045546,514
1548930222.059203,515
1548930222.072505,515
1548930222.085842,516
1548930222.099180,514
1548930222.112511,516
1548930222.125873,515
1548930222.138010,515
1548930222.150000,515
1548930222.161930,516
1548930222.173503,516
1548930222.185354,516
1548930222.196941,516
1548930222.208526,515
1548930222.220307,515
1548930222.232055,515
1548930222.244055,515
1548930222.255855,515
1548930222.267998,515
1548930222.280736,515
1548930222.294196,514
1548930222.307379,514
1548930222.321215,514
1548930222.334805,514
1548930222.348967,514
1548930222.362417,514
1548930222.375757,514
1548930222.389507,513
1548930222.403085,513
1548930222.416542,513
1548930222.429858,513
1548930222.443214,512
1548930222.456578,512
1548930222.469930,512
1548930222.483541,512
1548930222.497156,512
1548930222.510935,513
1548930222.524277,511
1548930222.537609,512
1548930222.551007,511
1548930222.564328,512
1548930222.577982,512
1548930222.591533,511
1548930222.604894,511
1548930222.618514,511
1548930222.631816,512
1548930222.645079,511
1548930222.658374,511
1548930222.671694,512
1548930222.684908,511
1548930222.698214,511
1548930222.711815,511
1548930222.725808,511
1548930222.739747,511
1548930222.753073,511
1548930222.766480,511
1548930222.779821,511
1548930222.793328,511
1548930222.806649,512
1548930222.820027,512
1548930222.833645,513
1548930222.846982,513
1548930222.860362,513
1548930222.873622,513
1548930222.886952,514
1548930222.900260,513
1548930222.913905,513
1548930222.927235,515
1548930222.940515,514
1548930222.954188,515
1548930222.968074,515
1548930222.981562,515
1548930222.994864,515
1548930223.008162,514
1548930223.021444,514
1548930223.034775,514
1548930223.048059,515
1548930223.061878,516
1548930223.075805,517
1548930223.089266,517
1548930223.102657,518
1548930223.116010,517
1548930223.129294,518
1548930223.142998,519
1548930223.156618,519
1548930223.170285,520
1548930223.183655,519
1548930223.196993,519
1548930223.210375,518
1548930223.223816,518
1548930223.237113,517
1548930223.250447,517
1548930223.264219,517
1548930223.277960,517
1548930223.291280,518
1548930223.304517,516
1548930223.317906,516
1548930223.331523,515
1548930223.344896,513
1548930223.358560,513
1548930223.371911,513
1548930223.385564,513
1548930223.399130,512
1548930223.412476,512
1548930223.425873,512
1548930223.439248,512
1548930223.452614,512
1548930223.466260,512
1548930223.479638,512
1548930223.492942,511
1548930223.506608,513
1548930223.520401,512
1548930223.534082,511
1548930223.547419,511
1548930223.560772,511
1548930223.574163,511
1548930223.587547,511
1548930223.600876,512
1548930223.614198,511
1548930223.628049,511
1548930223.641337,511
1548930223.654730,511
1548930223.668066,511
1548930223.681391,511
1548930223.695074,510
1548930223.708694,510
1548930223.722024,510
1548930223.735839,510
1548930223.749119,510
1548930223.762496,510
1548930223.775765,510
1548930223.789069,509
1548930223.802437,510
1548930223.815751,509
1548930223.829297,509
1548930223.842878,509
1548930223.856256,508
1548930223.869624,510
1548930223.883123,509
1548930223.896487,509
1548930223.909985,510
1548930223.923716,511
1548930223.937176,510
1548930223.950781,510
1548930223.964229,510
1548930223.977855,510
1548930223.991272,510
1548930224.004622,510
1548930224.017355,510
1548930224.030871,511
1548930224.044263,511
1548930224.057569,511
1548930224.070938,511
1548930224.084290,512
1548930224.097570,512
1548930224.110907,512
1548930224.124223,513
1548930224.137497,512
1548930224.150806,513
1548930224.164145,512
1548930224.177416,512
1548930224.190788,513
1548930224.204116,513
1548930224.217403,514
1548930224.230733,513
1548930224.244045,514
1548930224.257340,514
1548930224.270735,515
1548930224.284132,514
1548930224.297467,515
1548930224.310781,513
1548930224.324087,513
1548930224.337388,513
1548930224.350713,513
1548930224.364038,513
1548930224.377402,512
1548930224.390887,512
1548930224.404276,514
1548930224.417578,513
1548930224.430889,513
1548930224.444287,514
1548930224.457533,514
1548930224.470937,514
1548930224.484231,515
1548930224.497495,514
1548930224.510830,515
1548930224.524279,515
1548930224.537593,514
1548930224.550833,515
1548930224.563878,515
1548930224.577068,514
1548930224.590473,514
1548930224.603875,514
1548930224.617209,514
1548930224.630522,515
1548930224.643852,514
1548930224.657156,515
1548930224.670494,513
1548930224.683823,513
1548930224.697119,513
1548930224.710439,512
1548930224.723723,512
1548930224.737000,511
1548930224.750393,511
1548930224.763682,510
1548930224.776937,510
1548930224.790258,510
1548930224.803573,510
1548930224.816909,511
1548930224.830241,510
1548930224.843658,512
1548930224.856932,511
1548930224.870247,512
1548930224.883533,511
1548930224.896841,511
1548930224.910194,511
1548930224.923532,512
1548930224.936897,512
1548930224.950358,512
1548930224.963681,512
1548930224.977273,512
1548930224.990653,512
1548930225.004013,512
1548930225.017335,512
1548930225.030697,512
1548930225.044014,512
1548930225.057310,512
1548930225.070658,511
1548930225.083970,512
1548930225.097238,511
1548930225.110673,512
1548930225.124095,510
1548930225.137426,511
1548930225.150822,511
1548930225.164056,512
1548930225.177755,510
1548930225.191069,510
1548930225.204409,511
1548930225.217721,510
1548930225.231016,510
1548930225.244327,510
1548930225.257631,510
1548930225.271005,510
1548930225.284317,510
1548930225.297656,512
1548930225.311053,512
1548930225.324422,512
1548930225.337719,512
1548930225.351030,513
1548930225.364399,512
1548930225.377652,513
1548930225.391018,512
1548930225.404343,513
1548930225.417561,512
1548930225.430792,512
1548930225.444061,512
1548930225.457325,513
1548930225.470635,512
1548930225.483962,512
1548930225.497303,511
1548930225.510765,511
1548930225.524142,511
1548930225.537452,512
1548930225.550788,511
1548930225.564120,512
1548930225.577394,510
1548930225.590710,511
1548930225.604036,510
1548930225.617343,511
1548930225.630692,511
1548930225.643998,511
1548930225.657267,511
1548930225.670588,511
1548930225.683885,512
1548930225.697137,510
1548930225.710524,511
1548930225.723932,511
1548930225.737399,512
1548930225.750751,511
1548930225.764136,512
1548930225.777425,511
1548930225.790782,511
1548930225.804119,511
1548930225.817383,511
1548930225.830705,511
1548930225.844007,511
1548930225.857329,511
1548930225.870696,512
1548930225.884010,513
1548930225.897240,511
1548930225.910452,511
1548930225.923793,514
1548930225.937103,513
1548930225.950501,514
1548930225.963960,513
1548930225.977563,513
1548930225.990979,513
1548930226.004339,513
1548930226.017635,514
1548930226.031005,513
1548930226.044333,514
1548930226.057625,514
1548930226.070976,515
1548930226.084355,514
1548930226.097668,515
1548930226.111081,514
1548930226.124419,515
1548930226.137729,513
1548930226.151339,513
1548930226.164650,513
1548930226.178040,513
1548930226.191564,513
1548930226.204850,511
1548930226.218155,512
1548930226.231455,511
1548930226.244783,511
1548930226.258178,510
1548930226.271671,510
1548930226.284915,510
1548930226.298616,510
1548930226.312136,510
1548930226.326229,510
1548930226.339684,511
1548930226.352935,510
1548930226.366264,510
1548930226.379609,510
1548930226.392895,510
1548930226.406173,511
1548930226.419933,510
1548930226.433214,511
1548930226.446561,512
1548930226.459939,511
1548930226.473208,512
1548930226.486842,512
1548930226.500339,512
1548930226.513714,512
1548930226.527344,513
1548930226.540635,513
1548930226.553869,514
1548930226.567167,513
1548930226.580512,511
1548930226.593822,512
1548930226.607104,512
1548930226.620737,511
1548930226.634351,512
1548930226.647633,513
1548930226.660854,512
1548930226.674166,512
1548930226.687448,513
1548930226.701062,514
1548930226.714373,513
1548930226.727674,513
1548930226.741233,514
1548930226.754557,513
1548930226.767869,513
1548930226.781162,512
1548930226.794435,513
1548930226.807720,513
1548930226.821310,513
1548930226.834609,513
1548930226.847903,513
1548930226.861504,514
1548930226.875121,515
1548930226.888442,516
1548930226.901775,515
1548930226.915056,516
1548930226.928667,516
1548930226.942052,516
1548930226.955422,516
1548930226.968760,516
1548930226.982566,516
1548930226.995902,517
1548930227.009177,516
1548930227.022560,517
1548930227.035829,516
1548930227.049423,516
1548930227.063093,516
1548930227.076446,516
1548930227.090013,516
1548930227.103295,517
1548930227.116618,516
1548930227.129901,515
1548930227.143213,515
1548930227.156509,514
1548930227.169837,515
1548930227.183592,514
1548930227.197166,513
1548930227.210467,513
1548930227.223743,513
1548930227.236987,512
1548930227.250260,512
1548930227.263877,512
1548930227.277179,514
1548930227.290464,513
1548930227.304090,514
1548930227.317423,515
1548930227.330735,514
1548930227.344044,514
1548930227.357270,515
1548930227.370577,514
1548930227.384260,515
1548930227.397548,516
1548930227.411058,514
1548930227.424374,514
1548930227.437874,515
1548930227.451195,514
1548930227.464583,515
1548930227.477866,514
1548930227.491176,514
1548930227.504467,515
1548930227.517801,514
1548930227.531399,514
1548930227.544861,514
1548930227.558245,515
1548930227.571566,514
1548930227.584891,515
1548930227.598263,514
1548930227.611769,515
1548930227.625108,515
1548930227.638541,515
1548930227.651845,515
1548930227.665181,514
1548930227.678483,514
1548930227.691791,514
1548930227.705094,514
1548930227.718598,515
1548930227.732291,515
1548930227.745764,515
1548930227.759252,515
1548930227.772594,516
1548930227.785899,515
1548930227.799241,516
1548930227.812631,515
1548930227.826031,516
1548930227.839366,514
1548930227.853163,514
1548930227.866543,513
1548930227.879888,514
1548930227.893176,513
1548930227.906556,513
1548930227.919928,513
1548930227.933269,514
1548930227.946581,514
1548930227.960050,514
1548930227.973516,514
1548930227.987031,514
1548930228.000404,516
1548930228.013707,515
1548930228.027014,515
1548930228.040281,514
1548930228.053578,514
1548930228.066943,514
1548930228.080313,514
1548930228.093710,514
1548930228.107043,514
1548930228.120463,514
1548930228.133925,515
1548930228.147285,515
1548930228.160634,515
1548930228.173984,514
1548930228.187361,515
1548930228.200763,513
1548930228.214082,514
1548930228.227414,513
1548930228.240725,514
1548930228.254011,513
1548930228.267379,512
1548930228.280685,512
1548930228.294093,512
1548930228.307457,512
1548930228.320797,513
1548930228.334082,512
1548930228.347402,512
1548930228.360718,512
1548930228.374329,512
1548930228.387731,513
1548930228.401064,513
1548930228.414458,513
1548930228.427781,513
1548930228.441090,513
1548930228.454452,513
1548930228.467773,513
1548930228.481074,514
1548930228.494584,513
1548930228.507915,513
1548930228.521207,513
1548930228.534705,513
1548930228.548128,514
1548930228.561448,513
1548930228.574759,513
1548930228.588082,513
1548930228.601377,513
1548930228.614711,513
1548930228.627996,512
1548930228.641273,512
1548930228.654952,513
1548930228.668315,512
1548930228.681633,512
1548930228.694988,512
1548930228.708326,511
1548930228.721968,513
1548930228.735787,512
1548930228.749149,513
1548930228.762697,513
1548930228.776033,512
1548930228.789346,512
1548930228.802646,513
1548930228.815958,512
1548930228.829249,512
1548930228.842573,512
1548930228.856212,513
1548930228.869835,514
1548930228.883164,514
1548930228.896439,515
1548930228.909906,514
1548930228.923208,514
1548930228.936859,515
1548930228.950176,515
1548930228.963556,515
1548930228.977308,516
1548930228.990610,515
1548930229.003929,515
1548930229.017208,515
1548930229.030553,516
1548930229.043887,515
1548930229.057481,516
1548930229.070808,517
1548930229.084152,516
1548930229.097718,515
1548930229.111352,516
1548930229.124682,516
1548930229.137971,515
1548930229.151274,515
1548930229.164607,516
1548930229.177869,515
1548930229.191148,515
1548930229.204513,514
1548930229.218309,514
1548930229.231785,514
1548930229.245111,514
1548930229.258430,514
1548930229.271724,514
1548930229.285334,514
1548930229.298994,515
1548930229.312374,515
1548930229.325946,516
1548930229.339468,515
1548930229.352769,515
1548930229.366072,515
1548930229.379368,516
1548930229.392693,514
1548930229.406178,514
1548930229.419836,514
1548930229.433160,514
1548930229.446450,514
1548930229.459780,514
1548930229.473089,515
1548930229.486397,514
1548930229.500052,514
1548930229.513346,515
1548930229.526646,514
1548930229.540299,513
1548930229.553562,513
1548930229.566880,513
1548930229.580188,512
1548930229.593457,512
1548930229.606772,512
1548930229.620401,511
1548930229.633721,511
1548930229.647360,510
1548930229.660750,510
1548930229.674389,510
1548930229.687697,510
1548930229.700982,510
1548930229.714306,510
1548930229.727605,511
1548930229.740875,510
1548930229.754210,510
1548930229.768416,512
1548930229.781863,511
1548930229.795202,512
1548930229.808478,511
1548930229.821814,511
1548930229.835424,511
1548930229.848737,511
1548930229.862389,511
1548930229.876009,512
1548930229.889273,512
1548930229.902663,512
1548930229.915939,512
1548930229.929262,514
1548930229.942783,513
1548930229.956129,513
1548930229.969749,514
1548930229.983523,514
1548930229.996852,515
1548930230.010177,514
1548930230.023589,515
1548930230.036818,514
1548930230.050453,513
1548930230.063981,513
1548930230.077307,513
1548930230.090999,514
1548930230.104365,514
1548930230.117637,514
1548930230.130992,515
1548930230.144366,514
1548930230.157667,514
1548930230.171408,514
1548930230.184780,515
1548930230.198047,514
1548930230.211708,513
1548930230.225303,513
1548930230.238653,514
1548930230.252045,512
1548930230.265394,513
1548930230.278756,512
1548930230.292113,512
1548930230.305435,512
1548930230.318840,512
1548930230.332620,513
1548930230.345893,512
1548930230.359199,512
1548930230.372508,511
1548930230.385820,511
1548930230.399465,512
1548930230.413105,512
1548930230.426389,512
1548930230.440063,511
1548930230.453392,511
1548930230.466703,511
1548930230.479979,511
1548930230.493253,511
1548930230.506466,511
1548930230.519700,511
1548930230.533358,511
1548930230.547140,512
1548930230.560627,512
1548930230.573949,512
1548930230.587309,512
1548930230.600658,513
1548930230.614285,512
1548930230.627636,513
1548930230.640906,513
1548930230.654570,513
1548930230.667891,513
1548930230.681155,513
1548930230.694449,514
1548930230.707770,513
1548930230.721037,513
1548930230.734695,514
1548930230.748044,514
1548930230.761590,515
1548930230.775124,516
1548930230.788721,517
1548930230.802029,516
1548930230.815347,516
1548930230.828640,515
1548930230.841932,515
1548930230.855235,516
1548930230.868548,515
1548930230.881814,515
1548930230.895559,516
1548930230.908858,516
1548930230.922141,517
1548930230.935444,517
1548930230.948843,518
1548930230.962461,517
1548930230.976155,517
1548930230.989855,516
1548930231.003195,516
1548930231.016492,516
1548930231.029842,515
1548930231.043170,514
1548930231.056455,514
1548930231.069787,513
1548930231.083412,513
1548930231.097058,512
1548930231.110380,513
1548930231.123715,512
1548930231.137269,512
1548930231.150636,513
1548930231.164069,511
1548930231.177571,511
1548930231.190836,511
1548930231.204254,510
1548930231.217775,511
1548930231.231093,510
1548930231.244405,511
1548930231.257733,510
1548930231.271117,511
1548930231.284834,512
1548930231.298496,511
1548930231.311861,511
1548930231.325495,512
1548930231.339174,512
1548930231.352481,512
1548930231.365797,512
1548930231.379119,512
1548930231.392453,512
1548930231.405726,513
1548930231.419075,511
1548930231.432432,512
1548930231.446239,511
1548930231.459624,512
1548930231.472941,511
1548930231.486231,511
1548930231.499548,511
1548930231.513189,511
1548930231.526894,511
1548930231.540269,511
1548930231.553870,511
1548930231.567190,511
1548930231.580500,511
1548930231.593857,511
1548930231.607183,509
1548930231.620460,510
1548930231.633732,509
1548930231.647347,510
1548930231.661004,511
1548930231.674318,511
1548930231.687617,511
1548930231.700860,511
1548930231.714187,512
1548930231.727830,513
1548930231.741354,512
1548930231.754714,512
1548930231.768374,512
1548930231.781627,512
1548930231.794959,512
1548930231.808265,512
1548930231.821528,513
1548930231.834855,512
1548930231.848502,512
1548930231.861817,513
1548930231.875156,512
1548930231.888741,512
1548930231.902391,513
1548930231.915679,515
1548930231.929043,514
1548930231.942367,515
1548930231.955788,514
1548930231.969080,514
1548930231.982656,514
1548930231.995977,515
1548930232.009695,516
1548930232.023031,516
1548930232.036378,517
1548930232.049665,516
1548930232.062983,517
1548930232.076626,517
1548930232.090302,518
1548930232.103600,517
1548930232.117167,517
1548930232.130497,517
1548930232.143248,517
1548930232.156575,517
1548930232.169868,517
1548930232.183181,517
1548930232.196460,517
1548930232.209977,516
1548930232.223425,516
1548930232.236706,516
1548930232.249961,516
1548930232.263220,516
1548930232.276563,516
1548930232.289942,514
1548930232.303255,516
1548930232.316569,515
1548930232.329946,516
1548930232.343422,515
1548930232.356792,515
1548930232.370153,514
1548930232.383501,514
1548930232.396862,514
1548930232.410210,515
1548930232.423555,515
1548930232.436934,516
1548930232.450273,515
1548930232.463664,515
1548930232.476973,515
1548930232.490294,516
1548930232.503623,515
1548930232.516891,515
1548930232.530215,515
1548930232.543611,515
1548930232.556907,515
1548930232.570347,515
1548930232.583604,515
1548930232.596921,515
1548930232.610197,515
1548930232.623473,515
1548930232.636827,515
1548930232.650205,515
1548930232.663583,516
1548930232.676956,516
1548930232.690376,516
1548930232.703707,515
1548930232.716995,516
1548930232.730368,515
1548930232.743689,514
1548930232.757172,514
1548930232.770608,514
1548930232.783994,514
1548930232.797300,514
1548930232.810712,514
1548930232.824134,514
1548930232.837512,515
1548930232.850922,515
1548930232.864259,516
1548930232.877586,515
1548930232.890995,517
1548930232.904331,516
1548930232.917646,517
1548930232.931023,517
1548930232.944667,517
1548930232.958067,517
1548930232.971505,517
1548930232.985088,517
1548930232.998650,517
1548930233.012514,518
1548930233.026209,517
1548930233.039959,518
1548930233.053450,517
1548930233.066887,518
1548930233.080310,517
1548930233.093716,518
1548930233.107060,517
1548930233.120530,517
1548930233.133890,518
1548930233.147280,518
1548930233.160618,517
1548930233.173940,517
1548930233.187292,518
1548930233.200723,518
1548930233.214132,518
1548930233.227509,517
1548930233.240895,517
1548930233.254279,518
1548930233.267637,517
1548930233.280914,517
1548930233.294322,516
1548930233.307685,518
1548930233.321029,517
1548930233.334400,518
1548930233.347761,517
1548930233.361070,516
1548930233.374394,518
1548930233.387727,517
1548930233.401093,517
1548930233.414474,518
1548930233.427906,517
1548930233.441405,517
1548930233.454784,518
1548930233.469105,516
1548930233.482501,516
1548930233.495824,516
1548930233.509124,516
1548930233.522774,516
1548930233.536096,517
1548930233.549366,517
1548930233.563016,517
1548930233.576699,516
1548930233.590040,515
1548930233.603318,516
1548930233.616606,515
1548930233.629937,515
1548930233.643270,514
1548930233.656602,514
1548930233.669891,514
1548930233.683657,513
1548930233.696933,514
1548930233.710234,514
1548930233.723483,514
1548930233.736826,514
1548930233.750511,514
1548930233.764205,515
1548930233.777539,515
1548930233.791200,515
1548930233.804500,515
1548930233.817819,515
1548930233.831149,516
1548930233.844413,515
1548930233.857656,514
1548930233.871014,514
1548930233.884676,514
1548930233.898217,514
1548930233.911491,514
1548930233.924742,515
1548930233.938059,515
1548930233.951332,515
1548930233.965014,516
1548930233.978313,515
1548930233.991708,515
1548930234.005335,515
1548930234.018798,515
1548930234.032307,515
1548930234.045621,514
1548930234.059212,514
1548930234.072554,515
1548930234.086238,515
1548930234.099568,515
1548930234.113020,515
1548930234.126446,516
1548930234.140088,516
1548930234.153382,515
1548930234.166729,515
1548930234.180082,515
1548930234.193412,515
1548930234.206742,514
1548930234.220017,514
1548930234.233437,513
1548930234.247163,514
1548930234.260512,515
1548930234.273838,514
1548930234.287139,514
1548930234.300737,514
1548930234.314326,514
1548930234.327943,514
1548930234.341462,514
1548930234.354891,516
1548930234.368230,514
1548930234.381501,515
1548930234.394826,513
1548930234.408118,513
1548930234.421402,514
1548930234.435111,513
1548930234.448793,513
1548930234.462190,514
1548930234.475867,514
1548930234.489288,512
1548930234.502856,512
1548930234.516667,511
1548930234.530021,512
1548930234.543361,512
1548930234.556730,512
1548930234.570271,512
1548930234.583599,512
1548930234.596847,513
1548930234.610122,512
1548930234.623518,511
1548930234.636974,511
1548930234.650476,511
1548930234.663751,511
1548930234.677329,511
1548930234.690950,511
1548930234.704253,512
1548930234.717506,511
1548930234.730857,511
1548930234.744209,511
1548930234.757481,511
1548930234.770793,511
1548930234.784070,511
1548930234.797985,511
1548930234.811373,511
1548930234.824686,511
1548930234.838006,511
1548930234.851315,511
1548930234.865061,512
1548930234.879202,512
1548930234.893367,513
1548930234.907294,512
1548930234.920704,512
1548930234.934160,514
1548930234.947517,513
1548930234.960893,512
1548930234.974230,512
1548930234.987539,513
1548930235.001195,512
1548930235.014739,512
1548930235.028042,512
1548930235.041317,512
1548930235.054580,512
1548930235.067890,512
1548930235.081484,512
1548930235.094913,512
1548930235.108225,512
1548930235.121902,512
1548930235.135247,512
1548930235.148581,511
1548930235.161868,511
1548930235.175130,512
1548930235.188430,511
1548930235.202051,510
1548930235.215384,510
1548930235.229257,511
1548930235.242842,510
1548930235.256478,510
1548930235.269856,510
1548930235.283197,510
1548930235.296521,510
1548930235.309829,511
1548930235.323145,510
1548930235.336452,511
1548930235.350058,510
1548930235.363721,511
1548930235.377007,510
1548930235.390354,510
1548930235.403669,510
1548930235.417372,510
1548930235.430849,510
1548930235.444501,511
1548930235.458192,511
1548930235.471896,511
1548930235.485222,512
1548930235.498555,511
1548930235.511873,511
1548930235.525150,511
1548930235.538485,511
1548930235.552097,510
1548930235.565721,511
1548930235.579056,512
1548930235.592369,511
1548930235.605622,512
1548930235.618979,511
1548930235.633037,512
1548930235.646435,512
1548930235.659995,512
1548930235.673368,513
1548930235.686963,513
1548930235.700287,512
1548930235.713577,512
1548930235.726900,512
1548930235.740190,512
1548930235.753556,512
1548930235.767257,513
1548930235.780624,513
1548930235.794280,513
1548930235.807906,513
1548930235.821218,512
1548930235.834516,512
1548930235.847884,511
1548930235.861188,511
1548930235.874492,511
1548930235.887792,511
1548930235.901107,512
1548930235.914903,511
1548930235.928240,513
1548930235.941758,513
1548930235.955012,512
1548930235.968290,512
1548930235.981981,512
1548930235.995681,512
1548930236.009561,512
1548930236.023950,513
1548930236.037484,512
1548930236.050132,512
1548930236.063481,513
1548930236.076779,512
1548930236.090085,512
1548930236.103396,512
1548930236.116440,512
1548930236.130103,514
1548930236.143349,513
1548930236.156660,514
1548930236.169939,513
1548930236.183304,513
1548930236.197011,513
1548930236.210370,512
1548930236.223730,513
1548930236.237337,513
1548930236.250636,512
1548930236.264029,513
1548930236.277305,512
1548930236.290646,512
1548930236.303980,511
1548930236.317569,511
1548930236.330839,511
1548930236.344076,510
1548930236.357672,510
1548930236.371293,510
1548930236.384615,511
1548930236.397944,510
1548930236.411249,511
1548930236.424550,510
1548930236.437938,511
1548930236.451520,510
1548930236.463794,510
1548930236.476269,510
1548930236.488714,510
1548930236.501630,511
1548930236.514900,510
1548930236.528202,510
1548930236.541850,510
1548930236.555505,510
1548930236.568829,510
1548930236.582459,511
1548930236.596100,511
1548930236.609454,510
1548930236.622747,511
1548930236.636073,510
1548930236.649370,510
1548930236.662677,510
1548930236.676538,510
1548930236.690034,510
1548930236.703391,511
1548930236.716703,510
1548930236.730005,510
1548930236.743318,510
1548930236.756959,510
1548930236.770344,511
1548930236.783660,511
1548930236.797243,512
1548930236.810573,512
1548930236.823918,512
1548930236.837203,512
1548930236.850507,512
1548930236.864037,512
1548930236.877811,513
1548930236.891288,512
1548930236.904861,512
1548930236.918331,512
1548930236.931954,513
1548930236.945303,513
1548930236.958586,514
1548930236.972207,513
1548930236.985575,513
1548930236.998905,513
1548930237.012203,513
1548930237.025893,514
1548930237.039457,514
1548930237.052801,514
1548930237.066143,514
1548930237.079468,514
1548930237.093143,514
1548930237.106716,514
1548930237.120387,514
1548930237.133950,514
1548930237.147283,513
1548930237.160594,514
1548930237.173867,513
1548930237.187141,513
1548930237.200438,513
1548930237.213742,512
1548930237.227337,512
1548930237.240867,512
1548930237.254552,512
1548930237.268370,512
1548930237.282231,513
1548930237.295573,512
1548930237.309233,511
1548930237.322558,512
1548930237.335880,511
1548930237.349242,512
1548930237.362851,511
1548930237.376153,510
1548930237.389440,510
1548930237.402755,510
1548930237.416060,510
1548930237.429365,511
1548930237.442948,511
1548930237.456229,510
1548930237.469907,511
1548930237.483553,511
1548930237.496820,511
1548930237.510039,512
1548930237.523278,510
1548930237.536597,510
1548930237.549833,511
1548930237.563120,510
1548930237.576402,510
1548930237.590251,510
1548930237.603629,510
1548930237.616905,510
1548930237.630223,510
1548930237.643532,511
1548930237.657177,511
1548930237.670927,511
1548930237.684281,511
1548930237.697898,512
1548930237.711178,512
1548930237.724488,512
1548930237.737835,513
1548930237.751120,511
1548930237.764406,511
1548930237.777699,511
1548930237.791359,511
1548930237.804949,511
1548930237.818273,511
1548930237.831570,512
1548930237.845118,511
1548930237.858424,511
1548930237.872084,511
1548930237.885402,511
1548930237.898714,511
1548930237.912379,512
1548930237.925743,513
1548930237.939013,513
1548930237.952324,514
1548930237.965718,515
1548930237.979142,515
1548930237.992813,515
1548930238.006132,514
1548930238.019439,515
1548930238.033745,515
1548930238.047607,514
1548930238.061281,514
1548930238.074681,514
1548930238.087988,514
1548930238.101283,515
1548930238.114622,514
1548930238.128052,515
1548930238.141731,516
1548930238.155403,516
1548930238.168687,516
1548930238.181972,517
1548930238.195139,517
1548930238.208963,515
1548930238.222489,515
1548930238.236073,515
1548930238.249490,515
1548930238.262871,515
1548930238.276153,515
1548930238.289459,515
1548930238.302723,514
1548930238.316010,514
1548930238.329189,515
1548930238.342716,515
1548930238.356302,516
1548930238.369551,516
1548930238.382802,516
1548930238.396186,517
1548930238.409937,517
1548930238.423825,514
1548930238.437432,516
1548930238.450994,516
1548930238.464416,517
1548930238.478037,516
1548930238.491270,515
1548930238.504572,515
1548930238.517778,516
1548930238.531024,515
1548930238.544294,515
1548930238.557866,516
1548930238.571144,517
1548930238.584722,516
1548930238.598261,517
1548930238.611501,518
1548930238.624718,517
1548930238.637998,516
1548930238.651329,517
1548930238.664564,516
1548930238.677819,516
1548930238.691051,517
1548930238.704758,516
1548930238.718070,516
1548930238.731296,517
1548930238.744530,516
1548930238.757807,516
1548930238.771447,516
1548930238.784724,517
1548930238.798325,516
1548930238.811969,516
1548930238.825242,514
1548930238.838517,515
1548930238.851738,515
1548930238.864975,516
1548930238.878206,514
1548930238.891439,514
1548930238.905003,514
1548930238.918615,514
1548930238.931896,515
1548930238.945193,515
1548930238.958508,515
1548930238.971836,516
1548930238.985495,515
1548930238.999089,515
1548930239.012456,515
1548930239.025836,515
1548930239.039261,515
1548930239.052480,517
1548930239.065720,516
1548930239.078974,516
1548930239.092265,517
1548930239.105522,515
1548930239.119084,516
1548930239.132314,516
1548930239.145917,517
1548930239.159531,517
1548930239.172793,517
1548930239.186054,516
1548930239.199306,515
1548930239.212572,515
1548930239.225849,515
1548930239.239100,514
1548930239.252389,515
1548930239.266117,517
1548930239.279365,516
1548930239.292613,517
1548930239.305884,518
1548930239.319099,517
1548930239.332830,518
1548930239.346477,518
1548930239.359850,518
1548930239.373615,517
1548930239.387287,516
1548930239.401039,516
1548930239.414561,516
1548930239.427848,515
1548930239.441062,516
1548930239.454607,515
1548930239.468420,516
1548930239.481781,516
1548930239.495018,517
1548930239.508294,516
1548930239.521548,516
1548930239.534909,515
1548930239.548237,515
1548930239.561853,515
1548930239.575107,516
1548930239.588676,515
1548930239.601861,515
1548930239.615142,513
1548930239.628454,514
1548930239.641700,513
1548930239.654932,513
1548930239.668500,513
1548930239.681755,513
1548930239.695012,514
1548930239.708574,513
1548930239.722184,513
1548930239.735444,513
1548930239.748696,512
1548930239.762000,512
1548930239.775255,512
1548930239.788514,512
1548930239.801804,512
1548930239.815192,512
1548930239.828825,512
1548930239.842131,513
1548930239.855569,512
1548930239.869340,512
1548930239.882967,512
1548930239.896689,513
1548930239.910410,512
1548930239.923758,513
1548930239.937324,513
1548930239.950599,514
1548930239.964025,513
1548930239.977301,514
1548930239.990570,513
1548930240.003961,513
1548930240.017260,513
1548930240.031029,514
1548930240.044380,515
1548930240.057674,514
1548930240.071002,514
1548930240.084460,514
1548930240.098146,514
1548930240.111999,513
1548930240.125318,513
1548930240.138606,513
1548930240.151909,512
1548930240.165152,512
1548930240.178452,513
1548930240.191737,512
1548930240.204997,511
1548930240.218349,511
1548930240.231971,512
1548930240.245270,512
1548930240.258899,512
1548930240.272535,513
1548930240.285870,514
1548930240.299201,512
1548930240.312509,514
1548930240.325837,513
1548930240.339120,513
1548930240.352466,513
1548930240.365801,513
1548930240.379573,514
1548930240.392896,513
1548930240.406248,514
1548930240.419549,513
1548930240.432857,513
1548930240.446232,513
1548930240.460083,514
1548930240.473654,514
1548930240.487442,516
1548930240.500810,515
1548930240.514329,515
1548930240.527634,515
1548930240.540841,516
1548930240.554055,514
1548930240.567325,514
1548930240.580898,514
1548930240.594564,514
1548930240.607854,514
1548930240.621077,514
1548930240.634369,514
1548930240.647607,514
1548930240.660755,515
1548930240.674322,513
1548930240.687569,513
1548930240.700971,513
1548930240.714315,513
1548930240.727592,512
1548930240.740819,512
1548930240.754138,512
1548930240.767434,513
1548930240.780711,512
1548930240.794259,511
1548930240.807530,511
1548930240.821091,512
1548930240.834690,512
1548930240.848033,513
1548930240.861364,512
1548930240.875079,511
1548930240.889189,512
1548930240.902613,511
1548930240.915866,512
1548930240.929094,512
1548930240.942883,512
1548930240.956190,513
1548930240.969513,512
1548930240.982843,513
1548930240.996106,512
1548930241.009721,512
1548930241.023298,513
1548930241.036563,512
1548930241.050178,512
1548930241.063716,512
1548930241.076948,512
1548930241.090181,512
1548930241.103404,513
1548930241.116633,512
1548930241.129916,512
1548930241.143560,511
1548930241.156992,512
1548930241.170272,512
1548930241.183561,512
1548930241.196754,512
1548930241.210072,511
1548930241.223312,512
1548930241.236899,512
1548930241.250149,511
1548930241.263842,511
1548930241.277144,511
1548930241.290392,511
1548930241.303629,511
1548930241.316881,511
1548930241.330097,512
1548930241.343700,512
1548930241.356919,511
1548930241.370228,511
1548930241.383786,511
1548930241.397406,512
1548930241.410679,513
1548930241.423928,511
1548930241.437171,511
1548930241.450527,511
1548930241.464367,511
1548930241.477741,511
1548930241.491379,511
1548930241.504859,511
1548930241.518169,512
1548930241.531517,511
1548930241.544763,511
1548930241.557987,512
1548930241.571589,513
1548930241.585117,513
1548930241.598520,512
1548930241.612054,513
1548930241.625280,513
1548930241.638531,514
1548930241.651765,513
1548930241.665009,512
1548930241.678287,512
1548930241.691966,512
1548930241.705530,512
1548930241.718774,512
1548930241.732010,512
1548930241.745275,511
1548930241.758522,512
1548930241.771765,511
1548930241.785202,511
1548930241.798591,511
1548930241.811826,512
1548930241.825401,511
1548930241.838695,512
1548930241.851956,511
1548930241.865190,511
1548930241.878383,511
1548930241.891593,510
1548930241.905133,511
1548930241.918453,510
1548930241.931943,512
1548930241.945409,512
1548930241.959024,513
1548930241.972329,512
1548930241.985669,512
1548930241.998974,512
1548930242.012267,512
1548930242.026272,512
1548930242.039756,513
1548930242.053501,513
1548930242.066839,513
1548930242.080105,514
1548930242.093319,513
1548930242.106615,513
1548930242.119873,513
1548930242.133493,514
1548930242.147337,513
1548930242.160852,514
1548930242.173885,514
1548930242.187244,513
1548930242.200542,513
1548930242.213849,511
1548930242.227129,511
1548930242.240434,510
1548930242.253992,512
1548930242.267688,512
1548930242.280982,512
1548930242.294286,513
1548930242.307607,512
1548930242.320849,512
1548930242.334172,512
1548930242.347832,512
1548930242.361144,512
1548930242.374568,512
1548930242.388104,513
1548930242.401407,512
1548930242.414750,512
1548930242.428043,511
1548930242.441346,511
1548930242.454652,511
1548930242.468509,511
1548930242.482374,512
1548930242.496234,511
1548930242.510138,512
1548930242.523601,512
1548930242.536894,511
1548930242.550197,510
1548930242.563499,511
1548930242.576845,510
1548930242.590163,511
1548930242.603495,510
1548930242.617367,509
1548930242.630704,509
1548930242.644015,509
1548930242.657301,510
1548930242.670655,509
1548930242.684317,509
1548930242.697608,510
1548930242.711268,510
1548930242.724882,511
1548930242.738218,510
1548930242.751581,511
1548930242.764858,510
1548930242.778140,510
1548930242.791508,510
1548930242.804826,510
1548930242.818631,511
1548930242.832040,511
1548930242.845331,512
1548930242.858685,511
1548930242.872023,512
1548930242.885299,511
1548930242.898652,511
1548930242.912326,512
1548930242.925608,512
1548930242.939243,512
1548930242.952563,512
1548930242.965883,512
1548930242.979277,512
1548930242.992608,512
1548930243.005892,511
1548930243.019548,512
1548930243.032861,512
1548930243.046153,512
1548930243.059819,512
1548930243.073523,513
1548930243.087284,515
1548930243.100686,513
1548930243.114323,513
1548930243.127777,513
1548930243.141123,513
1548930243.154477,513
1548930243.168328,515
1548930243.181910,515
1548930243.195306,515
1548930243.208618,514
1548930243.221921,515
1548930243.235244,514
1548930243.248874,515
1548930243.262539,515
1548930243.276224,515
1548930243.289522,516
1548930243.302827,514
1548930243.316146,515
1548930243.329445,514
1548930243.342738,513
1548930243.356068,513
1548930243.370024,512
1548930243.383768,513
1548930243.397146,512
1548930243.410513,513
1548930243.423854,512
1548930243.437284,512
1548930243.451240,511
1548930243.465189,511
1548930243.479069,511
1548930243.492483,511
1548930243.506186,511
1548930243.519525,512
1548930243.532819,511
1548930243.546194,512
1548930243.559483,511
1548930243.572799,511
1548930243.586399,511
1548930243.599710,511
1548930243.613323,511
1548930243.626976,511
1548930243.640302,511
1548930243.653581,512
1548930243.666909,511
1548930243.680223,512
1548930243.693518,511
1548930243.706828,511
1548930243.720194,511
1548930243.733913,511
1548930243.747254,512
1548930243.760563,511
1548930243.773883,511
1548930243.787184,511
1548930243.800589,511
1548930243.814056,511
1548930243.827698,511
1548930243.841307,511
1548930243.854616,511
1548930243.867954,511
1548930243.881251,511
1548930243.894569,511
1548930243.907899,511
1548930243.921202,513
1548930243.934880,513
1548930243.948348,511
1548930243.961644,511
1548930243.975172,512
1548930243.988611,511
1548930244.001879,512
1548930244.015180,511
1548930244.028822,511
1548930244.042669,512
1548930244.056349,512
1548930244.069652,511
1548930244.082989,512
1548930244.096328,511
1548930244.109603,511
1548930244.122880,512
1548930244.136503,512
1548930244.149819,512
1548930244.163199,513
1548930244.176784,513
1548930244.190447,514
1548930244.203771,512
1548930244.217074,513
1548930244.230445,512
1548930244.243750,512
1548930244.257016,512
1548930244.270336,512
1548930244.284138,514
1548930244.297573,514
1548930244.310898,515
1548930244.324205,514
1548930244.337538,515
1548930244.350876,514
1548930244.364613,514
1548930244.378224,514
1548930244.391787,514
1548930244.405131,515
1548930244.418456,513
1548930244.431781,514
1548930244.445113,514
1548930244.458452,514
1548930244.471785,513
1548930244.485082,513
1548930244.498901,514
1548930244.512244,513
1548930244.525548,514
1548930244.538861,513
1548930244.552155,513
1548930244.565443,512
1548930244.579074,511
1548930244.592406,510
1548930244.605729,511
1548930244.619356,511
1548930244.632725,510
1548930244.646313,510
1548930244.659742,511
1548930244.673043,510
1548930244.686375,511
1548930244.700019,512
1548930244.713315,511
1548930244.727094,511
1548930244.740721,511
1548930244.754034,512
1548930244.767331,511
1548930244.780645,512
1548930244.793931,511
1548930244.807243,511
1548930244.820519,512
1548930244.833859,511
1548930244.847652,512
1548930244.860965,512
1548930244.874273,512
1548930244.887600,512
1548930244.900846,512
1548930244.914163,512
1548930244.927806,513
1548930244.941426,513
1548930244.955078,513
1548930244.968470,512
1548930244.981837,513
1548930244.995256,512
1548930245.008550,513
1548930245.021871,512
1548930245.035197,513
1548930245.048861,513
1548930245.062490,514
1548930245.075820,513
1548930245.089103,513
1548930245.102417,513
1548930245.115764,512
1548930245.129049,512
1548930245.142722,513
1548930245.156025,513
1548930245.169464,513
1548930245.182881,514
1548930245.196183,512
1548930245.209479,512
1548930245.222775,512
1548930245.236062,512
1548930245.249668,511
1548930245.263066,511
1548930245.276370,511
1548930245.289981,511
1548930245.303586,512
1548930245.316821,512
1548930245.330103,512
1548930245.343316,511
1548930245.356589,511
1548930245.369849,512
1548930245.383093,511
1548930245.396623,513
1548930245.410234,513
1548930245.423499,511
1548930245.436762,511
1548930245.450059,511
1548930245.463426,511
1548930245.477084,511
1548930245.490441,511
1548930245.504151,511
1548930245.517858,511
1548930245.531173,512
1548930245.544453,510
1548930245.557808,510
1548930245.571057,510
1548930245.584360,509
1548930245.597645,510
1548930245.611465,509
1548930245.624913,510
1548930245.638478,509
1548930245.651822,509
1548930245.665117,509
1548930245.678361,509
1548930245.691731,508
1548930245.705323,508
1548930245.718655,509
1548930245.732520,509
1548930245.745906,510
1548930245.759220,509
1548930245.772566,510
1548930245.785845,509
1548930245.799187,509
1548930245.812824,510
1548930245.826137,510
1548930245.839781,511
1548930245.853298,512
1548930245.866822,511
1548930245.880097,511
1548930245.893400,511
1548930245.906718,512
1548930245.920024,512
1548930245.933299,512
1548930245.946621,512
1548930245.960491,512
1548930245.973839,512
1548930245.987210,512
1548930246.000556,512
1548930246.014132,512
1548930246.027584,511
1548930246.041258,511
1548930246.055015,512
1548930246.068683,511
1548930246.081998,511
1548930246.095334,511
1548930246.108642,510
1548930246.121976,510
1548930246.135296,510
1548930246.148570,510
1548930246.162340,511
1548930246.175994,512
1548930246.188965,511
1548930246.202245,510
1548930246.215569,510
1548930246.228919,510
1548930246.242259,510
1548930246.255931,511
1548930246.269251,511
1548930246.282549,511
1548930246.296205,511
1548930246.309509,512
1548930246.322816,511
1548930246.336142,512
1548930246.349430,511
1548930246.362782,511
1548930246.376434,511
1548930246.389693,511
1548930246.403345,511
1548930246.417075,512
1548930246.430525,513
1548930246.443931,512
1548930246.457280,512
1548930246.470649,511
1548930246.483998,511
1548930246.497272,511
1548930246.510601,512
1548930246.524465,512
1548930246.537816,511
1548930246.551241,511
1548930246.564567,512
1548930246.577895,511
1548930246.591730,511
1548930246.605236,511
1548930246.619002,511
1548930246.632791,513
1548930246.646396,513
1548930246.660046,512
1548930246.673466,512
1548930246.686825,512
1548930246.700196,512
1548930246.713504,512
1548930246.727344,513
1548930246.740707,513
1548930246.754135,513
1548930246.767507,513
1548930246.780837,513
1548930246.794201,512
1548930246.807562,512
1548930246.821220,512
1548930246.834585,512
1548930246.848266,513
1548930246.861570,514
1548930246.874893,513
1548930246.888203,513
1548930246.901523,513
1548930246.914877,514
1548930246.928523,516
1548930246.941854,515
1548930246.955319,515
1548930246.968895,516
1548930246.982575,517
1548930246.995945,517
1548930247.009181,518
1548930247.022979,518
1548930247.036802,517
1548930247.050394,517
1548930247.063828,518
1548930247.077571,517
1548930247.090908,517
1548930247.104140,518
1548930247.117387,517
1548930247.130737,516
1548930247.143986,516
1548930247.157613,516
1548930247.171268,518
1548930247.184859,518
1548930247.198162,517
1548930247.211433,517
1548930247.224673,516
1548930247.237949,515
1548930247.251237,514
1548930247.264529,512
1548930247.277978,513
1548930247.291189,513
1548930247.304444,513
1548930247.317667,513
1548930247.331035,513
1548930247.344305,513
1548930247.357623,513
1548930247.371326,514
1548930247.384669,514
1548930247.398172,514
1548930247.412021,514
1548930247.425450,514
1548930247.438868,514
1548930247.452280,514
1548930247.465631,514
1548930247.478997,514
1548930247.492698,515
1548930247.506050,514
1548930247.519676,514
1548930247.533265,514
1548930247.546643,514
1548930247.559948,514
1548930247.573246,514
1548930247.586539,514
1548930247.599832,514
1548930247.613109,514
1548930247.626697,514
1548930247.640458,515
1548930247.653782,513
1548930247.667080,514
1548930247.680399,513
1548930247.693699,513
1548930247.707194,513
1548930247.720926,513
1548930247.734263,511
1548930247.747910,513
1548930247.761198,513
1548930247.774491,514
1548930247.787796,513
1548930247.801081,513
1548930247.814710,513
1548930247.828277,513
1548930247.842040,513
1548930247.855735,514
1548930247.868982,513
1548930247.882243,513
1548930247.895562,514
1548930247.908813,513
1548930247.922073,514
1548930247.935692,514
1548930247.949008,514
1548930247.962691,515
1548930247.976020,515
1548930247.989306,515
1548930248.002682,515
1548930248.015900,515
1548930248.029117,514
1548930248.042729,514
1548930248.056002,514
1548930248.069277,514
1548930248.082799,514
1548930248.096366,515
1548930248.109605,515
1548930248.122865,515
1548930248.136158,514
1548930248.149386,514
1548930248.163195,514
1548930248.176516,514
1548930248.190165,514
1548930248.203701,513
1548930248.216984,513
1548930248.230191,513
1548930248.243592,512
1548930248.257258,512
1548930248.271249,512
1548930248.285048,512
1548930248.298663,512
1548930248.312081,511
1548930248.325367,512
1548930248.338718,512
1548930248.352017,512
1548930248.365299,512
1548930248.378643,511
1548930248.391961,511
1548930248.405716,511
1548930248.419094,510
1548930248.432468,510
1548930248.445832,509
1548930248.459203,509
1548930248.472537,509
1548930248.486184,510
1548930248.499533,510
1548930248.512833,510
1548930248.526516,510
1548930248.539824,510
1548930248.553126,510
1548930248.566436,511
1548930248.579762,510
1548930248.593043,510
1548930248.606697,510
1548930248.620026,510
1548930248.633634,510
1548930248.647278,510
1548930248.660632,510
1548930248.673943,510
1548930248.687307,510
1548930248.700620,510
1548930248.713942,510
1548930248.727252,511
1548930248.740556,510
1548930248.754310,510
1548930248.767673,509
1548930248.780968,510
1548930248.794251,511
1548930248.807615,510
1548930248.820897,510
1548930248.834642,511
1548930248.848349,510
1548930248.862081,510
1548930248.875428,510
1548930248.888723,509
1548930248.902075,509
1548930248.915396,509
1548930248.928685,510
1548930248.941979,511
1548930248.955605,511
1548930248.969244,511
1548930248.982640,510
1548930248.996204,510
1548930249.009541,511
1548930249.022834,510
1548930249.036110,510
1548930249.049718,510
1548930249.063034,510
1548930249.076599,511
1548930249.090010,510
1548930249.103338,511
1548930249.116647,510
1548930249.129945,510
1548930249.143251,510
1548930249.156710,510
1548930249.170146,510
1548930249.183522,510
1548930249.197116,509
1548930249.210781,510
1548930249.224108,510
1548930249.237399,511
1548930249.250713,511
1548930249.264047,512
1548930249.277338,511
1548930249.290665,511
1548930249.304011,511
1548930249.317816,513
1548930249.331178,514
1548930249.344464,513
1548930249.357823,513
1548930249.371142,512
1548930249.384817,512
1548930249.398532,512
1548930249.412604,512
1548930249.426405,512
1548930249.440093,512
1548930249.453496,512
1548930249.466874,513
1548930249.480322,512
1548930249.493618,512
1548930249.506918,511
1548930249.520627,511
1548930249.534009,511
1548930249.547370,511
1548930249.560701,511
1548930249.574032,511
1548930249.587319,509
1548930249.600887,511
1548930249.614261,511
1548930249.627579,512
1548930249.641165,511
1548930249.654519,511
1548930249.667866,511
1548930249.681148,511
1548930249.694483,511
1548930249.707767,512
1548930249.721375,512
1548930249.734678,511
1548930249.748278,511
1548930249.761697,512
1548930249.775262,512
1548930249.788589,511
1548930249.801875,511
1548930249.815414,511
1548930249.829000,511
1548930249.843155,511
1548930249.856924,511
1548930249.870849,509
1548930249.884300,510
1548930249.897631,510
1548930249.911008,511
1548930249.924367,511
1548930249.937721,512
1548930249.951468,513
1548930249.964956,514
1548930249.978645,514
1548930249.991986,513
1548930250.005220,514
1548930250.018445,513
1548930250.031749,513
1548930250.045029,513
1548930250.058340,513
1548930250.071970,513
1548930250.085557,513
1548930250.098880,512
1548930250.112198,513
1548930250.125490,512
1548930250.138815,513
1548930250.152168,512
1548930250.165856,512
1548930250.179187,513
1548930250.193183,513
1548930250.206542,512
1548930250.219913,511
1548930250.233206,511
1548930250.246483,511
1548930250.259824,512
1548930250.273290,511
1548930250.286736,511
1548930250.300058,511
1548930250.313662,511
1548930250.327372,511
1548930250.340733,511
1548930250.354067,511
1548930250.367406,511
1548930250.380707,511
1548930250.394063,511
1548930250.407377,511
1548930250.420985,511
1548930250.434793,512
1548930250.448213,512
1548930250.461511,513
1548930250.474850,511
1548930250.488157,512
1548930250.501868,512
1548930250.515544,511
1548930250.529184,510
1548930250.542780,511
1548930250.556082,510
1548930250.569357,511
1548930250.582726,510
1548930250.596021,510
1548930250.609313,510
1548930250.622746,510
1548930250.636497,511
1548930250.649810,510
1548930250.663141,511
1548930250.676449,510
1548930250.689724,510
1548930250.703029,509
1548930250.716444,508
1548930250.729972,508
1548930250.743312,509
1548930250.756931,509
1548930250.770263,508
1548930250.783624,509
1548930250.796886,508
1548930250.810230,508
1548930250.823548,508
1548930250.837151,508
1548930250.850471,508
1548930250.864137,508
1548930250.877570,508
1548930250.891101,508
1548930250.904443,508
1548930250.917724,510
1548930250.931026,509
1548930250.944358,510
1548930250.957628,509
1548930250.970964,509
1548930250.984840,509
1548930250.998244,509
1548930251.011594,509
1548930251.025123,510
1548930251.038463,509
1548930251.051776,510
1548930251.065408,511
1548930251.079110,512
1548930251.092825,511
1548930251.106165,512
1548930251.119511,512
1548930251.132844,512
1548930251.146175,512
1548930251.159489,512
1548930251.172847,512
1548930251.186359,513
1548930251.200025,512
1548930251.213307,511
1548930251.226657,511
1548930251.239971,511
1548930251.253254,511
1548930251.266616,511
1548930251.280289,511
1548930251.293596,511
1548930251.307437,511
1548930251.320989,512
1548930251.334290,510
1548930251.347591,509
1548930251.360863,509
1548930251.374153,509
1548930251.387501,509
1548930251.401079,509
1548930251.414401,508
1548930251.428051,508
1548930251.441656,508
1548930251.455014,509
1548930251.468328,508
1548930251.481615,508
1548930251.494960,508
1548930251.508422,509
1548930251.521705,508
1548930251.535074,508
1548930251.548852,510
1548930251.562298,509
1548930251.575630,509
1548930251.588907,509
1548930251.602281,510
1548930251.616158,509
1548930251.629933,509
1548930251.643254,509
1548930251.656961,509
1548930251.670376,510
1548930251.683699,509
1548930251.697058,509
1548930251.710447,509
1548930251.723773,510
1548930251.737076,509
1548930251.751213,510
1548930251.764706,512
1548930251.778036,511
1548930251.791379,512
1548930251.804691,511
1548930251.817995,510
1548930251.831312,510
1548930251.844947,510
1548930251.858349,511
1548930251.872008,511
1548930251.885265,510
1548930251.898601,510
1548930251.911922,510
1548930251.925236,511
1548930251.938534,512
1548930251.952455,511
1548930251.966023,511
1548930251.979749,512
1548930251.993420,512
1548930252.007037,512
1548930252.020431,512
1548930252.033755,511
1548930252.047025,511
1548930252.060296,511
1548930252.073574,511
1548930252.086846,511
1548930252.100811,511
1548930252.114166,511
1548930252.127508,511
1548930252.140831,511
1548930252.154156,511
1548930252.167465,512
1548930252.181116,513
1548930252.194734,513
1548930252.208385,513
1548930252.221749,512
1548930252.235149,512
1548930252.248458,512
1548930252.261741,511
1548930252.275066,511
1548930252.288518,512
1548930252.302046,510
1548930252.315712,511
1548930252.329038,510
1548930252.342356,511
1548930252.355693,510
1548930252.369000,510
1548930252.382318,510
1548930252.396016,511
1548930252.409341,511
1548930252.423029,511
1548930252.436828,511
1548930252.450674,510
1548930252.464685,509
1548930252.478080,510
1548930252.491413,509
1548930252.504871,510
1548930252.518343,510
1548930252.531581,509
1548930252.545183,510
1548930252.558844,509
1548930252.572192,509
1548930252.585491,510
1548930252.598789,509
1548930252.612054,509
1548930252.625339,509
1548930252.638647,509
1548930252.651962,510
1548930252.665714,509
1548930252.679101,509
1548930252.692471,509
1548930252.705799,510
1548930252.719109,510
1548930252.732738,510
1548930252.746382,510
1548930252.759695,510
1548930252.773301,510
1548930252.786626,511
1548930252.799963,510
1548930252.813255,511
1548930252.826570,510
1548930252.839865,510
1548930252.853155,510
1548930252.867017,510
1548930252.880493,511
1548930252.893791,511
1548930252.907127,511
1548930252.920454,512
1548930252.933787,513
1548930252.947067,512
1548930252.960656,512
1548930252.974078,513
1548930252.987722,513
1548930253.001034,512
1548930253.014608,512
1548930253.028545,512
1548930253.041893,512
1548930253.055274,513
1548930253.068707,513
1548930253.082027,514
1548930253.095423,514
1548930253.109031,514
1548930253.122453,514
1548930253.135783,514
1548930253.149047,514
1548930253.162415,513
1548930253.175752,514
1548930253.189066,513
1548930253.202386,513
1548930253.215992,512
1548930253.229309,512
1548930253.242707,512
1548930253.256051,512
1548930253.269369,511
1548930253.282710,511
1548930253.296076,511
1548930253.309403,512
1548930253.322909,513
1548930253.336257,512
1548930253.349526,512
1548930253.362819,511
1548930253.376135,510
1548930253.389403,511
1548930253.402713,510
1548930253.416277,510
1548930253.429973,510
1548930253.443590,510
1548930253.457013,511
1548930253.470397,510
1548930253.483761,510
1548930253.497075,510
1548930253.510450,511
1548930253.523930,510
1548930253.537263,510
1548930253.550670,511
1548930253.564061,510
1548930253.577382,510
1548930253.590742,509
1548930253.604047,509
1548930253.617338,509
1548930253.630708,509
1548930253.644031,509
1548930253.657344,509
1548930253.670838,509
1548930253.684184,509
1548930253.697483,509
1548930253.710816,509
1548930253.724131,509
1548930253.737435,509
1548930253.750755,510
1548930253.764107,509
1548930253.777466,510
1548930253.790782,509
1548930253.804068,509
1548930253.817346,509
1548930253.830671,509
1548930253.843972,510
1548930253.857297,509
1548930253.870711,509
1548930253.884744,509
1548930253.898938,509
1548930253.912505,509
1548930253.925945,510
1548930253.939369,511
1548930253.952823,510
1548930253.966323,510
1548930253.980010,510
1548930253.993834,511
1548930254.007256,511
1548930254.020607,511
1548930254.034017,511
1548930254.047381,511
1548930254.060760,511
1548930254.074200,511
1548930254.087583,512
1548930254.100983,512
1548930254.114318,513
1548930254.127637,512
1548930254.140909,513
1548930254.154206,512
1548930254.167506,512
1548930254.181065,513
1548930254.194432,513
1548930254.207831,512
1548930254.221479,512
1548930254.235105,512
1548930254.248460,512
1548930254.261789,511
1548930254.275117,511
1548930254.288444,511
1548930254.301708,512
1548930254.315080,511
1548930254.328400,511
1548930254.342308,512
1548930254.355743,513
1548930254.369075,512
1548930254.382372,513
1548930254.395715,512
1548930254.409310,512
1548930254.422838,512
1548930254.436223,512
1548930254.449721,512
1548930254.463130,511
1548930254.476685,512
1548930254.490098,511
1548930254.503512,511
1548930254.516875,511
1548930254.530248,511
1548930254.543845,511
1548930254.557218,511
1548930254.570625,511
1548930254.583963,511
1548930254.597279,512
1548930254.610607,512
1548930254.623953,512
1548930254.637320,512
1548930254.651160,513
1548930254.664869,512
1548930254.678462,513
1548930254.691917,512
1548930254.705247,512
1548930254.718619,512
1548930254.731940,512
1548930254.745562,512
1548930254.758879,512
1548930254.772842,512
1548930254.786785,512
1548930254.800157,513
1548930254.813432,513
1548930254.826755,513
1548930254.840157,513
1548930254.853501,513
1548930254.866854,513
1548930254.880192,512
1548930254.893976,511
1548930254.907333,512
1548930254.920680,511
1548930254.933984,512
1548930254.947293,510
1548930254.960569,510
1548930254.974452,510
1548930254.988033,510
1548930255.001830,510
1548930255.015149,511
1548930255.028422,510
1548930255.041619,510
1548930255.054860,510
1548930255.068227,510
1548930255.081754,510
1548930255.095500,509
1548930255.109414,511
1548930255.122900,510
1548930255.136206,511
1548930255.149487,510
1548930255.162805,510
1548930255.176128,510
1548930255.189739,510
1548930255.203071,509
1548930255.216659,510
1548930255.229986,511
1548930255.243320,510
1548930255.256627,511
1548930255.269877,510
1548930255.283172,510
1548930255.296633,510
1548930255.310026,511
1548930255.323333,510
1548930255.336985,510
1548930255.350661,511
1548930255.363993,512
1548930255.377292,510
1548930255.390631,510
1548930255.403984,510
1548930255.417285,510
1548930255.430584,510
1548930255.443991,510
1548930255.457745,513
1548930255.471059,512
1548930255.484419,513
1548930255.497695,511
1548930255.511019,511
1548930255.524658,511
1548930255.538345,511
1548930255.551750,511
1548930255.565383,511
1548930255.578878,511
1548930255.592243,511
1548930255.605576,511
1548930255.619073,512
1548930255.632386,510
1548930255.645721,510
1548930255.659203,511
1548930255.672747,511
1548930255.686349,511
1548930255.699736,512
1548930255.713097,511
1548930255.726462,510
1548930255.739806,509
1548930255.753307,509
1548930255.766682,509
1548930255.780249,509
1548930255.793610,509
1548930255.806982,509
1548930255.820403,509
1548930255.834232,509
1548930255.847690,509
1548930255.861467,509
1548930255.874797,509
1548930255.888525,509
1548930255.902127,509
1548930255.915515,509
1548930255.928843,509
1548930255.942142,509
1548930255.955531,509
1548930255.968913,509
1548930255.982325,509
1548930255.995889,509
1548930256.009816,509
1548930256.023256,509
1548930256.036621,510
1548930256.049961,509
1548930256.063419,509
1548930256.076805,509
1548930256.090525,510
1548930256.103961,509
1548930256.117424,509
1548930256.130734,509
1548930256.144063,509
1548930256.157375,509
1548930256.170742,509
1548930256.184080,509
1548930256.197400,509
1548930256.210859,508
1548930256.224442,509
1548930256.237711,510
1548930256.251208,509
1548930256.265101,509
1548930256.278636,509
1548930256.292066,509
1548930256.305470,509
1548930256.318856,510
1548930256.332366,510
1548930256.345748,510
1548930256.359167,510
1548930256.372521,510
1548930256.385864,510
1548930256.399221,510
1548930256.412661,512
1548930256.426028,511
1548930256.439374,512
1548930256.452743,511
1548930256.466137,512
1548930256.479475,512
1548930256.492803,512
1548930256.506148,511
1548930256.519556,511
1548930256.532787,511
1548930256.546059,511
1548930256.559292,511
1548930256.572680,513
1548930256.586002,514
1548930256.599353,513
1548930256.612723,512
1548930256.626056,512
1548930256.639466,512
1548930256.652847,512
1548930256.666160,512
1548930256.679542,512
1548930256.692864,512
1548930256.706195,512
1548930256.719499,513
1548930256.732817,512
1548930256.746151,511
1548930256.759475,511
1548930256.772931,513
1548930256.786297,512
1548930256.799587,513
1548930256.812797,512
1548930256.826817,513
1548930256.840275,512
1548930256.853580,512
1548930256.866982,511
1548930256.880314,512
1548930256.893628,511
1548930256.906974,512
1548930256.920313,512
1548930256.933589,512
1548930256.946929,512
1548930256.960625,512
1548930256.974098,512
1548930256.987645,512
1548930257.001028,511
1548930257.014482,512
1548930257.027882,512
1548930257.041240,512
1548930257.054610,511
1548930257.067945,511
1548930257.081281,511
1548930257.094736,511
1548930257.108097,512
1548930257.121424,511
1548930257.134856,512
1548930257.148192,511
1548930257.161511,512
1548930257.174902,511
1548930257.188231,512
1548930257.201558,511
1548930257.214930,513
1548930257.228332,512
1548930257.241642,513
1548930257.254950,512
1548930257.268262,512
1548930257.281551,512
1548930257.294876,512
1548930257.308200,512
1548930257.321475,512
1548930257.334954,512
1548930257.348303,512
1548930257.361590,512
1548930257.374941,512
1548930257.388292,514
1548930257.401574,513
1548930257.414910,513
1548930257.428244,513
1548930257.441541,513
1548930257.454926,514
1548930257.468241,514
1548930257.481652,513
1548930257.495264,513
1548930257.507578,513
1548930257.521123,513
1548930257.534698,513
1548930257.547927,514
1548930257.561357,513
1548930257.574806,513
1548930257.588177,514
1548930257.601517,514
1548930257.614885,514
1548930257.628238,514
1548930257.641543,514
1548930257.654889,513
1548930257.668216,513
1548930257.681607,513
1548930257.694989,513
1548930257.708311,513
1548930257.721603,513
1548930257.734978,512
1548930257.748355,512
1548930257.761715,512
1548930257.775103,513
1548930257.788475,512
1548930257.801841,512
1548930257.815141,512
1548930257.828488,512
1548930257.841821,512
1548930257.855139,511
1548930257.868444,512
1548930257.881732,511
1548930257.895205,512
1548930257.908562,512
1548930257.921883,513
1548930257.935215,513
1548930257.948519,514
1548930257.961844,513
1548930257.975279,513
1548930257.988718,512
1548930258.002129,512
1548930258.015499,512
1548930258.028817,512
1548930258.042090,512
1548930258.055446,512
1548930258.068768,512
1548930258.082254,512
1548930258.095714,513
1548930258.109068,512
1548930258.122496,514
1548930258.135925,514
1548930258.149266,513
1548930258.162617,513
1548930258.175935,512
1548930258.189238,512
1548930258.202562,512
1548930258.215864,511
1548930258.229170,512
1548930258.242546,511
1548930258.255880,512
1548930258.269199,512
1548930258.282538,512
1548930258.295877,512
1548930258.309172,512
1548930258.322559,513
1548930258.335913,514
1548930258.349266,514
1548930258.362578,514
1548930258.375925,514
1548930258.389229,514
1548930258.402548,514
1548930258.415871,513
1548930258.429146,513
1548930258.442511,513
1548930258.455891,514
1548930258.469300,513
1548930258.483160,514
1548930258.496769,513
1548930258.510266,513
1548930258.523662,513
1548930258.536992,513
1548930258.550331,513
1548930258.563999,513
1548930258.577435,513
1548930258.590982,512
1548930258.604318,511
1548930258.617624,511
1548930258.630972,510
1548930258.644422,510
1548930258.657723,510
1548930258.671043,510
1548930258.684405,510
1548930258.697790,510
1548930258.711065,510
1548930258.724393,511
1548930258.737699,512
1548930258.751023,511
1548930258.764353,511
1548930258.777621,511
1548930258.790975,511
1548930258.804325,511
1548930258.817599,510
1548930258.830911,511
1548930258.844209,510
1548930258.857491,510
1548930258.870912,510
1548930258.884278,510
1548930258.897564,510
1548930258.910932,511
1548930258.924290,513
1548930258.937594,513
1548930258.951328,513
1548930258.965026,515
1548930258.978778,514
1548930258.992804,515
1548930259.006695,515
1548930259.020220,515
1548930259.033625,515
1548930259.047047,515
1548930259.060452,515
1548930259.073860,515
1548930259.087258,515
1548930259.100650,516
1548930259.114015,515
1548930259.127371,516
1548930259.140694,515
1548930259.154063,515
1548930259.167422,515
1548930259.180761,514
1548930259.194090,514
1548930259.207455,515
1548930259.220790,514
1548930259.234148,514
1548930259.247527,514
1548930259.260873,515
1548930259.274245,515
1548930259.287565,515
1548930259.300878,513
1548930259.314209,514
1548930259.327533,514
1548930259.340838,514
1548930259.354376,514
1548930259.367735,516
1548930259.381052,515
1548930259.394389,515
1548930259.407668,515
1548930259.420988,515
1548930259.434291,518
1548930259.447629,517
1548930259.460920,518
1548930259.474507,517
1548930259.487841,517
1548930259.501142,517
1548930259.514447,517
1548930259.527757,516
1548930259.541313,516
1548930259.554892,516
1548930259.568580,515
1548930259.582159,515
1548930259.595593,516
1548930259.608910,515
1548930259.622256,516
1548930259.635569,515
1548930259.649063,516
1548930259.662485,515
1548930259.675792,515
1548930259.689505,515
1548930259.702949,516
1548930259.716365,514
1548930259.729725,515
1548930259.743065,514
1548930259.756419,515
1548930259.769872,513
1548930259.783292,513
1548930259.796744,515
1548930259.810111,513
1548930259.823445,515
1548930259.836803,513
1548930259.850154,515
1548930259.863510,514
1548930259.876818,515
1548930259.890173,514
1548930259.903607,515
1548930259.917519,515
1548930259.931260,515
1548930259.945208,515
1548930259.958748,515
1548930259.972190,516
1548930259.985719,515
1548930259.999227,515
1548930260.012580,516
1548930260.025864,516
1548930260.039267,517
1548930260.052633,516
1548930260.065974,517
1548930260.079307,516
1548930260.092611,516
1548930260.105966,515
1548930260.119489,516
1548930260.132890,516
1548930260.146281,516
1548930260.159610,515
1548930260.172917,515
1548930260.186263,515
1548930260.199580,513
1548930260.213298,513
1548930260.226374,513
1548930260.239667,513
1548930260.252998,513
1548930260.266324,513
1548930260.279637,513
1548930260.292913,512
1548930260.306205,511
1548930260.319767,512
1548930260.333164,512
1548930260.346506,512
1548930260.359982,513
1548930260.373343,514
1548930260.386686,513
1548930260.400049,513
1548930260.413364,511
1548930260.426695,511
1548930260.440027,511
1548930260.453323,511
1548930260.466743,511
1548930260.480350,511
1548930260.494029,511
1548930260.507528,511
1548930260.520921,511
1548930260.534294,511
1548930260.547955,511
1548930260.561244,511
1548930260.574568,512
1548930260.588059,513
1548930260.601413,511
1548930260.614813,512
1548930260.628150,510
1548930260.641468,511
1548930260.654871,510
1548930260.668244,511
1548930260.681630,510
1548930260.695030,510
1548930260.708375,510
1548930260.721707,510
1548930260.735068,510
1548930260.748398,510
1548930260.761655,510
1548930260.775184,510
1548930260.788521,510
1548930260.802028,510
1548930260.815401,511
1548930260.828690,510
1548930260.842017,510
1548930260.855456,510
1548930260.869395,510
1548930260.883913,510
1548930260.897650,510
1548930260.911283,510
1548930260.924957,512
1548930260.938663,511
1548930260.952003,511
1548930260.965366,511
1548930260.978927,512
1548930260.992398,511
1548930261.005754,511
1548930261.019134,512
1548930261.033353,512
1548930261.046860,511
1548930261.060233,511
1548930261.073497,511
1548930261.086816,512
1548930261.100179,511
1548930261.113854,511
1548930261.127600,511
1548930261.141249,511
1548930261.154616,511
1548930261.167973,512
1548930261.181295,511
1548930261.194603,510
1548930261.207930,510
1548930261.221236,509
1548930261.234667,509
1548930261.248426,510
1548930261.261795,511
1548930261.275114,510
1548930261.288420,511
1548930261.301710,510
1548930261.315056,510
1548930261.328718,511
1548930261.342082,511
1548930261.355536,512
1548930261.369018,512
1548930261.382402,512
1548930261.395810,513
1548930261.409189,512
1548930261.422782,512
1548930261.436198,512
1548930261.449705,512
1548930261.463039,512
1548930261.476525,513
1548930261.490050,512
1548930261.503428,512
1548930261.516788,513
1548930261.530136,511
1548930261.543453,512
1548930261.556781,511
1548930261.570161,512
1548930261.583519,511
1548930261.597078,511
1548930261.610514,512
1548930261.623788,511
1548930261.637120,510
1548930261.650430,510
1548930261.663908,511
1548930261.677206,510
1548930261.690668,512
1548930261.704043,510
1548930261.717365,511
1548930261.730704,510
1548930261.744138,511
1548930261.757829,510
1548930261.771547,510
1548930261.785414,510
1548930261.798954,510
1548930261.812419,510
1548930261.825859,511
1548930261.839252,510
1548930261.852582,511
1548930261.865924,510
1548930261.879307,511
1548930261.892725,510
1548930261.906119,510
1548930261.919510,511
1548930261.932859,511
1548930261.946222,511
1548930261.959539,510
1548930261.972868,510
1548930261.986183,510
1548930261.999729,510
1548930262.013092,510
1548930262.026501,510
1548930262.039881,510
1548930262.053356,510
1548930262.066801,510
1548930262.080165,510
1548930262.093448,511
1548930262.106794,510
1548930262.120113,511
1548930262.133329,510
1548930262.146734,510
1548930262.160039,510
1548930262.173348,509
1548930262.186601,510
1548930262.199900,508
1548930262.213213,508
1548930262.226524,509
1548930262.239904,509
1548930262.253176,510
1548930262.266440,509
1548930262.279751,509
1548930262.293028,509
1548930262.306352,509
1548930262.319687,510
1548930262.333031,509
1548930262.346730,509
1548930262.360354,511
1548930262.373762,511
1548930262.387093,511
1548930262.400484,511
1548930262.413845,511
1548930262.427193,511
1548930262.440637,512
1548930262.453974,512
1548930262.467298,513
1548930262.481093,513
1548930262.494643,514
1548930262.508227,513
1548930262.521615,512
1548930262.535060,512
1548930262.548512,513
1548930262.561921,512
1548930262.575296,513
1548930262.588738,512
1548930262.602539,512
1548930262.615985,513
1548930262.629251,513
1548930262.642568,512
1548930262.655850,513
1548930262.669075,512
1548930262.682373,512
1548930262.695652,513
1548930262.709395,513
1548930262.722742,512
1548930262.736050,513
1548930262.749344,511
1548930262.762698,512
1548930262.776096,511
1548930262.789665,511
1548930262.803284,512
1548930262.816816,513
1548930262.830300,514
1548930262.844080,513
1548930262.858351,513
1548930262.871949,513
1548930262.885324,513
1548930262.898716,512
1548930262.912429,512
1548930262.926006,513
1548930262.939347,514
1548930262.952637,513
1548930262.965904,513
1548930262.979176,513
1548930262.992526,512
1548930263.006195,512
1548930263.019612,514
1548930263.033265,514
1548930263.046648,515
1548930263.060178,514
1548930263.073499,513
1548930263.086809,513
1548930263.100143,513
1548930263.113735,514
1548930263.127068,514
1548930263.140469,514
1548930263.154027,514
1548930263.167561,516
1548930263.180888,515
1548930263.194310,515
1548930263.207624,512
1548930263.220934,513
1548930263.234273,513
1548930263.247596,513
1548930263.260906,514
1548930263.274667,514
1548930263.287996,514
1548930263.301276,513
1548930263.314603,512
1548930263.327903,513
1548930263.341515,514
1548930263.355116,513
1548930263.368568,513
1548930263.382092,513
1548930263.395424,513
1548930263.408776,513
1548930263.422154,513
1548930263.435786,513
1548930263.449134,512
1548930263.462489,512
1548930263.476083,513
1548930263.489593,514
1548930263.502965,514
1548930263.516353,514
1548930263.529660,514
1548930263.543023,514
1548930263.556476,513
1548930263.569955,514
1548930263.583310,513
1548930263.596775,514
1548930263.610140,514
1548930263.623477,513
1548930263.636794,513
1548930263.650098,514
1548930263.663423,513
1548930263.676881,513
1548930263.690234,513
1548930263.703562,514
1548930263.716862,514
1548930263.730199,515
1548930263.743565,514
1548930263.756863,513
1548930263.770181,512
1548930263.783522,513
1548930263.796847,512
1548930263.810146,512
1548930263.823513,513
1548930263.836863,513
1548930263.850191,513
1548930263.863518,513
1548930263.876807,513
1548930263.890108,512
1548930263.903446,513
1548930263.916760,513
1548930263.929839,514
1548930263.943152,514
1548930263.956391,514
1548930263.969637,513
