1548934254.980615,0
1548934254.994427,0
1548934255.006761,3
1548934255.019854,14
1548934255.032866,14
1548934255.045354,27
1548934255.057974,22
1548934255.070364,32
1548934255.083703,21
1548934255.095995,13
1548934255.108315,25
1548934255.120635,27
1548934255.134215,10
1548934255.147140,13
1548934255.160417,17
1548934255.173902,10
1548934255.187341,19
1548934255.200892,16
1548934255.214353,11
1548934255.227622,16
1548934255.241051,11
1548934255.254310,13
1548934255.267584,12
1548934255.280878,9
1548934255.294140,17
1548934255.307535,8
1548934255.320830,10
1548934255.334080,15
1548934255.347379,8
1548934255.360655,15
1548934255.373965,11
1548934255.387248,13
1548934255.400692,9
1548934255.413758,15
1548934255.427282,14
1548934255.441082,12
1548934255.454446,14
1548934255.467684,7
1548934255.480965,15
1548934255.494220,13
1548934255.507539,10
1548934255.520769,16
1548934255.533999,11
1548934255.547294,10
1548934255.560677,18
1548934255.574034,12
1548934255.587391,9
1548934255.600732,17
1548934255.614139,9
1548934255.627853,14
1548934255.641122,13
1548934255.654503,8
1548934255.668274,16
1548934255.681432,13
1548934255.694694,10
1548934255.707940,16
1548934255.721176,11
1548934255.734423,14
1548934255.747649,15
1548934255.760846,12
1548934255.774064,12
1548934255.787530,10
1548934255.800902,12
1548934255.814253,22
1548934255.827530,12
1548934255.840758,12
1548934255.854078,20
1548934255.867194,12
1548934255.880349,7
1548934255.893534,16
1548934255.907050,8
1548934255.920317,13
1548934255.933477,6
1548934255.946732,8
1548934255.960347,16
1548934255.973769,7
1548934255.987056,12
1548934256.000469,12
1548934256.013944,7
1548934256.027626,18
1548934256.040932,13
1548934256.054107,7
1548934256.067503,22
1548934256.080087,13
1548934256.093089,7
1548934256.106543,13
1548934256.120432,8
1548934256.133994,13
1548934256.147543,13
1548934256.160932,10
1548934256.174295,18
1548934256.187636,15
1548934256.200933,12
1548934256.214256,17
1548934256.227574,12
1548934256.240894,11
1548934256.254053,19
1548934256.267242,11
1548934256.280548,9
1548934256.293822,15
1548934256.307065,10
1548934256.320435,12
1548934256.333694,12
1548934256.347034,8
1548934256.360647,17
1548934256.373957,9
1548934256.387287,6
1548934256.401004,16
1548934256.414462,9
1548934256.427218,11
1548934256.440411,14
1548934256.454107,10
1548934256.467498,13
1548934256.480972,9
1548934256.494248,13
1548934256.507637,11
1548934256.520902,12
1548934256.534110,14
1548934256.547545,8
1548934256.560830,12
1548934256.574029,15
1548934256.587318,10
1548934256.600512,15
1548934256.613699,15
1548934256.626892,9
1548934256.640414,19
1548934256.653354,12
1548934256.666714,8
1548934256.679955,16
1548934256.693204,11
1548934256.706447,8
1548934256.719744,17
1548934256.733088,11
1548934256.746415,11
1548934256.759599,12
1548934256.772928,13
1548934256.786103,12
1548934256.799357,17
1548934256.812532,12
1548934256.825675,9
1548934256.838995,17
1548934256.852160,14
1548934256.865305,9
1548934256.878471,18
1548934256.891854,11
1548934256.905206,14
1548934256.918815,12
1548934256.932103,17
1548934256.945442,15
1548934256.958563,9
1548934256.972055,16
1548934256.985220,7
1548934256.998402,10
1548934257.011568,16
1548934257.024996,14
1548934257.038369,16
1548934257.050993,12
1548934257.064042,9
1548934257.077076,17
1548934257.090517,9
1548934257.104110,13
1548934257.117830,15
1548934257.131338,8
1548934257.145212,15
1548934257.158813,11
1548934257.172231,11
1548934257.185539,16
1548934257.199119,8
1548934257.212715,15
1548934257.225949,14
1548934257.239543,11
1548934257.252930,16
1548934257.266243,12
1548934257.279526,6
1548934257.292952,17
1548934257.306283,12
1548934257.319631,8
1548934257.333007,17
1548934257.346038,11
1548934257.359284,16
1548934257.372538,10
1548934257.385860,8
1548934257.399154,14
1548934257.412494,13
1548934257.425730,7
1548934257.438999,15
1548934257.452491,15
1548934257.465861,13
1548934257.479064,8
1548934257.492460,11
1548934257.505642,15
1548934257.518938,8
1548934257.532250,7
1548934257.545574,15
1548934257.558940,10
1548934257.572270,14
1548934257.585564,12
1548934257.598850,8
1548934257.612144,14
1548934257.625624,12
1548934257.639680,10
1548934257.653082,12
1548934257.666524,11
1548934257.680014,19
1548934257.693439,12
1548934257.706716,8
1548934257.719988,14
1548934257.733325,10
1548934257.746687,14
1548934257.760001,12
1548934257.773252,9
1548934257.786463,15
1548934257.799768,12
1548934257.813062,9
1548934257.826286,12
1548934257.839560,14
1548934257.852794,10
1548934257.866023,12
1548934257.879226,8
1548934257.892773,14
1548934257.906092,10
1548934257.919570,15
1548934257.932937,12
1548934257.946209,14
1548934257.959526,8
1548934257.972879,9
1548934257.986161,18
1548934257.999401,10
1548934258.012884,9
1548934258.025794,14
1548934258.039930,8
1548934258.053834,13
1548934258.067519,12
1548934258.081213,9
1548934258.094857,14
1548934258.108300,10
1548934258.121526,12
1548934258.135111,16
1548934258.148769,10
1548934258.162297,9
1548934258.175817,16
1548934258.189116,11
1548934258.202432,12
1548934258.215709,15
1548934258.229145,10
1548934258.242391,12
1548934258.255637,14
1548934258.268875,4
1548934258.282086,11
1548934258.295365,16
1548934258.308577,12
1548934258.321777,9
1548934258.335233,17
1548934258.348485,9
1548934258.361707,15
1548934258.375474,13
1548934258.389280,9
1548934258.402810,16
1548934258.416259,12
1548934258.429573,16
1548934258.442782,12
1548934258.456200,12
1548934258.469486,11
1548934258.482725,14
1548934258.496040,15
1548934258.509260,15
1548934258.522520,9
1548934258.536002,8
1548934258.549304,14
1548934258.562586,8
1548934258.575869,11
1548934258.589111,12
1548934258.602372,14
1548934258.615773,13
1548934258.629070,11
1548934258.642380,19
1548934258.655679,12
1548934258.668961,10
1548934258.682537,18
1548934258.695907,13
1548934258.709538,8
1548934258.722979,18
1548934258.736257,10
1548934258.749549,17
1548934258.762808,13
1548934258.776098,12
1548934258.789355,16
1548934258.802582,12
1548934258.815909,8
1548934258.829255,16
1548934258.842386,12
1548934258.855685,10
1548934258.868935,15
1548934258.882130,12
1548934258.895438,12
1548934258.908820,21
1548934258.922164,13
1548934258.935459,11
1548934258.948754,15
1548934258.961999,11
1548934258.975273,10
1548934258.988562,17
1548934259.001777,10
1548934259.015362,11
1548934259.028846,16
1548934259.042186,7
1548934259.055516,11
1548934259.068787,11
1548934259.082178,14
1548934259.095415,12
1548934259.109630,12
1548934259.123077,13
1548934259.136733,12
1548934259.150826,15
1548934259.164369,10
1548934259.177677,9
1548934259.191010,13
1548934259.204276,11
1548934259.217555,16
1548934259.230878,10
1548934259.244129,8
1548934259.257467,20
1548934259.270602,10
1548934259.283939,13
1548934259.297167,12
1548934259.310395,13
1548934259.323718,15
1548934259.336999,11
1548934259.350243,15
1548934259.363497,11
1548934259.376736,10
1548934259.389974,17
1548934259.403284,12
1548934259.416575,16
1548934259.429772,10
1548934259.443055,13
1548934259.456300,12
1548934259.469736,17
1548934259.483061,12
1548934259.496372,5
1548934259.509610,16
1548934259.522917,12
1548934259.536188,8
1548934259.549453,13
1548934259.562701,14
1548934259.575942,11
1548934259.589208,14
1548934259.602429,11
1548934259.615688,9
1548934259.628974,19
1548934259.642221,11
1548934259.655535,12
1548934259.668815,13
1548934259.682045,13
1548934259.695287,13
1548934259.708588,14
1548934259.722063,12
1548934259.735349,13
1548934259.748616,14
1548934259.762037,19
1548934259.775330,13
1548934259.788656,11
1548934259.801885,20
1548934259.815191,12
1548934259.828460,13
1548934259.841640,15
1548934259.854964,11
1548934259.868249,8
1548934259.881553,17
1548934259.894845,8
1548934259.908153,12
1548934259.921420,13
1548934259.934690,11
1548934259.947940,16
1548934259.961178,11
1548934259.974435,12
1548934259.987792,15
1548934260.001117,13
1548934260.014563,16
1548934260.028330,10
1548934260.041561,14
1548934260.054978,10
1548934260.068372,11
1548934260.081719,15
1548934260.095346,11
1548934260.108871,14
1548934260.122131,15
1548934260.135605,13
1548934260.148928,13
1548934260.162139,12
1548934260.175410,18
1548934260.188697,13
1548934260.201937,10
1548934260.215186,13
1548934260.228475,12
1548934260.241668,8
1548934260.254917,18
1548934260.268284,11
1548934260.281573,9
1548934260.294825,19
1548934260.308093,13
1548934260.321462,9
1548934260.334735,13
1548934260.347995,8
1548934260.361225,12
1548934260.374455,14
1548934260.388067,9
1548934260.401582,7
1548934260.415066,13
1548934260.428491,9
1548934260.441736,10
1548934260.455005,15
1548934260.468227,12
1548934260.481476,11
1548934260.494701,13
1548934260.508028,10
1548934260.521254,18
1548934260.534503,15
1548934260.547806,8
1548934260.561089,13
1548934260.574368,14
1548934260.587666,11
1548934260.600937,15
1548934260.614192,11
1548934260.627427,9
1548934260.640771,14
1548934260.654036,11
1548934260.667363,13
1548934260.680667,14
1548934260.693893,7
1548934260.707400,12
1548934260.720706,16
1548934260.733929,10
1548934260.747238,7
1548934260.760498,14
1548934260.773724,12
1548934260.787067,17
1548934260.800361,11
1548934260.813605,12
1548934260.827038,9
1548934260.840354,10
1548934260.853603,19
1548934260.866748,14
1548934260.880048,12
1548934260.893292,21
1548934260.906510,12
1548934260.919825,10
1548934260.933132,17
1548934260.946373,13
1548934260.959637,5
1548934260.972893,16
1548934260.986113,12
1548934260.999513,12
1548934261.012836,15
1548934261.026374,9
1548934261.039833,14
1548934261.053063,13
1548934261.066550,9
1548934261.080162,11
1548934261.093377,14
1548934261.106869,12
1548934261.120317,12
1548934261.134290,14
1548934261.147502,16
1548934261.160777,13
1548934261.174029,13
1548934261.187318,14
1548934261.200580,11
1548934261.213786,16
1548934261.227043,14
1548934261.240395,10
1548934261.253662,12
1548934261.266913,10
1548934261.280122,12
1548934261.293552,15
1548934261.307695,11
1548934261.321714,17
1548934261.335274,11
1548934261.348729,12
1548934261.362038,16
1548934261.375322,11
1548934261.388590,13
1548934261.401833,13
1548934261.414471,21
1548934261.427585,11
1548934261.440854,11
1548934261.454171,17
1548934261.467444,12
1548934261.480724,11
1548934261.493965,13
1548934261.507195,7
1548934261.520467,12
1548934261.533679,14
1548934261.546972,10
1548934261.560220,15
1548934261.573489,14
1548934261.586811,7
1548934261.600087,16
1548934261.613364,12
1548934261.626670,11
1548934261.639963,17
1548934261.653266,12
1548934261.666494,18
1548934261.679802,9
1548934261.693062,14
1548934261.706339,14
1548934261.719607,13
1548934261.732893,16
1548934261.746156,11
1548934261.759424,10
1548934261.772712,18
1548934261.785976,9
1548934261.799256,12
1548934261.812498,15
1548934261.825712,12
1548934261.838981,12
1548934261.852358,10
1548934261.865729,17
1548934261.879029,9
1548934261.892546,9
1548934261.905800,19
1548934261.919317,8
1548934261.932535,12
1548934261.945871,9
1548934261.959130,15
1548934261.972442,13
1548934261.985693,11
1548934261.998975,12
1548934262.012235,8
1548934262.025766,11
1548934262.039270,16
1548934262.052543,9
1548934262.065870,14
1548934262.079604,11
1548934262.093227,7
1548934262.106581,15
1548934262.120365,9
1548934262.133657,10
1548934262.146677,16
1548934262.159692,11
1548934262.172953,20
1548934262.186220,9
1548934262.199755,15
1548934262.213163,14
1548934262.226555,12
1548934262.239886,19
1548934262.253143,14
1548934262.266400,12
1548934262.279677,20
1548934262.292930,13
1548934262.306171,9
1548934262.319438,22
1548934262.332803,11
1548934262.346302,9
1548934262.359219,17
1548934262.372387,14
1548934262.385659,9
1548934262.398940,14
1548934262.412173,9
1548934262.425451,12
1548934262.438679,16
1548934262.451961,7
1548934262.465226,14
1548934262.478450,13
1548934262.491728,10
1548934262.504998,16
1548934262.518226,11
1548934262.531497,12
1548934262.544741,19
1548934262.557958,12
1548934262.571240,12
1548934262.584517,14
1548934262.597742,8
1548934262.611024,15
1548934262.624297,12
1548934262.637729,5
1548934262.651091,14
1548934262.664275,12
1548934262.677880,14
1548934262.691654,15
1548934262.705014,10
1548934262.718249,12
1548934262.731568,14
1548934262.744867,13
1548934262.758205,15
1548934262.771544,12
1548934262.784918,10
1548934262.798192,14
1548934262.811490,11
1548934262.824735,9
1548934262.837981,19
1548934262.851261,11
1548934262.864681,7
1548934262.877975,16
1548934262.891295,12
1548934262.904584,6
1548934262.917802,17
1548934262.931058,11
1548934262.944341,10
1548934262.957594,13
1548934262.970814,9
1548934262.984082,17
1548934262.997348,12
1548934263.010631,15
1548934263.023884,11
1548934263.037364,7
1548934263.050937,18
1548934263.064251,11
1548934263.077904,7
1548934263.091700,18
1548934263.105044,11
1548934263.117713,10
1548934263.131362,17
1548934263.145122,8
1548934263.158463,9
1548934263.171898,15
1548934263.185147,8
1548934263.198381,11
1548934263.211681,14
1548934263.224973,9
1548934263.238201,16
1548934263.251431,13
1548934263.265243,12
1548934263.276890,10
1548934263.288855,15
1548934263.301538,11
1548934263.314472,18
1548934263.327737,14
1548934263.341033,8
1548934263.354249,17
1548934263.367510,12
1548934263.380786,11
1548934263.394063,19
1548934263.407338,10
1548934263.420617,12
1548934263.433821,12
1548934263.447076,7
1548934263.460322,13
1548934263.473536,10
1548934263.486770,12
1548934263.500065,15
1548934263.513246,8
1548934263.526485,13
1548934263.539789,15
1548934263.553017,10
1548934263.566262,18
1548934263.579524,14
1548934263.592746,10
1548934263.606045,18
1548934263.619317,14
1548934263.632630,10
1548934263.645842,17
1548934263.659160,12
1548934263.672440,7
1548934263.685661,20
1548934263.698915,12
1548934263.712165,9
1548934263.725413,15
1548934263.738716,12
1548934263.752012,17
1548934263.765260,9
1548934263.778554,18
1548934263.791791,12
1548934263.805066,13
1548934263.818342,17
1548934263.831577,11
1548934263.844844,9
1548934263.858261,16
1548934263.871621,15
1548934263.884917,11
1548934263.898208,17
1548934263.911501,13
1548934263.924782,10
1548934263.938006,15
1548934263.951284,12
1548934263.964560,9
1548934263.977788,17
1548934263.991054,11
1548934264.004311,10
1548934264.017583,17
1548934264.030853,8
1548934264.044571,12
1548934264.057979,14
1548934264.071467,8
1548934264.085099,11
1548934264.098699,15
1548934264.112240,7
1548934264.126010,17
1548934264.139739,14
1548934264.153149,9
1548934264.166325,15
1548934264.179669,11
1548934264.193071,11
1548934264.206360,13
1548934264.219681,14
1548934264.232989,12
1548934264.246233,16
1548934264.259550,10
1548934264.272862,12
1548934264.286137,13
1548934264.299426,11
1548934264.312717,8
1548934264.325959,9
1548934264.339247,17
1548934264.352546,8
1548934264.365809,12
1548934264.379097,16
1548934264.392381,9
1548934264.405617,17
1548934264.418899,11
1548934264.432163,10
1548934264.445470,14
1548934264.458730,11
1548934264.472037,13
1548934264.485294,15
1548934264.498551,9
1548934264.511824,15
1548934264.525094,11
1548934264.538342,11
1548934264.551628,15
1548934264.564910,10
1548934264.578243,10
1548934264.591501,12
1548934264.604737,12
1548934264.618016,15
1548934264.631335,9
1548934264.645372,13
1548934264.659276,13
1548934264.672645,9
1548934264.685926,17
1548934264.699232,11
1548934264.712574,12
1548934264.725864,21
1548934264.739136,10
1548934264.752406,9
1548934264.765648,18
1548934264.778917,11
1548934264.792187,11
1548934264.805468,13
1548934264.818694,14
1548934264.831942,15
1548934264.845191,12
1548934264.858412,8
1548934264.871649,17
1548934264.884928,12
1548934264.898200,15
1548934264.911441,13
1548934264.924687,8
1548934264.937935,15
1548934264.951179,10
1548934264.964445,9
1548934264.977711,15
1548934264.990987,11
1548934265.004338,14
1548934265.017639,14
1548934265.030900,12
1548934265.044481,12
1548934265.057905,11
1548934265.071459,9
1548934265.084965,15
1548934265.098268,12
1548934265.111417,9
1548934265.124830,13
1548934265.138400,9
1548934265.151567,14
1548934265.164500,13
1548934265.177584,8
1548934265.190860,15
1548934265.204195,10
1548934265.217461,11
1548934265.230960,10
1548934265.244296,15
1548934265.257614,11
1548934265.270974,10
1548934265.284281,19
1548934265.297567,10
1548934265.310849,7
1548934265.324108,16
1548934265.337336,10
1548934265.350567,15
1548934265.363818,12
1548934265.377356,9
1548934265.390749,16
1548934265.404172,14
1548934265.417424,11
1548934265.430679,14
1548934265.443913,8
1548934265.457212,14
1548934265.470487,12
1548934265.483801,10
1548934265.497069,20
1548934265.510320,12
1548934265.523610,6
1548934265.536897,15
1548934265.550107,12
1548934265.563389,14
1548934265.576702,15
1548934265.589949,10
1548934265.603199,16
1548934265.616485,12
1548934265.629678,8
1548934265.642959,16
1548934265.656236,12
1548934265.669476,10
1548934265.682830,19
1548934265.696152,12
1548934265.709402,10
1548934265.722685,16
1548934265.735927,10
1548934265.749265,12
1548934265.763064,11
1548934265.776986,7
1548934265.790343,14
1548934265.803712,6
1548934265.816932,10
1548934265.830207,16
1548934265.843497,11
1548934265.856760,9
1548934265.870182,17
1548934265.883493,13
1548934265.896750,11
1548934265.909998,15
1548934265.923250,10
1548934265.936517,13
1548934265.949755,12
1548934265.963022,12
1548934265.976537,14
1548934265.989815,6
1548934266.003112,15
1548934266.016415,12
1548934266.029658,12
1548934266.042934,14
1548934266.056461,13
1548934266.069831,17
1548934266.083201,12
1548934266.097335,7
1548934266.110848,16
1548934266.124280,10
1548934266.137718,9
1548934266.151689,13
1548934266.165346,15
1548934266.178662,14
1548934266.192239,8
1548934266.205559,13
1548934266.218813,16
1548934266.232111,8
1548934266.245338,8
1548934266.258628,15
1548934266.271871,9
1548934266.285173,12
1548934266.298413,17
1548934266.311689,8
1548934266.324961,11
1548934266.338190,15
1548934266.351678,9
1548934266.364983,7
1548934266.378205,15
1548934266.391457,11
1548934266.404710,10
1548934266.417953,19
1548934266.431207,8
1548934266.444458,14
1548934266.457688,15
1548934266.470944,10
1548934266.484201,17
1548934266.497455,10
1548934266.510688,11
1548934266.523974,13
1548934266.537241,14
1548934266.550478,7
1548934266.563750,8
1548934266.577000,16
1548934266.590286,12
1548934266.603582,7
1548934266.616823,13
1548934266.630049,10
1548934266.643473,15
1548934266.656925,12
1548934266.670189,8
1548934266.683448,13
1548934266.696694,8
1548934266.709919,8
1548934266.723178,17
1548934266.736443,10
1548934266.749671,10
1548934266.762957,19
1548934266.776241,12
1548934266.789537,7
1548934266.802797,18
1548934266.816077,13
1548934266.829310,7
1548934266.842573,14
1548934266.855869,8
1548934266.869105,13
1548934266.882386,9
1548934266.895666,11
1548934266.908973,19
1548934266.922254,10
1548934266.935510,12
1548934266.948961,13
1548934266.962251,10
1548934266.975558,15
1548934266.988870,11
1548934267.002072,11
1548934267.015336,18
1548934267.028597,10
1548934267.041816,7
1548934267.055264,15
1548934267.068100,12
1548934267.081403,17
1548934267.094952,10
1548934267.107625,10
1548934267.120622,17
1548934267.134328,8
1548934267.147910,14
1548934267.161258,13
1548934267.174650,10
1548934267.187990,15
1548934267.201282,15
1548934267.214757,13
1548934267.228051,13
1548934267.241393,14
1548934267.254747,11
1548934267.268077,12
1548934267.281426,13
1548934267.294674,12
1548934267.308051,17
1548934267.321327,11
1548934267.334685,12
1548934267.348006,16
1548934267.361311,10
1548934267.374550,18
1548934267.387838,15
1548934267.401348,8
1548934267.414667,14
1548934267.427950,11
1548934267.441266,11
1548934267.454481,13
1548934267.467758,11
1548934267.481043,8
1548934267.494259,15
1548934267.507531,11
1548934267.520822,14
1548934267.534055,9
1548934267.547360,15
1548934267.560678,13
1548934267.573932,15
1548934267.587181,12
1548934267.600460,6
1548934267.613684,16
1548934267.626985,13
1548934267.640282,3
1548934267.653556,13
1548934267.666821,11
1548934267.680092,12
1548934267.693370,12
1548934267.706575,10
1548934267.719859,12
1548934267.733139,12
1548934267.746408,14
1548934267.759670,14
1548934267.772975,9
1548934267.786190,16
1548934267.799470,13
1548934267.812716,8
1548934267.825959,16
1548934267.839238,12
1548934267.852522,14
1548934267.865765,19
1548934267.879192,12
1548934267.892460,9
1548934267.905635,19
1548934267.918861,10
1548934267.932162,18
1548934267.945445,14
1548934267.958728,10
1548934267.971961,13
1548934267.985238,11
1548934267.998440,11
1548934268.011705,16
1548934268.024937,9
1548934268.038174,12
1548934268.051427,15
1548934268.064978,6
1548934268.078414,12
1548934268.091865,13
1548934268.105688,10
1548934268.119497,13
1548934268.133211,7
1548934268.147093,14
1548934268.160330,13
1548934268.173591,6
1548934268.187039,15
1548934268.200480,11
1548934268.213908,8
1548934268.227390,17
1548934268.240815,11
1548934268.254080,10
1548934268.267357,14
1548934268.280624,13
1548934268.293871,15
1548934268.307150,14
1548934268.320407,10
1548934268.333671,13
1548934268.346945,14
1548934268.360168,6
1548934268.373408,11
1548934268.386670,13
1548934268.399936,9
1548934268.413188,16
1548934268.426400,10
1548934268.439662,12
1548934268.452915,15
1548934268.466110,8
1548934268.479358,13
1548934268.492631,11
1548934268.505857,14
1548934268.519105,8
1548934268.532397,15
1548934268.545613,12
1548934268.558869,9
1548934268.572191,18
1548934268.585425,12
1548934268.598665,11
1548934268.611948,17
1548934268.625183,12
1548934268.638408,15
1548934268.651665,12
1548934268.664930,9
1548934268.678131,18
1548934268.691383,11
1548934268.704655,10
1548934268.717879,15
1548934268.731191,12
1548934268.744435,15
1548934268.757815,12
1548934268.771080,10
1548934268.784312,20
1548934268.797558,12
1548934268.810800,8
1548934268.824081,19
1548934268.837318,9
1548934268.850555,12
1548934268.863820,14
1548934268.877081,11
1548934268.890239,17
1548934268.903539,13
1548934268.916812,9
1548934268.930035,14
1548934268.943363,11
1548934268.956607,11
1548934268.969832,16
1548934268.983116,13
1548934268.996457,15
1548934269.009761,12
1548934269.023106,11
1548934269.036351,16
1548934269.049651,7
1548934269.063029,11
1548934269.076719,15
1548934269.090146,7
1548934269.103423,17
1548934269.117033,11
1548934269.130314,9
1548934269.143583,19
1548934269.157056,12
1548934269.170742,17
1548934269.184328,12
1548934269.197613,15
1548934269.210883,13
1548934269.224126,9
1548934269.237366,14
1548934269.250802,9
1548934269.264210,9
1548934269.277514,17
1548934269.290755,9
1548934269.304027,9
1548934269.317314,16
1548934269.330588,9
1548934269.343820,16
1548934269.357244,13
1548934269.370500,6
1548934269.383784,15
1548934269.397111,10
1548934269.410347,9
1548934269.423623,18
1548934269.436934,8
1548934269.450173,10
1548934269.463444,14
1548934269.476723,7
1548934269.489970,14
1548934269.503262,10
1548934269.516515,12
1548934269.529764,10
1548934269.543030,10
1548934269.556299,12
1548934269.569590,15
1548934269.582850,13
1548934269.596097,15
1548934269.609354,12
1548934269.622684,11
1548934269.635943,18
1548934269.649187,11
1548934269.662407,9
1548934269.675641,16
1548934269.688909,10
1548934269.702160,11
1548934269.715471,13
1548934269.728763,14
1548934269.741982,7
1548934269.755228,16
1548934269.768461,9
1548934269.781687,10
1548934269.794934,18
1548934269.808187,10
1548934269.821464,13
1548934269.834723,13
1548934269.847920,10
1548934269.861187,15
1548934269.874377,12
1548934269.887920,10
1548934269.901174,14
1548934269.914373,11
1548934269.927656,8
1548934269.940896,16
1548934269.954274,10
1548934269.967616,18
1548934269.980891,11
1548934269.994098,10
1548934270.007377,18
1548934270.020591,11
1548934270.033812,8
1548934270.047082,16
1548934270.060346,10
1548934270.073922,14
1548934270.087025,11
1548934270.100460,8
1548934270.113725,16
1548934270.127132,12
1548934270.140828,16
1548934270.154391,8
1548934270.168004,15
1548934270.180680,11
1548934270.194285,9
1548934270.207682,17
1548934270.221152,9
1548934270.234445,14
1548934270.247837,11
1548934270.261203,13
1548934270.274582,8
1548934270.288019,15
1548934270.301419,12
1548934270.314688,9
1548934270.327955,13
1548934270.341165,8
1548934270.354391,14
1548934270.367679,14
1548934270.380958,12
1548934270.394155,17
1548934270.407431,13
1548934270.420698,8
1548934270.433940,17
1548934270.447178,10
1548934270.460487,9
1548934270.473747,15
1548934270.487040,10
1548934270.500329,17
1548934270.513596,12
1548934270.526879,12
1548934270.540182,10
1548934270.553586,14
1548934270.567222,11
1548934270.580564,14
1548934270.593812,12
1548934270.607070,12
1548934270.620348,13
1548934270.633616,11
1548934270.646843,18
1548934270.660280,13
1548934270.673667,12
1548934270.686947,18
1548934270.700237,10
1548934270.713531,11
1548934270.726791,17
1548934270.740098,9
1548934270.753345,10
1548934270.766709,19
1548934270.779979,10
1548934270.793490,8
1548934270.806821,15
1548934270.820090,11
1548934270.833372,13
1548934270.846582,14
1548934270.859815,9
1548934270.873088,16
1548934270.886303,13
1548934270.899644,10
1548934270.912955,17
1548934270.926190,10
1548934270.939439,11
1548934270.952725,17
1548934270.965947,6
1548934270.979209,16
1548934270.992476,14
1548934271.005698,9
1548934271.018989,16
1548934271.032247,13
1548934271.045506,10
1548934271.058736,17
1548934271.072225,11
1548934271.085630,13
1548934271.099455,10
1548934271.113045,15
1548934271.126255,12
1548934271.139486,6
1548934271.153648,13
1548934271.167316,9
1548934271.181793,17
1548934271.195708,12
1548934271.209058,10
1548934271.222790,19
1548934271.236728,11
1548934271.250056,16
1548934271.263468,10
1548934271.276883,12
1548934271.290287,13
1548934271.303708,9
1548934271.317159,17
1548934271.330550,12
1548934271.343937,13
1548934271.357390,20
1548934271.370703,12
1548934271.384008,7
1548934271.397293,19
1548934271.410448,10
1548934271.423570,9
1548934271.436732,15
1548934271.449850,10
1548934271.462964,12
1548934271.476139,16
1548934271.488593,8
1548934271.501264,11
1548934271.514171,14
1548934271.527324,13
1548934271.540488,20
1548934271.553630,13
1548934271.566770,11
1548934271.579956,18
1548934271.593098,13
1548934271.606201,11
1548934271.619364,18
1548934271.632572,12
1548934271.645779,13
1548934271.659030,11
1548934271.672327,12
1548934271.685577,13
1548934271.698779,12
1548934271.712072,12
1548934271.725336,15
1548934271.738567,10
1548934271.752076,15
1548934271.765534,14
1548934271.778796,8
1548934271.792029,16
1548934271.805278,13
1548934271.818485,10
1548934271.831778,18
1548934271.845052,9
1548934271.858279,10
1548934271.871522,16
1548934271.884773,8
1548934271.898123,13
1548934271.911387,14
1548934271.924834,11
1548934271.938165,15
1548934271.951726,11
1548934271.965066,13
1548934271.978348,17
1548934271.991807,13
1548934272.005134,9
1548934272.018390,12
1548934272.031653,11
1548934272.044960,12
1548934272.058216,11
1548934272.071476,14
1548934272.085049,10
1548934272.098435,20
1548934272.111847,13
1548934272.125219,10
1548934272.138566,16
1548934272.152158,12
1548934272.165493,8
1548934272.178602,20
1548934272.192160,11
1548934272.205455,9
1548934272.218811,17
1548934272.232383,10
1548934272.245673,10
1548934272.258973,15
1548934272.272264,7
1548934272.285570,8
1548934272.298874,15
1548934272.312167,9
1548934272.325480,13
1548934272.338946,12
1548934272.352243,7
1548934272.365489,16
1548934272.378704,15
1548934272.391952,10
1548934272.405191,16
1548934272.418394,11
1548934272.431703,7
1548934272.444984,15
1548934272.458213,11
1548934272.471520,7
1548934272.484803,16
1548934272.498028,9
1548934272.511315,10
1548934272.524811,16
1548934272.538073,9
1548934272.551321,5
1548934272.564608,15
1548934272.577826,8
1548934272.591104,12
1548934272.604345,12
1548934272.617591,8
1548934272.630852,16
1548934272.644076,11
1548934272.657344,12
1548934272.670642,14
1548934272.683938,10
1548934272.697229,14
1548934272.710450,11
1548934272.723743,7
1548934272.736994,14
1548934272.750605,11
1548934272.764341,7
1548934272.777996,15
1548934272.792104,8
1548934272.805535,10
1548934272.818840,14
1548934272.832210,9
1548934272.845655,13
1548934272.858927,13
1548934272.872204,9
1548934272.885468,9
1548934272.898746,14
1548934272.912016,9
1548934272.925297,15
1548934272.938522,11
1548934272.951838,6
1548934272.965117,17
1548934272.978345,10
1548934272.991607,9
1548934273.004909,13
1548934273.018152,13
1548934273.031426,10
1548934273.044709,11
1548934273.057920,16
1548934273.071218,11
1548934273.084670,12
1548934273.098074,12
1548934273.111172,13
1548934273.124469,15
1548934273.138069,10
1548934273.151683,15
1548934273.165259,11
1548934273.178989,11
1548934273.192886,19
1548934273.206243,10
1548934273.219556,13
1548934273.232868,13
1548934273.246143,12
1548934273.259441,18
1548934273.272733,11
1548934273.286030,11
1548934273.299588,16
1548934273.313015,9
1548934273.326326,15
1548934273.339617,14
1548934273.353374,10
1548934273.366720,17
1548934273.379948,11
1548934273.393200,10
1548934273.406427,15
1548934273.419676,8
1548934273.432932,9
1548934273.446177,14
1548934273.459406,16
1548934273.472703,9
1548934273.485969,16
1548934273.499216,11
1548934273.512467,9
1548934273.525675,16
1548934273.538926,13
1548934273.552196,13
1548934273.565444,10
1548934273.578724,10
1548934273.592527,16
1548934273.605814,11
1548934273.619242,8
1548934273.632527,15
1548934273.645751,12
1548934273.659000,17
1548934273.672227,11
1548934273.685483,12
1548934273.698758,15
1548934273.712093,14
1548934273.725311,15
1548934273.738556,8
1548934273.751813,14
1548934273.765088,11
1548934273.778292,7
1548934273.791546,15
1548934273.804767,11
1548934273.817987,14
1548934273.831242,8
1548934273.844512,10
1548934273.857724,17
1548934273.870976,8
1548934273.884216,8
1548934273.897448,12
1548934273.910681,10
1548934273.923877,16
1548934273.937102,11
1548934273.950318,12
1548934273.963591,16
1548934273.976827,10
1548934273.990029,8
1548934274.003310,20
1548934274.016536,9
1548934274.029737,14
1548934274.043011,15
1548934274.056236,11
1548934274.069473,14
1548934274.082709,13
1548934274.095889,8
1548934274.109433,16
1548934274.123005,12
1548934274.136575,6
1548934274.149964,15
1548934274.163361,9
1548934274.176714,8
1548934274.190747,17
1548934274.204260,11
1548934274.217693,5
1548934274.231088,14
1548934274.244476,6
1548934274.257839,13
1548934274.271279,13
1548934274.284726,12
1548934274.298083,13
1548934274.311521,11
1548934274.324922,14
1548934274.338209,12
1548934274.351684,5
1548934274.365627,17
1548934274.379518,13
1548934274.392956,8
1548934274.406347,13
1548934274.419834,12
1548934274.433053,10
1548934274.446190,17
1548934274.459378,10
1548934274.472517,13
1548934274.485641,21
1548934274.498848,13
1548934274.512113,8
1548934274.525406,13
1548934274.538689,11
1548934274.551969,4
1548934274.565444,15
1548934274.578719,12
1548934274.591937,14
1548934274.605210,10
1548934274.618439,11
1548934274.631739,21
1548934274.645047,11
1548934274.658290,8
1548934274.671551,13
1548934274.684837,9
1548934274.698079,14
1548934274.711330,11
1548934274.724601,8
1548934274.737847,17
1548934274.751125,9
1548934274.764380,9
1548934274.777625,14
1548934274.790895,8
1548934274.804161,17
1548934274.817409,12
1548934274.830668,8
1548934274.843960,20
1548934274.857217,9
1548934274.870440,9
1548934274.883736,14
1548934274.896985,12
1548934274.910296,14
1548934274.923625,10
1548934274.936893,13
1548934274.950322,7
1548934274.963603,12
1548934274.976843,13
1548934274.990063,6
1548934275.003339,15
1548934275.016588,14
1548934275.029826,10
1548934275.043097,15
1548934275.056401,10
1548934275.069663,10
1548934275.082933,17
1548934275.096420,11
1548934275.110111,4
1548934275.123873,14
1548934275.137503,13
1548934275.150703,13
1548934275.164497,11
1548934275.178244,19
1548934275.191810,12
1548934275.205541,8
1548934275.219079,16
1548934275.232402,10
1548934275.245678,14
1548934275.259004,12
1548934275.272268,13
1548934275.285535,13
1548934275.298774,10
1548934275.312026,15
1548934275.325261,12
1548934275.338499,11
1548934275.351825,10
1548934275.365061,16
1548934275.378311,9
1548934275.391567,6
1548934275.404823,11
1548934275.418083,12
1548934275.431341,8
1548934275.444606,14
1548934275.457839,11
1548934275.471173,7
1548934275.484431,14
1548934275.497645,9
1548934275.510906,11
1548934275.524173,13
1548934275.537434,8
1548934275.550851,9
1548934275.564372,13
1548934275.577876,7
1548934275.591583,13
1548934275.604866,14
1548934275.618107,5
1548934275.631382,14
1548934275.644622,12
1548934275.657861,8
1548934275.671114,17
1548934275.684358,12
1548934275.697596,11
1548934275.710846,18
1548934275.724055,11
1548934275.737256,8
1548934275.750520,14
1548934275.763865,15
1548934275.777180,8
1548934275.790385,16
1548934275.803689,10
1548934275.816993,13
1548934275.830243,8
1548934275.843516,20
1548934275.856775,11
1548934275.870031,7
1548934275.883315,15
1548934275.896569,12
1548934275.909798,12
1548934275.923114,19
1548934275.936390,12
1548934275.949646,10
1548934275.962943,19
1548934275.976181,14
1548934275.989433,11
1548934276.002708,8
1548934276.015950,18
1548934276.029216,10
1548934276.042430,13
1548934276.055705,14
1548934276.068989,10
1548934276.082228,14
1548934276.095690,13
1548934276.108926,7
1548934276.122379,15
1548934276.135628,12
1548934276.149319,11
1548934276.162869,17
1548934276.176264,12
1548934276.189712,11
1548934276.203335,14
1548934276.216391,14
1548934276.229810,12
1548934276.243223,12
1548934276.256546,13
1548934276.269810,15
1548934276.283068,13
1548934276.296304,19
1548934276.309546,13
1548934276.322807,9
1548934276.336065,16
1548934276.349316,12
1548934276.362588,9
1548934276.375872,15
1548934276.389085,11
1548934276.402318,19
1548934276.415607,12
1548934276.428811,8
1548934276.442046,12
1548934276.455298,12
1548934276.468541,17
1548934276.481779,12
1548934276.495048,12
1548934276.508321,14
1548934276.521650,11
1548934276.535145,9
1548934276.549482,16
1548934276.563227,9
1548934276.576580,15
1548934276.589824,10
1548934276.603123,9
1548934276.616421,15
1548934276.629643,9
1548934276.642906,18
1548934276.656164,12
1548934276.669414,9
1548934276.682688,15
1548934276.695928,12
1548934276.709173,14
1548934276.722406,15
1548934276.735694,13
1548934276.748976,18
1548934276.762200,9
1548934276.775435,14
1548934276.788662,11
1548934276.801919,13
1548934276.815219,12
1548934276.828474,14
1548934276.841733,15
1548934276.854991,10
1548934276.868239,12
1548934276.881470,14
1548934276.894687,6
1548934276.907953,15
1548934276.921206,12
1548934276.934490,13
1548934276.947769,19
1548934276.960992,8
1548934276.974232,9
1548934276.987469,13
1548934277.000715,14
1548934277.014002,16
1548934277.027276,10
1548934277.040502,14
1548934277.053710,14
1548934277.066975,9
1548934277.080220,15
1548934277.093457,11
1548934277.106922,10
1548934277.120610,14
1548934277.134381,8
1548934277.147867,18
1548934277.161517,13
1548934277.174878,10
1548934277.188178,16
1548934277.201775,9
1548934277.215108,15
1548934277.228812,13
1548934277.242732,12
1548934277.256111,18
1548934277.269479,11
1548934277.282910,8
1548934277.296314,16
1548934277.309693,11
1548934277.323086,7
1548934277.336630,16
1548934277.349927,12
1548934277.363249,14
1548934277.376533,12
1548934277.389771,9
1548934277.403062,15
1548934277.416374,11
1548934277.429611,10
1548934277.442884,16
1548934277.456185,11
1548934277.469431,13
1548934277.482722,13
1548934277.495980,14
1548934277.509250,14
1548934277.522508,9
1548934277.535759,13
1548934277.549049,14
1548934277.562302,14
1548934277.575754,14
1548934277.589007,10
1548934277.602230,16
1548934277.615497,12
1548934277.628767,10
1548934277.641996,14
1548934277.655248,10
1548934277.668542,10
1548934277.681783,17
1548934277.695054,6
1548934277.708321,14
1548934277.721692,14
1548934277.735094,12
1548934277.748426,14
1548934277.761708,13
1548934277.775035,20
1548934277.788313,11
1548934277.801589,11
1548934277.814898,15
1548934277.828176,9
1548934277.841454,11
1548934277.854740,15
1548934277.868032,12
1548934277.881284,19
1548934277.894512,9
1548934277.907843,15
1548934277.921245,8
1548934277.934774,7
1548934277.948160,16
1548934277.961419,8
1548934277.974784,13
1548934277.988128,13
1548934278.001459,10
1548934278.014792,21
1548934278.028104,14
1548934278.041430,10
1548934278.054705,16
1548934278.067968,11
1548934278.081274,11
1548934278.094487,17
1548934278.108172,8
1548934278.121650,8
1548934278.135105,14
1548934278.148415,13
1548934278.161837,16
1548934278.175174,9
1548934278.188553,11
1548934278.201651,12
1548934278.215371,12
1548934278.228850,16
1548934278.242086,15
1548934278.255381,8
1548934278.268680,17
1548934278.281890,15
1548934278.295183,9
1548934278.308413,15
1548934278.321639,12
1548934278.335246,13
1548934278.349068,13
1548934278.363061,12
1548934278.377090,12
1548934278.390479,10
1548934278.403994,20
1548934278.417456,12
1548934278.430903,8
1548934278.444350,18
1548934278.457619,12
1548934278.470897,10
1548934278.484150,18
1548934278.497419,9
1548934278.510690,10
1548934278.523964,15
1548934278.537226,8
1548934278.550432,13
1548934278.563727,15
1548934278.577026,7
1548934278.590263,9
1548934278.603534,12
1548934278.616822,6
1548934278.630069,16
1548934278.643331,13
1548934278.656603,12
1548934278.669843,16
1548934278.683148,14
1548934278.696418,8
1548934278.709651,19
1548934278.722908,11
1548934278.736157,9
1548934278.749378,15
1548934278.762640,15
1548934278.775883,10
1548934278.789136,17
1548934278.802342,12
1548934278.815606,9
1548934278.828892,15
1548934278.842110,9
1548934278.855374,14
1548934278.868632,11
1548934278.881870,12
1548934278.895126,15
1548934278.908362,13
1548934278.921621,13
1548934278.934886,9
1548934278.948306,15
1548934278.961615,13
1548934278.974913,10
1548934278.988316,13
1548934279.002091,12
1548934279.015610,8
1548934279.029105,18
1548934279.042350,10
1548934279.055625,11
1548934279.068858,16
1548934279.082097,13
1548934279.095436,19
1548934279.108784,10
1548934279.122127,11
1548934279.135780,16
1548934279.149231,7
1548934279.162706,14
1548934279.176091,15
1548934279.189869,10
1548934279.203725,16
1548934279.217817,12
1548934279.231473,4
1548934279.244952,15
1548934279.258267,13
1548934279.271718,6
1548934279.285137,18
1548934279.298491,12
1548934279.311906,7
1548934279.325360,17
1548934279.338652,13
1548934279.351917,6
1548934279.365204,17
1548934279.378482,9
1548934279.391826,8
1548934279.405144,17
1548934279.418356,11
1548934279.431698,10
1548934279.445457,19
1548934279.459292,10
1548934279.472809,9
1548934279.486158,17
1548934279.499546,11
1548934279.512930,9
1548934279.526322,18
1548934279.539651,12
1548934279.552983,8
1548934279.566234,15
1548934279.579477,10
1548934279.592774,11
1548934279.606003,14
1548934279.619272,9
1548934279.632556,11
1548934279.645802,15
1548934279.659061,10
1548934279.672358,13
1548934279.685636,10
1548934279.698879,6
1548934279.712159,16
1548934279.725439,9
1548934279.738681,12
1548934279.751937,14
1548934279.765222,12
1548934279.778422,16
1548934279.791709,9
1548934279.804962,18
1548934279.818219,11
1548934279.831498,8
1548934279.844735,19
1548934279.857983,14
1548934279.871223,8
1548934279.884482,16
1548934279.897678,12
1548934279.910939,11
1548934279.924222,19
1548934279.937394,12
1548934279.950492,17
1548934279.963660,17
1548934279.976803,7
1548934279.989935,15
1548934280.003079,11
1548934280.016213,13
1548934280.029684,11
1548934280.042939,17
1548934280.056204,10
1548934280.069447,14
1548934280.082694,9
1548934280.095936,18
1548934280.109174,12
1548934280.123041,8
1548934280.136068,12
1548934280.149185,11
1548934280.162638,10
1548934280.175991,19
1548934280.189441,12
1548934280.202771,11
1548934280.215893,16
1548934280.229960,17
1548934280.243087,8
1548934280.256448,19
1548934280.269903,15
1548934280.283418,8
1548934280.297164,18
1548934280.310595,12
1548934280.324180,10
1548934280.337570,19
1548934280.351001,15
1548934280.364443,9
1548934280.377783,17
1548934280.391194,14
1548934280.404514,11
1548934280.417801,22
1548934280.431084,13
1548934280.444579,10
1548934280.457824,13
1548934280.471109,13
1548934280.484378,11
1548934280.498019,13
1548934280.511492,9
1548934280.524903,15
1548934280.538294,12
1548934280.551647,9
1548934280.564930,15
1548934280.578192,11
1548934280.591481,13
1548934280.604769,12
1548934280.618016,11
1548934280.631280,17
1548934280.644534,11
1548934280.657760,10
1548934280.671039,9
1548934280.684306,14
1548934280.697588,13
1548934280.710849,16
1548934280.724135,9
1548934280.737416,8
1548934280.750682,14
1548934280.763916,8
1548934280.777199,15
1548934280.790421,10
1548934280.803646,9
1548934280.816910,19
1548934280.830286,10
1548934280.844415,16
1548934280.857895,14
1548934280.871503,11
1548934280.884918,17
1548934280.898269,12
1548934280.911535,11
1548934280.924847,18
1548934280.938174,12
1548934280.951419,7
1548934280.964671,18
1548934280.977902,11
1548934280.991194,12
1548934281.004451,16
1548934281.017655,11
1548934281.030938,15
1548934281.044193,11
1548934281.057441,15
1548934281.070688,10
1548934281.083937,9
1548934281.097231,13
1548934281.110407,11
1548934281.123998,11
1548934281.137157,12
1548934281.150624,14
1548934281.163585,10
1548934281.176996,10
1548934281.190228,16
1548934281.203676,9
1548934281.217139,17
1548934281.230240,10
1548934281.243423,12
1548934281.256936,12
1548934281.270394,10
1548934281.283690,17
1548934281.296957,9
1548934281.310158,10
1548934281.323463,19
1548934281.336763,10
1548934281.349994,15
1548934281.363287,13
1548934281.376561,10
1548934281.389793,13
1548934281.403075,10
1548934281.416317,11
1548934281.429618,13
1548934281.443104,12
1548934281.456382,18
1548934281.469679,11
1548934281.482969,10
1548934281.496226,17
1548934281.509477,9
1548934281.522765,15
1548934281.536019,8
1548934281.549293,11
1548934281.562519,16
1548934281.575820,9
1548934281.589057,10
1548934281.602286,16
1548934281.615579,6
1548934281.628844,12
1548934281.642096,14
1548934281.655364,11
1548934281.668640,15
1548934281.681893,11
1548934281.695392,11
1548934281.709432,12
1548934281.722950,12
1548934281.736317,20
1548934281.749572,13
1548934281.762802,11
1548934281.776115,18
1548934281.789345,12
1548934281.802567,9
1548934281.815812,17
1548934281.829046,10
1548934281.842240,15
1548934281.855597,13
1548934281.868846,12
1548934281.882078,13
1548934281.895359,12
1548934281.908619,17
1548934281.921826,16
1548934281.935071,11
1548934281.948413,12
1548934281.961733,15
1548934281.975004,10
1548934281.988245,14
1548934282.001509,14
1548934282.014791,12
1548934282.028042,17
1548934282.041309,13
1548934282.054516,11
1548934282.067807,15
1548934282.081052,9
1548934282.094292,11
1548934282.107523,16
1548934282.120766,6
1548934282.134019,11
1548934282.147616,15
1548934282.161043,9
1548934282.174303,16
1548934282.187483,14
1548934282.201500,11
1548934282.214892,13
1548934282.229382,14
1548934282.242474,9
1548934282.255568,14
1548934282.268803,13
1548934282.282094,11
1548934282.295356,17
1548934282.308621,11
1548934282.321826,10
1548934282.335094,15
1548934282.348419,11
1548934282.361665,7
1548934282.374907,15
1548934282.388203,13
1548934282.401516,15
1548934282.414790,11
1548934282.428069,14
1548934282.441305,10
1548934282.454581,11
1548934282.467997,17
1548934282.481263,10
1548934282.494518,8
1548934282.507837,16
1548934282.521121,14
1548934282.534354,15
1548934282.547627,14
1548934282.560862,10
1548934282.574101,17
1548934282.587376,13
1548934282.600635,12
1548934282.613856,18
1548934282.627097,11
1548934282.640387,11
1548934282.653627,12
1548934282.666889,10
1548934282.680181,19
1548934282.693456,10
1548934282.706683,7
1548934282.719914,13
1548934282.733165,13
1548934282.746399,16
1548934282.759698,12
1548934282.772958,4
1548934282.786337,14
1548934282.799670,14
1548934282.812939,10
1548934282.826190,16
1548934282.839490,11
1548934282.852747,9
1548934282.865989,14
1548934282.879242,9
1548934282.892520,17
1548934282.905735,10
1548934282.918999,13
1548934282.932250,15
1548934282.945623,7
1548934282.958833,13
1548934282.972014,13
1548934282.985151,13
1548934282.998293,17
1548934283.011470,11
1548934283.024616,11
1548934283.037731,16
1548934283.050899,8
1548934283.064068,13
1548934283.077249,11
1548934283.090455,10
1548934283.103765,15
1548934283.117045,10
1548934283.130360,11
1548934283.143977,16
1548934283.157423,11
1548934283.170477,13
1548934283.184182,12
1548934283.197534,7
1548934283.211311,15
1548934283.225004,11
1548934283.239241,12
1548934283.253108,13
1548934283.266459,12
1548934283.279857,15
1548934283.293229,11
1548934283.306608,15
1548934283.320042,10
1548934283.333620,15
1548934283.347257,14
1548934283.360714,10
1548934283.374100,15
1548934283.387346,9
1548934283.400641,11
1548934283.413850,17
1548934283.427132,10
1548934283.440431,18
1548934283.453643,14
1548934283.466848,8
1548934283.480122,13
1548934283.493350,12
1548934283.506554,12
1548934283.519801,10
1548934283.533035,12
1548934283.546272,12
1548934283.559522,11
1548934283.572754,16
1548934283.585973,11
1548934283.599251,10
1548934283.612479,18
1548934283.625698,9
1548934283.638355,10
1548934283.651628,16
1548934283.664866,12
1548934283.678109,10
1548934283.691387,12
1548934283.704641,11
1548934283.717857,15
1548934283.731143,11
1548934283.744699,16
1548934283.758143,10
1548934283.772123,11
1548934283.785995,14
1548934283.799341,12
1548934283.812602,12
1548934283.825847,18
1548934283.839130,9
1548934283.852391,14
1548934283.865606,14
1548934283.878835,9
1548934283.892117,19
1548934283.905382,12
1548934283.918651,8
1548934283.931907,14
1548934283.945147,10
1548934283.958404,17
1548934283.971667,12
1548934283.984870,9
1548934283.998118,13
1548934284.011395,9
1548934284.024630,18
1548934284.037890,12
1548934284.051166,10
1548934284.064363,13
1548934284.077593,9
1548934284.090842,11
1548934284.104111,17
1548934284.117373,12
1548934284.130616,8
1548934284.144067,16
1548934284.157906,10
1548934284.171261,14
1548934284.184627,15
1548934284.197946,10
1548934284.211275,16
1548934284.225187,8
1548934284.238453,16
1548934284.251901,12
1548934284.265230,13
1548934284.278502,12
1548934284.291732,8
1548934284.304970,14
1548934284.318230,15
1548934284.331516,11
1548934284.345227,19
1548934284.358547,11
1548934284.371818,11
1548934284.385079,20
1548934284.398317,11
1548934284.411652,11
1548934284.425313,12
1548934284.438583,11
1548934284.452022,19
1548934284.465331,10
1548934284.478473,5
1548934284.491690,12
1548934284.504845,11
1548934284.518106,14
1548934284.531378,11
1548934284.544626,12
1548934284.557826,9
1548934284.571119,11
1548934284.584375,19
1548934284.597634,8
1548934284.610939,14
1548934284.624194,12
1548934284.637458,17
1548934284.650724,14
1548934284.663946,7
1548934284.677241,15
1548934284.690439,13
1548934284.703736,8
1548934284.716986,17
1548934284.730216,8
1548934284.743500,10
1548934284.756734,16
1548934284.769967,9
1548934284.783230,11
1548934284.796481,17
1548934284.809740,9
1548934284.823037,18
1548934284.836304,11
1548934284.849555,11
1548934284.862825,16
1548934284.876066,10
1548934284.889312,10
1548934284.902566,19
1548934284.915959,12
1548934284.929522,14
1548934284.943731,12
1548934284.957163,11
1548934284.970373,13
1548934284.983696,12
1548934284.996910,11
1548934285.010153,14
1548934285.023415,14
1548934285.036699,17
1548934285.049952,10
1548934285.063216,12
1548934285.076479,12
1548934285.089677,11
1548934285.102932,16
1548934285.116241,9
1548934285.129502,13
1548934285.142885,14
1548934285.156590,8
1548934285.169534,12
1548934285.182717,14
1548934285.196345,9
1548934285.209369,17
1548934285.222855,12
1548934285.236274,14
1548934285.250315,17
1548934285.263895,11
1548934285.277245,8
1548934285.290538,18
1548934285.304055,9
1548934285.317425,9
1548934285.330788,16
1548934285.344137,13
1548934285.357473,13
1548934285.370742,14
1548934285.383991,8
1548934285.397271,13
1548934285.410495,14
1548934285.423797,13
1548934285.437072,14
1548934285.450322,7
1548934285.463800,14
1548934285.477124,15
1548934285.490360,10
1548934285.503642,15
1548934285.517132,15
1548934285.530732,7
1548934285.544039,18
1548934285.557251,12
1548934285.570488,14
1548934285.583767,13
1548934285.597059,11
1548934285.610301,11
1548934285.623616,13
1548934285.636900,13
1548934285.650146,16
1548934285.663436,11
1548934285.676819,12
1548934285.690066,15
1548934285.703334,8
1548934285.716638,12
1548934285.729867,17
1548934285.743220,8
1548934285.756479,14
1548934285.769710,12
1548934285.783252,11
1548934285.796638,18
1548934285.810074,13
1548934285.823416,9
1548934285.836724,14
1548934285.849951,13
1548934285.863298,9
1548934285.876539,10
1548934285.889851,14
1548934285.903125,12
1548934285.916404,18
1548934285.929685,13
1548934285.942985,10
1548934285.956299,19
1548934285.969560,12
1548934285.982705,6
1548934285.995899,14
1548934286.009085,8
1548934286.022219,9
1548934286.035407,15
1548934286.048534,12
1548934286.061660,17
1548934286.074809,8
1548934286.087972,16
1548934286.101162,13
1548934286.114297,8
1548934286.127435,14
1548934286.140668,12
1548934286.154320,10
1548934286.167979,17
1548934286.181558,11
1548934286.195354,15
1548934286.208802,13
1548934286.222425,18
1548934286.235858,11
1548934286.249421,12
1548934286.262986,13
1548934286.276383,11
1548934286.290033,17
1548934286.303515,13
1548934286.316899,4
1548934286.330241,15
1548934286.343776,13
1548934286.357245,12
1548934286.370602,15
1548934286.383919,10
1548934286.397210,14
1548934286.410437,10
1548934286.423688,10
1548934286.436965,14
1548934286.450221,14
1548934286.463520,12
1548934286.476782,20
1548934286.490015,12
1548934286.503265,11
1548934286.516537,17
1548934286.529777,13
1548934286.543026,11
1548934286.556428,16
1548934286.569755,14
1548934286.583108,10
1548934286.596383,18
1548934286.609678,10
1548934286.622952,14
1548934286.636207,12
1548934286.649494,13
1548934286.662726,18
1548934286.676048,12
1548934286.689312,12
1548934286.702574,16
1548934286.715877,13
1548934286.729184,15
1548934286.742390,9
1548934286.755616,16
1548934286.768897,11
1548934286.782130,13
1548934286.795413,11
1548934286.808691,10
1548934286.821915,15
1548934286.835141,11
1548934286.848456,13
1548934286.861695,13
1548934286.875108,11
1548934286.888501,19
1548934286.901736,13
1548934286.915046,13
1548934286.928323,15
1548934286.941588,11
1548934286.954859,14
1548934286.968082,12
1548934286.981283,8
1548934286.994543,17
1548934287.007953,12
1548934287.021225,14
1548934287.034552,17
1548934287.047855,8
1548934287.061243,15
1548934287.074569,12
1548934287.087888,9
1548934287.101165,18
1548934287.114388,14
1548934287.127842,12
1548934287.141146,18
1548934287.154680,10
1548934287.168051,10
1548934287.181479,16
1548934287.194722,9
1548934287.207889,13
1548934287.221299,11
1548934287.234975,15
1548934287.248352,9
1548934287.261830,11
1548934287.275007,16
1548934287.289409,12
1548934287.303114,4
1548934287.316781,16
1548934287.330041,12
1548934287.343342,12
1548934287.356943,19
1548934287.370427,13
1548934287.383894,9
1548934287.397308,16
1548934287.410574,11
1548934287.423854,8
1548934287.437097,17
1548934287.450412,12
1548934287.463698,14
1548934287.477015,6
1548934287.490262,13
1548934287.503560,12
1548934287.516836,17
1548934287.530067,12
1548934287.543324,8
1548934287.556601,15
1548934287.569838,10
1548934287.583106,12
1548934287.596390,17
1548934287.609600,7
1548934287.622891,15
1548934287.636150,15
1548934287.649425,9
1548934287.662650,16
1548934287.675892,10
1548934287.689177,12
1548934287.702426,12
1548934287.715701,10
1548934287.728952,18
1548934287.742173,11
1548934287.755429,9
1548934287.768691,17
1548934287.781920,11
1548934287.795181,5
1548934287.808447,16
1548934287.821642,11
1548934287.834899,9
1548934287.848162,14
1548934287.861403,12
1548934287.874738,15
1548934287.888073,13
1548934287.901585,17
1548934287.914880,8
1548934287.928460,11
1548934287.941785,14
1548934287.955045,11
1548934287.968376,17
1548934287.981611,10
1548934287.994846,13
1548934288.008070,10
1548934288.021312,16
1548934288.034571,9
1548934288.047817,12
1548934288.061354,15
1548934288.074599,16
1548934288.087850,11
1548934288.101099,21
1548934288.114353,11
1548934288.127615,9
1548934288.140910,18
1548934288.154224,12
1548934288.167893,8
1548934288.181411,18
1548934288.194561,11
1548934288.208301,14
1548934288.221623,12
1548934288.235070,14
1548934288.248531,10
1548934288.261943,15
1548934288.275427,9
1548934288.288832,13
1548934288.302203,13
1548934288.315645,6
1548934288.329073,18
1548934288.342467,12
1548934288.356177,10
1548934288.369780,15
1548934288.383596,9
1548934288.397007,9
1548934288.410277,17
1548934288.423566,12
1548934288.436913,7
1548934288.450174,19
1548934288.463455,11
1548934288.476664,12
1548934288.489919,11
1548934288.503160,12
1548934288.516407,7
1548934288.529669,8
1548934288.542932,16
1548934288.556206,12
1548934288.569450,15
1548934288.582736,11
1548934288.596024,9
1548934288.609248,16
1548934288.622453,11
1548934288.635693,14
1548934288.648935,14
1548934288.662165,8
1548934288.675433,14
1548934288.688734,14
1548934288.701981,8
1548934288.715252,11
1548934288.728519,12
1548934288.741815,12
1548934288.755089,17
1548934288.768335,10
1548934288.781614,18
1548934288.794874,15
1548934288.808112,9
1548934288.821408,16
1548934288.834610,10
1548934288.847854,11
1548934288.861103,11
1548934288.874303,17
1548934288.887591,10
1548934288.900852,8
1548934288.914110,11
1548934288.927376,14
1548934288.940642,6
1548934288.954193,15
1548934288.967762,13
1548934288.981680,10
1548934288.995015,17
1548934289.008292,9
1548934289.021581,12
1548934289.034846,13
1548934289.048179,10
1548934289.061479,19
1548934289.074725,11
1548934289.087991,9
1548934289.101250,10
1548934289.114446,17
1548934289.127697,9
1548934289.141014,15
1548934289.154317,15
1548934289.167934,6
1548934289.181769,16
1548934289.195161,10
1548934289.208448,12
1548934289.221758,11
1548934289.234963,9
1548934289.248320,18
1548934289.261972,11
1548934289.275168,8
1548934289.288345,16
1548934289.301608,12
1548934289.314898,17
1548934289.328135,10
1548934289.341344,13
1548934289.354632,17
1548934289.367867,9
1548934289.381145,18
1548934289.394376,13
1548934289.407600,14
1548934289.420832,19
1548934289.434098,11
1548934289.447399,8
1548934289.460628,17
1548934289.473869,11
1548934289.487519,9
1548934289.501151,12
1548934289.514649,13
1548934289.528391,17
1548934289.541638,11
1548934289.554915,7
1548934289.568207,12
1548934289.581474,12
1548934289.594749,17
1548934289.608002,10
1548934289.621247,11
1548934289.634502,13
1548934289.647792,7
1548934289.661047,14
1548934289.674288,13
1548934289.687542,10
1548934289.700815,18
1548934289.714034,16
1548934289.727296,9
1548934289.740566,12
1548934289.753759,12
1548934289.767077,14
1548934289.780349,15
1548934289.793602,8
1548934289.806841,12
1548934289.820105,14
1548934289.833369,12
1548934289.846643,16
1548934289.859907,14
1548934289.873172,8
1548934289.886432,18
1548934289.899702,15
1548934289.912946,8
1548934289.926179,14
1548934289.939439,10
1548934289.952684,12
1548934289.965898,13
1548934289.979096,21
1548934289.992335,14
1548934290.005597,13
1548934290.018855,15
1548934290.032127,12
1548934290.045381,11
1548934290.058619,20
1548934290.071884,12
1548934290.085133,12
1548934290.098659,14
1548934290.112259,8
1548934290.125710,15
1548934290.139256,12
1548934290.152593,11
1548934290.166074,19
1548934290.179753,10
1548934290.193472,8
1548934290.206972,18
1548934290.220497,12
1548934290.233788,5
1548934290.247386,13
1548934290.260959,12
1548934290.274365,10
1548934290.287846,9
1548934290.301367,12
1548934290.314801,12
1548934290.328270,11
1548934290.341690,12
1548934290.355132,13
1548934290.368449,9
1548934290.381851,17
1548934290.395250,12
1548934290.408552,6
1548934290.421765,16
1548934290.435044,13
1548934290.448356,11
1548934290.461625,15
1548934290.474889,12
1548934290.488180,8
1548934290.501447,17
1548934290.514723,15
1548934290.527984,8
1548934290.541367,12
1548934290.554719,12
1548934290.568279,9
1548934290.582095,14
1548934290.595489,15
1548934290.608791,9
1548934290.621999,16
1548934290.635256,12
1548934290.648516,11
1548934290.661765,15
1548934290.675047,12
1548934290.688387,9
1548934290.701652,17
1548934290.714931,9
1548934290.728155,14
1548934290.741452,10
1548934290.754695,7
1548934290.767937,17
1548934290.781190,14
1548934290.794388,12
1548934290.807661,12
1548934290.820952,8
1548934290.834201,17
1548934290.847436,10
1548934290.860678,7
1548934290.873904,18
1548934290.887189,13
1548934290.900470,17
1548934290.913678,9
1548934290.926921,11
1548934290.940192,15
1548934290.953416,6
1548934290.966691,11
1548934290.979937,20
1548934290.993237,13
1548934291.006505,7
1548934291.019817,17
1548934291.033083,11
1548934291.046297,11
1548934291.059554,13
1548934291.072794,10
1548934291.086023,19
1548934291.099244,12
1548934291.112480,7
1548934291.125761,19
1548934291.139013,11
1548934291.152847,13
1548934291.166149,12
1548934291.179769,11
1548934291.193460,11
1548934291.206827,13
1548934291.220313,10
1548934291.233713,18
1548934291.247151,11
1548934291.260659,8
1548934291.274134,15
1548934291.287541,10
1548934291.300925,12
1548934291.314251,11
1548934291.327610,16
1548934291.341835,11
1548934291.355189,18
1548934291.368656,14
1548934291.382017,9
1548934291.395264,15
1548934291.408555,9
1548934291.421793,14
1548934291.435009,10
1548934291.448260,15
1548934291.461525,10
1548934291.474814,14
1548934291.488133,11
1548934291.501398,13
1548934291.514646,17
1548934291.527929,12
1548934291.541200,3
1548934291.554401,16
1548934291.567703,10
1548934291.581034,11
1548934291.594309,14
1548934291.607562,12
1548934291.620861,16
1548934291.634114,10
1548934291.647423,13
1548934291.660715,8
1548934291.673944,13
1548934291.687216,9
1548934291.700539,15
1548934291.713757,12
1548934291.727034,9
1548934291.740331,17
1548934291.753571,13
1548934291.766838,7
1548934291.780111,17
1548934291.793352,10
1548934291.806578,12
1548934291.820075,18
1548934291.833855,14
1548934291.847825,11
1548934291.861472,21
1548934291.874906,13
1548934291.888273,8
1548934291.901561,20
1548934291.914833,10
1548934291.928113,15
1548934291.941361,13
1548934291.954564,11
1548934291.967801,16
1548934291.981077,10
1548934291.994300,11
1548934292.007596,17
1548934292.020844,9
1548934292.034061,12
1548934292.047301,17
1548934292.060536,8
1548934292.073766,16
1548934292.086991,11
1548934292.100262,12
1548934292.113516,10
1548934292.126749,14
1548934292.140030,9
1548934292.153301,10
1548934292.166503,14
1548934292.180337,8
1548934292.193591,14
1548934292.206988,12
1548934292.220328,8
1548934292.233480,16
1548934292.246693,14
1548934292.260285,8
1548934292.274005,15
1548934292.287725,10
1548934292.301318,9
1548934292.314603,14
1548934292.327888,12
1548934292.341187,17
1548934292.354390,11
1548934292.367743,11
1548934292.380996,11
1548934292.394245,15
1548934292.407514,13
1548934292.420955,16
1548934292.434199,11
1548934292.447432,8
1548934292.460348,17
1548934292.473266,10
1548934292.486798,11
1548934292.500185,10
1548934292.513456,9
1548934292.526729,16
1548934292.539941,8
1548934292.553242,12
1548934292.566465,13
1548934292.579719,11
1548934292.592987,17
1548934292.606208,13
1548934292.619469,9
1548934292.632787,15
1548934292.646009,10
1548934292.659283,10
1548934292.672546,16
1548934292.685773,8
1548934292.699101,16
1548934292.712372,15
1548934292.725891,7
1548934292.739221,19
1548934292.752623,15
1548934292.765909,12
1548934292.779205,16
1548934292.792466,13
1548934292.805718,12
1548934292.818986,18
1548934292.832255,13
1548934292.845550,7
1548934292.858820,17
1548934292.872108,10
1548934292.885352,14
1548934292.898556,13
1548934292.911810,9
1548934292.925054,15
1548934292.938287,12
1548934292.951533,13
1548934292.964793,14
1548934292.978009,8
1548934292.991345,14
1548934293.004531,9
1548934293.017733,11
1548934293.030979,16
1548934293.044225,8
1548934293.057480,12
1548934293.070699,14
1548934293.083968,9
1548934293.097224,15
1548934293.110457,13
1548934293.123722,9
1548934293.136987,16
1548934293.150196,11
1548934293.163441,12
1548934293.176743,18
1548934293.190212,13
1548934293.204039,6
1548934293.217632,17
1548934293.230912,9
1548934293.244179,10
1548934293.258022,12
1548934293.272116,10
1548934293.285843,16
1548934293.299271,9
1548934293.312437,11
1548934293.325827,15
1548934293.339264,9
1548934293.352702,13
1548934293.366080,16
1548934293.379463,10
1548934293.392833,12
1548934293.406128,12
1548934293.419594,14
1548934293.432880,9
1548934293.446155,15
1548934293.459450,11
1548934293.472749,8
1548934293.486000,17
1548934293.499326,12
1548934293.512646,14
1548934293.525886,13
1548934293.539152,11
1548934293.552399,15
1548934293.565651,7
1548934293.578898,15
1548934293.592164,13
1548934293.605428,12
1548934293.618678,17
1548934293.631932,13
1548934293.645219,12
1548934293.658520,19
1548934293.671918,12
1548934293.685095,11
1548934293.698335,15
1548934293.711620,9
1548934293.724892,15
1548934293.738103,14
1548934293.751370,10
1548934293.764633,15
1548934293.777833,12
1548934293.791126,11
1548934293.804376,15
1548934293.817637,11
1548934293.830894,10
1548934293.844185,15
1548934293.857601,11
1548934293.870984,14
1548934293.884297,13
1548934293.897555,13
1548934293.910812,6
1548934293.924126,14
1548934293.937431,14
1548934293.950694,8
1548934293.963963,14
1548934293.977247,12
1548934293.990474,8
1548934294.003923,12
1548934294.017193,12
1548934294.030442,8
1548934294.043724,15
1548934294.056972,11
1548934294.070224,12
1548934294.083550,9
1548934294.096991,13
1548934294.110425,14
1548934294.123915,13
1548934294.137254,9
1548934294.150469,11
1548934294.163747,18
1548934294.177010,9
1548934294.190731,8
1548934294.204181,18
1548934294.217685,9
1548934294.231110,8
1548934294.244716,14
1548934294.257972,9
1548934294.271741,15
1548934294.285145,12
1548934294.298803,8
1548934294.312164,16
1548934294.325515,7
1548934294.338825,10
1548934294.352106,16
1548934294.365423,8
1548934294.378665,13
1548934294.391917,14
1548934294.405184,13
1548934294.418417,12
1548934294.431665,12
1548934294.444915,16
1548934294.458166,13
1548934294.471397,9
1548934294.484666,13
1548934294.497998,10
1548934294.511293,16
1548934294.524603,8
1548934294.537941,15
1548934294.551209,11
1548934294.564476,12
1548934294.577711,15
1548934294.590993,7
1548934294.604254,14
1548934294.617522,16
1548934294.631151,11
1548934294.644471,14
1548934294.658187,14
1548934294.671979,7
1548934294.685438,14
1548934294.698932,8
1548934294.712263,13
1548934294.725613,9
1548934294.738879,15
1548934294.752127,13
1548934294.765418,9
1548934294.778758,16
1548934294.792028,12
1548934294.805270,12
1548934294.818591,16
1548934294.831924,11
1548934294.845200,9
1548934294.858488,20
1548934294.871832,12
1548934294.885113,11
1548934294.898374,20
1548934294.911672,12
1548934294.925000,13
1548934294.938316,19
1548934294.951630,11
1548934294.964927,11
1548934294.978252,18
1548934294.991555,13
1548934295.004787,6
1548934295.018062,15
1548934295.031496,10
1548934295.044779,12
1548934295.058024,13
1548934295.071296,8
1548934295.084581,13
1548934295.097815,12
1548934295.111105,9
1548934295.124395,21
1548934295.137663,14
1548934295.150931,8
1548934295.164209,17
1548934295.177448,11
1548934295.190864,6
1548934295.204669,15
1548934295.218136,11
1548934295.231814,7
1548934295.245703,14
1548934295.259133,9
1548934295.272511,7
1548934295.285820,15
1548934295.298887,9
1548934295.312522,17
1548934295.326356,15
1548934295.339926,10
1548934295.353302,14
1548934295.366591,14
1548934295.379885,14
1548934295.393229,14
1548934295.406465,13
1548934295.419959,12
1548934295.433242,18
1548934295.446438,11
1548934295.459731,12
1548934295.472972,10
1548934295.486190,14
1548934295.499565,12
1548934295.512833,12
1548934295.526083,9
1548934295.539413,18
1548934295.552702,11
1548934295.565954,4
1548934295.579213,15
1548934295.592495,13
1548934295.605725,18
1548934295.618978,10
1548934295.632230,7
1548934295.645507,17
1548934295.658764,13
1548934295.672018,15
1548934295.684924,11
1548934295.698064,13
1548934295.711215,12
1548934295.724485,18
1548934295.737836,10
1548934295.751112,9
1548934295.764429,13
1548934295.777643,15
1548934295.790906,13
1548934295.804179,9
1548934295.817679,10
1548934295.831707,13
1548934295.845594,6
1548934295.859180,16
1548934295.872653,13
1548934295.886088,10
1548934295.899379,19
1548934295.912690,11
1548934295.925968,12
1548934295.939214,17
1548934295.952488,10
1548934295.965757,13
1548934295.979052,12
1548934295.992323,8
1548934296.005566,20
1548934296.018839,13
1548934296.032137,11
1548934296.045390,16
1548934296.058601,10
1548934296.071871,14
1548934296.085140,12
1548934296.098386,19
1548934296.111649,10
1548934296.124967,10
1548934296.138202,15
1548934296.151449,10
1548934296.164735,13
1548934296.177995,15
1548934296.191261,8
1548934296.204835,15
1548934296.218471,15
1548934296.231878,8
1548934296.245264,15
1548934296.258625,12
1548934296.272243,12
1548934296.286128,10
1548934296.299986,16
1548934296.313506,9
1548934296.326659,14
1548934296.339948,16
1548934296.353251,11
1548934296.366517,15
1548934296.379771,11
1548934296.393065,12
1548934296.406315,13
1548934296.419934,12
1548934296.433376,12
1548934296.446654,8
1548934296.460279,19
1548934296.473603,10
1548934296.487199,6
1548934296.500520,18
1548934296.513810,10
1548934296.527198,6
1548934296.540533,18
1548934296.553769,12
1548934296.567040,5
1548934296.580335,15
1548934296.593592,9
1548934296.606839,9
1548934296.620105,16
1548934296.633326,10
1548934296.646574,14
1548934296.659859,12
1548934296.673149,9
1548934296.686362,15
1548934296.699627,11
1548934296.712894,8
1548934296.726144,19
1548934296.739416,11
1548934296.752697,15
1548934296.765935,14
1548934296.779208,11
1548934296.792500,17
1548934296.805713,14
1548934296.818946,11
1548934296.832201,15
1548934296.845460,12
1548934296.858725,14
1548934296.871969,14
1548934296.885228,9
1548934296.898422,16
1548934296.911673,11
1548934296.924958,11
1548934296.938181,13
1548934296.951448,11
1548934296.964726,7
1548934296.977921,18
1548934296.991176,9
1548934297.004453,12
1548934297.017609,14
1548934297.030950,15
1548934297.044558,10
1548934297.058284,13
1548934297.071558,11
1548934297.084831,8
1548934297.098066,18
1548934297.111333,12
1548934297.124609,9
1548934297.137820,17
1548934297.151054,13
1548934297.164352,13
1548934297.177608,15
1548934297.190819,9
1548934297.204317,16
1548934297.217473,15
1548934297.231080,7
1548934297.244400,16
1548934297.258216,10
1548934297.271528,14
1548934297.285377,10
1548934297.298628,18
1548934297.312604,13
1548934297.325820,7
1548934297.339007,17
1548934297.352266,10
1548934297.365761,13
1548934297.379083,10
1548934297.392322,9
1548934297.405590,13
1548934297.418835,8
1548934297.432103,13
1548934297.445332,13
1548934297.458585,10
1548934297.471279,12
1548934297.484267,11
1548934297.497294,10
1548934297.510460,16
1548934297.523717,12
1548934297.536976,9
1548934297.550224,15
1548934297.563486,14
1548934297.576757,13
1548934297.589981,13
1548934297.603277,10
1548934297.616518,17
1548934297.630072,13
1548934297.643368,7
1548934297.656615,18
1548934297.669822,10
1548934297.683079,8
1548934297.696291,15
1548934297.709670,9
1548934297.723108,14
1548934297.736393,15
1548934297.749657,13
1548934297.762923,11
1548934297.776165,9
1548934297.789416,16
1548934297.802698,15
1548934297.815970,10
1548934297.829210,17
1548934297.842868,10
1548934297.856272,11
1548934297.869733,14
1548934297.883050,11
1548934297.896304,15
1548934297.909584,14
1548934297.922848,11
1548934297.936072,20
1548934297.949345,13
1548934297.962571,11
1548934297.975807,18
1548934297.989120,10
1548934298.002358,10
1548934298.015663,20
1548934298.028925,9
1548934298.042170,9
1548934298.055392,18
1548934298.068608,10
1548934298.081811,13
1548934298.095077,13
1548934298.108333,11
1548934298.121593,16
1548934298.134880,12
1548934298.148189,11
1548934298.161456,20
1548934298.174757,12
1548934298.188037,13
1548934298.201284,11
1548934298.215470,17
1548934298.229101,10
1548934298.242715,12
1548934298.256139,15
1548934298.269432,10
1548934298.282931,22
1548934298.296335,12
1548934298.310134,10
1548934298.323951,16
1548934298.336987,8
1548934298.350472,12
1548934298.363919,17
1548934298.377275,9
1548934298.390614,11
1548934298.404210,16
1548934298.417933,15
1548934298.431278,18
1548934298.444538,13
1548934298.457793,13
1548934298.471049,15
1548934298.484328,9
1548934298.497565,15
1548934298.510806,10
1548934298.524143,13
1548934298.537470,12
1548934298.550726,17
1548934298.564047,13
1548934298.577278,7
1548934298.590507,15
1548934298.603831,10
1548934298.617085,14
1548934298.630340,17
1548934298.643615,10
1548934298.656869,14
1548934298.670077,11
1548934298.683337,13
1548934298.696592,15
1548934298.709829,11
1548934298.723128,9
1548934298.736385,14
1548934298.749615,9
1548934298.762838,12
1548934298.776088,14
1548934298.789339,9
1548934298.802581,15
1548934298.815830,12
1548934298.829081,12
1548934298.842304,15
1548934298.855538,10
1548934298.868827,9
1548934298.882031,19
1548934298.895264,10
1548934298.908543,13
1548934298.921722,15
1548934298.934956,8
1548934298.948225,12
1548934298.961452,16
1548934298.974700,12
1548934298.988321,16
1548934299.001589,13
1548934299.014920,10
1548934299.028172,19
1548934299.041438,10
1548934299.054699,11
1548934299.067955,17
1548934299.081204,9
1548934299.094407,12
1548934299.107696,17
1548934299.120985,8
1548934299.134218,12
1548934299.147442,13
1548934299.160716,11
1548934299.173919,14
1548934299.187205,10
1548934299.200501,11
1548934299.214080,16
1548934299.227241,12
1548934299.240645,5
1548934299.253941,15
1548934299.267334,10
1548934299.280683,14
1548934299.294030,14
1548934299.307518,7
1548934299.321171,9
1548934299.334484,18
1548934299.347776,11
1548934299.361178,15
1548934299.374459,10
1548934299.387767,9
1548934299.401087,16
1548934299.414331,9
1548934299.427599,15
1548934299.440909,13
1548934299.454172,16
1548934299.467430,12
1548934299.480696,15
1548934299.493921,9
1548934299.507222,10
1548934299.520424,15
1548934299.534727,11
1548934299.548076,18
1548934299.561493,11
1548934299.574761,15
1548934299.588055,14
1548934299.601311,7
1548934299.614546,14
1548934299.627809,12
1548934299.641104,9
1548934299.654309,12
1548934299.667580,10
1548934299.680903,15
1548934299.694192,11
1548934299.707472,15
1548934299.720737,10
1548934299.733968,10
1548934299.747245,17
1548934299.760499,8
1548934299.773729,12
1548934299.786994,14
1548934299.800226,11
1548934299.813444,13
1548934299.826696,14
1548934299.840000,12
1548934299.853245,18
1548934299.866492,11
1548934299.879739,6
1548934299.893052,17
1548934299.906284,10
1548934299.919607,9
1548934299.932893,16
1548934299.946165,11
1548934299.959444,14
1548934299.972707,9
1548934299.985976,10
1548934299.999248,15
1548934300.012511,10
1548934300.025772,15
1548934300.039053,12
1548934300.052351,9
1548934300.065625,16
1548934300.078855,13
1548934300.092114,4
1548934300.105370,13
1548934300.118575,11
1548934300.132002,13
1548934300.145253,14
1548934300.158469,11
1548934300.171768,14
1548934300.185099,13
1548934300.198342,16
1548934300.211629,10
1548934300.225046,9
1548934300.238482,21
1548934300.251774,11
1548934300.265041,8
1548934300.278348,17
1548934300.292175,9
1548934300.305541,12
1548934300.319222,13
1548934300.333137,11
1548934300.346603,16
1548934300.359959,12
1548934300.373468,7
1548934300.387050,12
1548934300.400633,13
1548934300.414837,11
1548934300.428678,19
1548934300.442161,12
1548934300.455471,7
1548934300.468755,19
1548934300.482010,10
1548934300.495258,12
1548934300.508599,16
1548934300.522002,10
1548934300.535321,17
1548934300.548609,13
1548934300.561876,10
1548934300.575205,17
1548934300.588483,11
1548934300.601698,10
1548934300.614951,13
1548934300.628256,14
1548934300.641490,8
1548934300.654775,15
1548934300.668082,11
1548934300.681348,12
1548934300.694659,12
1548934300.707903,11
1548934300.721212,15
1548934300.734424,9
1548934300.747739,11
1548934300.761013,15
1548934300.774287,11
1548934300.787581,14
1548934300.800870,15
1548934300.814110,9
1548934300.827580,16
1548934300.840892,12
1548934300.854162,8
1548934300.867443,19
1548934300.880737,11
1548934300.893996,16
1548934300.907301,10
1548934300.920592,7
1548934300.933822,17
1548934300.947129,11
1548934300.960440,6
1548934300.973689,16
1548934300.987133,11
1548934301.000499,13
1548934301.013775,9
1548934301.027093,11
1548934301.040413,16
1548934301.053720,9
1548934301.066998,12
1548934301.080242,13
1548934301.093515,10
1548934301.106813,16
1548934301.120044,12
1548934301.133349,9
1548934301.146601,20
1548934301.159939,11
1548934301.173582,6
1548934301.187301,14
1548934301.200876,10
1548934301.214310,15
1548934301.227800,13
1548934301.241510,6
1548934301.255090,16
1548934301.268495,9
1548934301.281994,10
1548934301.295340,16
1548934301.308646,12
1548934301.322231,6
1548934301.335920,15
1548934301.349345,12
1548934301.362881,9
1548934301.376241,11
1548934301.389570,16
1548934301.402844,10
1548934301.416125,6
1548934301.429392,19
1548934301.442642,9
1548934301.455948,12
1548934301.469256,13
1548934301.482485,16
1548934301.495816,14
1548934301.509080,11
1548934301.522313,17
1548934301.535578,13
1548934301.548850,8
1548934301.562090,18
1548934301.575315,13
1548934301.588574,9
1548934301.601818,12
1548934301.615126,9
1548934301.628425,9
1548934301.641656,21
1548934301.655261,13
1548934301.668953,6
1548934301.682421,17
1548934301.696014,11
1548934301.709284,12
1548934301.722560,16
1548934301.735245,11
1548934301.748270,18
1548934301.761559,10
1548934301.774790,10
1548934301.788064,19
1548934301.801323,14
1548934301.814673,5
1548934301.827926,13
1548934301.841188,13
1548934301.854466,10
1548934301.867746,12
1548934301.881000,15
1548934301.894243,16
1548934301.907485,8
1548934301.920754,13
1548934301.934011,15
1548934301.947305,8
1548934301.960572,10
1548934301.973782,15
1548934301.987043,14
1548934302.000319,14
1548934302.013562,9
1548934302.026826,10
1548934302.040028,18
1548934302.053276,10
1548934302.066453,14
1548934302.079730,14
1548934302.092984,8
1548934302.106206,17
1548934302.119418,13
1548934302.132753,11
1548934302.146014,16
1548934302.159285,11
1548934302.172583,12
1548934302.185840,11
1548934302.199115,13
1548934302.212357,15
1548934302.225742,12
1548934302.238891,16
1548934302.252219,13
1548934302.265633,12
1548934302.279540,20
1548934302.293640,14
1548934302.307656,11
1548934302.321860,18
1548934302.336079,11
1548934302.349673,14
1548934302.363296,14
1548934302.376622,9
1548934302.389910,12
1548934302.403223,11
1548934302.416547,9
1548934302.429784,14
1548934302.443045,9
1548934302.456303,18
1548934302.469554,10
1548934302.482821,12
1548934302.496173,12
1548934302.509645,12
1548934302.522928,13
1548934302.536345,13
1548934302.549625,14
1548934302.562910,9
1548934302.576166,15
1548934302.589433,11
1548934302.602719,10
1548934302.615957,14
1548934302.629247,10
1548934302.642470,15
1548934302.655759,13
1548934302.669031,8
1548934302.682274,14
1548934302.695544,13
1548934302.708825,17
1548934302.722068,11
1548934302.735337,8
1548934302.748591,18
1548934302.761831,10
1548934302.775116,8
1548934302.788412,17
1548934302.801624,9
1548934302.814891,10
1548934302.828170,16
1548934302.841451,10
1548934302.854706,8
1548934302.867973,13
1548934302.881356,11
1548934302.894659,18
1548934302.907987,11
1548934302.921287,6
1548934302.934513,15
1548934302.947848,12
1548934302.961134,15
1548934302.974364,11
1548934302.987622,10
1548934303.000882,16
1548934303.014117,13
1548934303.027388,16
1548934303.040664,9
1548934303.053952,10
1548934303.067253,17
1548934303.080537,12
1548934303.093767,4
1548934303.107037,15
1548934303.120327,12
1548934303.133605,8
1548934303.146858,15
1548934303.160144,8
1548934303.173388,13
1548934303.186668,12
1548934303.199976,8
1548934303.213242,15
1548934303.226450,9
1548934303.239823,14
1548934303.253339,13
1548934303.266620,9
1548934303.279816,13
1548934303.293179,12
1548934303.306578,10
1548934303.320216,20
1548934303.333612,15
1548934303.347380,12
1548934303.360950,18
1548934303.374508,12
1548934303.387941,12
1548934303.401408,17
1548934303.414701,11
1548934303.427996,9
1548934303.441301,15
1548934303.454541,11
1548934303.467837,13
1548934303.481231,11
1548934303.494495,12
1548934303.507802,11
1548934303.521062,12
1548934303.534343,14
1548934303.547641,8
1548934303.560973,13
1548934303.574239,16
1548934303.587505,9
1548934303.600761,19
1548934303.614005,10
1548934303.627269,12
1548934303.640529,13
1548934303.653731,15
1548934303.666997,13
1548934303.680244,20
1548934303.693621,12
1548934303.706898,14
1548934303.720160,13
1548934303.733415,15
1548934303.746682,14
1548934303.759539,10
1548934303.772814,14
1548934303.786038,11
1548934303.799319,9
1548934303.812572,10
1548934303.825854,16
1548934303.839144,10
1548934303.852422,10
1548934303.865654,15
1548934303.878922,7
1548934303.892198,12
1548934303.905459,17
1548934303.918737,7
1548934303.932039,12
1548934303.945331,13
1548934303.958614,12
1548934303.971923,15
1548934303.985199,10
1548934303.998461,10
1548934304.011816,17
1548934304.025208,10
1548934304.039363,15
1548934304.052922,14
1548934304.066672,12
1548934304.079990,14
1548934304.093290,12
1548934304.106521,15
1548934304.119921,10
1548934304.133166,17
1548934304.146419,13
1548934304.159680,10
1548934304.172978,18
1548934304.186217,10
1548934304.199506,9
1548934304.212769,15
1548934304.225991,12
1548934304.239452,21
1548934304.253155,12
1548934304.266426,6
1548934304.279715,15
1548934304.293247,7
1548934304.306510,13
1548934304.319930,14
1548934304.333459,10
1548934304.347180,12
1548934304.360870,10
1548934304.374100,13
1548934304.387400,14
1548934304.400658,11
1548934304.413918,17
1548934304.427208,12
1548934304.440475,6
1548934304.453717,16
1548934304.467011,12
1548934304.480300,10
1548934304.493537,11
1548934304.506777,14
1548934304.520069,9
1548934304.533325,16
1548934304.546507,12
1548934304.559842,14
1548934304.573150,12
1548934304.586342,8
1548934304.599638,18
1548934304.613100,11
1548934304.626498,13
1548934304.639812,10
1548934304.653364,15
1548934304.666704,14
1548934304.679973,9
1548934304.693273,9
1548934304.706558,17
1548934304.719859,10
1548934304.733114,11
1548934304.746356,13
1548934304.759630,14
1548934304.772888,7
1548934304.786158,17
1548934304.799462,11
1548934304.812719,15
1548934304.825980,10
1548934304.839304,16
1548934304.852581,13
1548934304.865803,9
1548934304.879078,13
1548934304.892344,12
1548934304.905598,12
1548934304.918862,13
1548934304.932142,11
1548934304.945432,16
1548934304.958694,9
1548934304.971961,14
1548934304.985209,12
1548934304.998423,11
1548934305.011682,12
1548934305.024990,11
1548934305.038254,17
1548934305.051516,9
1548934305.064987,14
1548934305.078471,12
1548934305.092489,15
1548934305.106358,7
1548934305.119630,9
1548934305.133024,14
1548934305.146290,10
1548934305.159563,11
1548934305.172807,15
1548934305.186033,8
1548934305.199364,11
1548934305.212607,13
1548934305.225832,9
1548934305.239089,16
1548934305.252699,12
1548934305.265583,10
1548934305.278688,19
1548934305.292024,12
1548934305.305467,10
1548934305.319262,16
1548934305.332983,11
1548934305.346790,14
1548934305.360220,14
1548934305.373473,13
1548934305.386742,14
1548934305.400011,12
1548934305.413303,10
1548934305.426582,15
1548934305.439842,11
1548934305.453116,16
1548934305.466382,15
1548934305.479653,9
1548934305.492924,16
1548934305.506180,11
1548934305.519429,11
1548934305.532751,16
1548934305.546190,12
1548934305.559462,20
1548934305.572757,15
1548934305.586019,9
1548934305.599311,17
1548934305.612579,10
1548934305.625808,10
1548934305.639083,16
1548934305.652358,10
1548934305.665702,9
1548934305.679114,15
1548934305.692364,9
1548934305.705594,11
1548934305.718878,16
1548934305.732174,9
1548934305.745442,11
1548934305.758614,18
1548934305.771875,12
1548934305.785142,12
1548934305.798400,17
1548934305.811703,10
1548934305.824976,12
1548934305.838243,14
1548934305.851491,9
1548934305.864767,14
1548934305.877987,10
1548934305.891238,12
1548934305.904535,14
1548934305.917752,9
1548934305.931010,17
1548934305.944287,13
1548934305.957537,4
1548934305.970794,19
1548934305.984078,13
1548934305.997322,9
1548934306.010570,17
1548934306.023795,11
1548934306.035370,15
1548934306.047329,10
1548934306.060471,15
1548934306.073544,10
1548934306.086774,10
1548934306.100131,15
1548934306.113430,11
1548934306.127017,16
1548934306.140729,12
1548934306.154107,6
1548934306.167482,14
1548934306.180923,9
1548934306.194280,10
1548934306.207692,15
1548934306.221065,9
1548934306.234583,14
1548934306.248266,13
1548934306.262106,8
1548934306.275396,21
1548934306.288901,12
1548934306.302877,12
1548934306.316560,19
1548934306.329992,11
1548934306.343986,10
1548934306.358038,12
1548934306.372273,9
1548934306.385711,18
1548934306.399121,9
1548934306.412388,12
1548934306.425670,13
1548934306.439010,12
1548934306.452335,16
1548934306.465638,11
1548934306.478964,10
1548934306.492289,17
1548934306.505615,9
1548934306.518916,11
1548934306.532208,15
1548934306.545536,11
1548934306.558878,16
1548934306.572309,11
1548934306.585729,13
1548934306.599192,7
1548934306.612480,12
1548934306.625734,15
1548934306.639171,8
1548934306.652524,13
1548934306.665770,11
1548934306.679257,9
1548934306.692609,16
1548934306.705953,11
1548934306.719323,11
1548934306.732660,15
1548934306.745953,12
1548934306.759255,19
1548934306.772555,14
1548934306.785788,8
1548934306.799117,10
1548934306.812368,15
1548934306.825692,9
1548934306.838981,10
1548934306.852236,16
1548934306.865567,9
1548934306.879049,13
1548934306.892462,19
1548934306.905833,11
1548934306.919160,9
1548934306.932438,21
1548934306.945688,13
1548934306.959009,12
1548934306.972306,11
1548934306.985587,15
1548934306.998954,7
1548934307.012245,15
1548934307.025518,12
1548934307.038769,12
1548934307.052064,21
1548934307.065370,13
1548934307.078684,9
1548934307.091994,17
1548934307.105293,11
1548934307.118584,9
1548934307.131880,17
1548934307.145166,11
1548934307.158478,12
1548934307.171801,15
1548934307.185130,9
1548934307.198411,16
1548934307.211715,14
1548934307.225461,9
1548934307.238840,20
1548934307.252351,10
1548934307.266488,11
1548934307.279905,20
1548934307.293200,11
1548934307.306822,6
1548934307.320118,17
1548934307.333603,10
1548934307.347065,12
1548934307.360591,12
1548934307.374320,10
1548934307.387784,19
1548934307.401176,11
1548934307.414463,9
1548934307.427827,14
1548934307.441128,13
1548934307.454351,12
1548934307.467657,11
1548934307.481677,16
1548934307.495098,10
1548934307.508511,9
1548934307.521871,16
1548934307.535243,9
1548934307.548617,9
1548934307.561922,13
1548934307.575883,10
1548934307.589094,18
1548934307.602904,10
1548934307.616487,12
1548934307.630191,13
1548934307.643732,15
1548934307.657172,13
1548934307.670439,10
1548934307.684370,15
1548934307.697822,13
1548934307.711350,17
1548934307.724870,11
1548934307.738184,7
1548934307.751506,16
1548934307.764793,9
1548934307.778060,9
1548934307.791356,15
1548934307.804627,10
1548934307.817887,14
1548934307.831149,13
1548934307.844546,8
1548934307.857780,16
1548934307.871029,14
1548934307.884487,8
1548934307.897773,18
1548934307.911078,10
1548934307.924327,11
1548934307.937551,17
1548934307.950767,9
1548934307.964046,13
1548934307.977428,15
1548934307.990724,7
1548934308.004068,16
1548934308.017342,14
1548934308.030642,9
1548934308.043959,14
1548934308.057281,10
1548934308.070561,11
1548934308.083949,13
1548934308.097266,10
1548934308.110664,14
1548934308.124060,14
1548934308.137351,9
1548934308.150809,14
1548934308.164152,14
1548934308.177589,11
1548934308.190928,15
1548934308.204160,14
1548934308.217585,10
1548934308.230906,12
1548934308.244374,13
1548934308.257886,12
1548934308.271348,16
1548934308.284950,11
1548934308.298385,9
1548934308.312193,16
1548934308.325741,6
1548934308.339087,15
1548934308.352539,10
1548934308.366202,8
1548934308.380075,17
1548934308.393343,13
1548934308.406644,5
1548934308.419897,13
1548934308.433137,10
1548934308.446344,11
1548934308.459613,11
1548934308.472855,13
1548934308.486105,12
1548934308.499412,9
1548934308.512728,15
1548934308.525955,10
1548934308.539258,13
1548934308.552530,13
1548934308.565706,13
1548934308.578972,12
1548934308.592241,21
1548934308.605516,14
1548934308.618768,11
1548934308.631998,20
1548934308.645297,12
1548934308.658494,8
1548934308.671808,14
1548934308.685171,8
1548934308.698400,11
1548934308.712132,15
1548934308.725465,11
1548934308.740497,15
1548934308.753879,12
1548934308.766839,9
1548934308.779092,17
1548934308.792553,10
1548934308.805469,16
1548934308.819294,8
1548934308.832989,15
1548934308.846351,14
1548934308.859937,13
1548934308.874127,20
1548934308.887627,12
1548934308.901016,9
1548934308.914421,13
1548934308.927764,11
1548934308.941097,20
1548934308.954381,13
1548934308.967721,12
1548934308.981001,15
1548934308.994307,9
1548934309.007592,15
1548934309.021036,12
1548934309.034350,10
1548934309.047666,12
1548934309.061061,11
1548934309.074365,10
1548934309.087731,18
1548934309.101011,10
1548934309.114289,6
1548934309.127569,14
1548934309.140830,11
1548934309.154104,17
1548934309.167404,12
1548934309.180788,15
1548934309.194080,9
1548934309.207400,14
1548934309.220666,11
1548934309.233913,11
1548934309.247290,20
1548934309.260682,11
1548934309.274601,11
1548934309.287374,15
1548934309.301163,13
1548934309.315043,19
1548934309.328428,11
1548934309.341741,7
1548934309.355363,18
1548934309.368750,14
1548934309.382413,12
1548934309.395910,19
1548934309.409745,11
1548934309.423117,9
1548934309.436448,15
1548934309.449704,11
1548934309.463038,9
1548934309.477148,14
1548934309.491146,11
1548934309.504552,20
1548934309.518136,11
1548934309.532642,8
1548934309.547145,14
1548934309.561914,14
1548934309.575272,12
1548934309.588524,15
1548934309.602288,10
1548934309.616646,17
1548934309.630163,12
1548934309.643704,10
1548934309.657108,17
1548934309.670430,12
1548934309.683807,9
1548934309.697183,13
1548934309.710493,14
1548934309.723854,16
1548934309.737126,12
1548934309.750418,16
1548934309.763756,15
1548934309.777018,10
1548934309.790258,13
1548934309.803496,14
1548934309.816626,13
1548934309.829916,12
1548934309.843197,11
1548934309.856497,20
1548934309.869729,13
1548934309.883191,9
1548934309.896534,19
1548934309.909861,13
1548934309.923196,8
1548934309.936493,17
1548934309.949740,11
1548934309.963045,8
1548934309.976389,15
1548934309.989676,12
1548934310.002972,14
1548934310.016346,10
1548934310.029632,8
1548934310.042928,20
1548934310.056261,11
1548934310.069534,9
1548934310.082959,18
1548934310.096288,9
1548934310.109733,7
1548934310.123049,17
1548934310.136339,10
1548934310.149650,8
1548934310.162949,18
1548934310.176226,12
1548934310.189510,10
1548934310.202775,14
1548934310.216136,9
1548934310.229418,9
1548934310.242741,19
1548934310.256022,10
1548934310.269599,9
1548934310.283251,9
1548934310.296829,14
1548934310.310181,8
1548934310.323901,13
1548934310.337226,15
1548934310.350731,10
1548934310.364045,16
1548934310.377755,13
1548934310.391162,11
1548934310.404340,20
1548934310.417690,12
1548934310.430967,11
1548934310.444621,13
1548934310.457924,15
1548934310.471241,12
1548934310.484645,12
1548934310.497946,18
1548934310.511391,9
1548934310.524695,15
1548934310.537926,9
1548934310.551346,9
1548934310.564664,16
1548934310.578380,8
1548934310.592165,9
1548934310.605461,17
1548934310.618841,10
1548934310.632162,9
1548934310.645538,13
1548934310.658850,8
1548934310.672150,12
1548934310.685466,14
1548934310.698791,13
1548934310.712158,17
1548934310.725410,11
1548934310.738714,10
1548934310.751993,13
1548934310.765362,11
1548934310.778585,13
1548934310.791878,20
1548934310.805143,12
1548934310.818417,7
1548934310.831693,18
1548934310.844960,9
1548934310.858258,15
1548934310.871522,12
1548934310.884859,10
1548934310.898168,17
1548934310.911448,11
1548934310.924807,10
1548934310.938143,18
1548934310.951445,12
1548934310.964752,8
1548934310.977992,16
1548934310.991543,13
1548934311.005278,5
1548934311.018918,17
1548934311.032379,9
1548934311.045857,11
1548934311.059354,14
1548934311.072744,12
1548934311.086148,15
1548934311.099483,12
1548934311.112858,10
1548934311.126191,13
1548934311.139569,14
1548934311.152862,10
1548934311.166404,15
1548934311.180054,13
1548934311.193377,10
1548934311.206728,15
1548934311.220212,10
1548934311.233577,11
1548934311.247143,14
1548934311.260569,8
1548934311.274104,11
1548934311.287845,13
1548934311.301246,10
1548934311.314691,11
1548934311.328101,15
1548934311.341265,8
1548934311.355035,12
1548934311.368482,14
1548934311.382149,10
1548934311.395252,13
1548934311.409206,11
1548934311.422621,10
1548934311.435960,15
1548934311.449342,9
1548934311.462681,11
1548934311.476020,16
1548934311.489620,13
1548934311.503076,17
1548934311.515854,13
1548934311.529011,11
1548934311.543032,18
1548934311.557329,12
1548934311.570636,16
1548934311.583153,10
1548934311.597190,17
1548934311.611269,13
1548934311.625933,8
1548934311.640020,15
1548934311.654007,12
1548934311.667519,8
1548934311.680784,14
1548934311.694446,8
1548934311.708385,12
1548934311.722429,10
1548934311.736025,9
1548934311.749821,14
1548934311.763308,7
1548934311.777342,16
1548934311.791011,13
1548934311.804401,6
1548934311.817541,15
1548934311.830777,12
1548934311.844176,11
1548934311.857469,10
1548934311.870769,18
1548934311.884079,9
1548934311.897341,11
1548934311.910563,14
1548934311.923513,8
1548934311.936682,15
1548934311.949937,11
1548934311.963218,7
1548934311.976473,17
1548934311.989713,12
1548934312.002982,7
1548934312.016240,15
1548934312.029487,14
1548934312.042726,8
1548934312.055963,20
1548934312.069265,9
1548934312.082521,10
1548934312.095794,18
1548934312.109073,8
1548934312.122338,10
1548934312.135637,12
1548934312.148902,10
1548934312.162102,17
1548934312.175370,10
1548934312.188662,14
1548934312.201900,11
1548934312.215237,13
1548934312.228551,10
1548934312.241854,13
1548934312.255107,9
1548934312.268883,13
1548934312.282375,12
1548934312.295923,15
1548934312.309465,11
1548934312.322353,11
1548934312.336167,19
1548934312.350831,11
1548934312.365087,14
1548934312.378843,13
1548934312.392915,7
1548934312.406368,14
1548934312.419721,11
1548934312.433128,8
1548934312.446447,14
1548934312.459770,7
1548934312.473101,16
1548934312.486656,12
1548934312.500134,10
1548934312.513869,16
1548934312.527468,9
1548934312.540806,8
1548934312.554115,13
1548934312.567408,10
1548934312.580975,17
1548934312.594111,15
1548934312.607413,8
1548934312.620881,17
1548934312.634178,10
1548934312.647493,10
1548934312.660781,17
1548934312.674096,11
1548934312.687637,15
1548934312.700929,10
1548934312.714171,7
1548934312.727427,19
1548934312.740765,8
1548934312.754001,11
1548934312.767285,13
1548934312.780631,10
1548934312.794517,19
1548934312.807855,13
1548934312.821152,7
1548934312.834393,16
1548934312.847706,16
1548934312.861151,12
1548934312.874456,19
1548934312.887899,14
1548934312.901240,6
1548934312.915002,18
1548934312.928370,11
1548934312.941646,11
1548934312.955055,16
1548934312.968384,9
1548934312.981742,9
1548934312.995080,14
1548934313.008374,9
1548934313.021761,10
1548934313.035045,12
1548934313.048332,13
1548934313.061632,11
1548934313.074927,12
1548934313.088205,11
1548934313.101438,13
1548934313.114696,10
1548934313.128135,9
1548934313.141410,16
1548934313.154667,8
1548934313.167951,13
1548934313.181403,14
1548934313.194803,12
1548934313.208081,14
1548934313.221352,12
1548934313.234698,7
1548934313.248001,15
1548934313.261267,12
1548934313.274562,10
1548934313.287917,19
1548934313.301966,12
1548934313.315480,9
1548934313.329020,14
1548934313.342777,16
1548934313.356647,7
1548934313.369872,14
1548934313.382840,16
1548934313.396219,9
1548934313.409623,14
1548934313.423276,9
1548934313.436874,9
1548934313.450284,17
1548934313.463751,10
1548934313.477201,14
1548934313.490630,12
1548934313.504057,8
1548934313.517448,15
1548934313.530786,11
1548934313.544083,15
1548934313.557365,11
1548934313.570677,10
1548934313.584101,15
1548934313.597485,11
1548934313.610806,19
1548934313.624226,12
1548934313.637577,10
1548934313.650872,18
1548934313.664266,12
1548934313.677647,7
1548934313.691153,15
1548934313.704540,11
1548934313.717930,6
1548934313.731237,15
1548934313.744490,12
1548934313.758084,11
1548934313.771544,18
1548934313.784980,12
1548934313.798339,13
1548934313.811640,11
1548934313.824384,6
1548934313.837264,14
1548934313.850392,13
1548934313.863616,9
1548934313.876875,16
1548934313.890208,11
1548934313.903519,5
1548934313.916814,17
1548934313.930061,10
1548934313.943362,9
1548934313.956603,18
1548934313.969836,8
1548934313.983317,12
1548934313.996575,15
1548934314.009840,10
1548934314.023137,21
1548934314.036412,15
1548934314.049768,7
1548934314.063056,16
1548934314.076358,10
1548934314.089721,15
1548934314.103002,10
1548934314.116424,17
1548934314.129698,10
1548934314.143020,13
1548934314.156440,14
1548934314.169762,8
1548934314.183211,13
1548934314.196548,14
1548934314.209840,10
1548934314.223256,17
1548934314.236597,11
1548934314.249899,8
1548934314.263228,20
1548934314.277052,13
1548934314.291162,11
1548934314.305477,21
1548934314.320028,12
1548934314.334328,9
1548934314.348029,16
1548934314.361622,12
1548934314.375183,10
1548934314.388985,16
1548934314.403009,10
1548934314.416795,10
1548934314.430371,16
1548934314.443913,8
1548934314.457350,15
1548934314.470887,14
1548934314.484313,9
1548934314.497832,17
1548934314.511157,10
1548934314.524468,11
1548934314.537762,15
1548934314.551060,7
1548934314.564384,17
1548934314.577654,13
1548934314.590972,5
1548934314.604250,14
1548934314.617526,11
1548934314.630820,11
1548934314.644104,7
1548934314.657395,14
1548934314.670684,14
1548934314.684139,12
1548934314.697464,17
1548934314.710786,10
1548934314.724225,10
1548934314.737542,18
1548934314.750836,7
1548934314.764157,14
1548934314.777438,13
1548934314.790894,14
1548934314.804212,14
1548934314.817557,9
1548934314.830875,15
1548934314.844199,12
1548934314.857499,12
1548934314.870818,13
1548934314.884181,9
1548934314.897444,14
1548934314.910720,16
1548934314.924062,10
1548934314.937366,16
1548934314.950652,11
1548934314.963971,7
1548934314.976956,15
1548934314.990129,14
1548934315.003499,10
1548934315.016903,16
1548934315.030183,12
1548934315.043526,11
1548934315.056844,12
1548934315.070081,11
1548934315.083883,18
1548934315.097088,9
1548934315.110053,10
1548934315.122905,17
1548934315.135911,9
1548934315.147617,10
1548934315.159389,9
